#  fam    ele   dir  sequence    start     end
     1      1  1       gi|1      832     1846 
     1     30 -1      gi|11    20817    21830 
     2      2  1       gi|1     1876     2536 
     2    342 -1      gi|34    22154    22815 
     2    393  1      gi|38    10593    10875 
     2    561 -1       gi|8     3528     3589 
     2    575  1      gi|38     9798    10015 
     3      4  1       gi|1     2951     3401 
     3    341 -1      gi|34    21717    22164 
     3    309  1      gi|31    37172    37512 
     3    491 -1      gi|44    22051    22132 
     4      5  1       gi|1     7728     7836 
     4    238 -1      gi|27    15962    16070 
     5      6  1       gi|1    10383    10434 
     5    546 -1       gi|6    21773    21843 
     6      7  1       gi|1    16412    16737 
     6    340 -1      gi|34    21392    21719 
     7      8  1       gi|1    16758    16853 
     7    337 -1      gi|34    21056    21151 
     8      9  1       gi|1    24685    24838 
     8    374  1      gi|36    30609    30767 
     9     10  1       gi|1    29882    32995 
     9    240  1      gi|27    18581    21666 
    10     11  1      gi|10      704      835 
    10    136 -1      gi|19    10377    10507 
    11     12  1      gi|10     7905     7956 
    11    292 -1      gi|30    28639    28776 
    11    276 -1      gi|29    25818    25887 
    12     13  1      gi|10     8160     8311 
    12    539 -1       gi|5    37539    38469 
    12    323  1      gi|32    29078    30014 
    12     14  1      gi|10     8686     9121 
    13     15  1      gi|10    20294    21011 
    13    455  1      gi|42    12207    12921 
    14     16  1      gi|10    22953    23137 
    14    245  1      gi|28     6240     6430 
    15     17  1      gi|10    26917    27589 
    15    436  1      gi|40    34193    34856 
    16     18  1      gi|10    29225    29274 
    16     40  1      gi|12     8534     8602 
    16    577  1       gi|4    17346    17417 
    16    104  1      gi|16    15315    15362 
    16    118  1      gi|17    32595    32658 
    17     19  1      gi|10    30789    31831 
    17    550 -1       gi|6    35120    36177 
    18     20  1      gi|10    31989    32313 
    18    171 -1      gi|21    25116    25462 
    18    222 -1      gi|25    33849    34149 
    19     22  1      gi|10    38744    38818 
    20     23  1      gi|11      697      932 
    20    468  1      gi|43    20896    21141 
    21     24  1      gi|11     5613     6831 
    21     91 -1      gi|15    15354    16597 
    21    204  1      gi|24    16727    16923 
    22     25  1      gi|11     6954     7012 
    22    225  1      gi|25    37358    37449 
    22    587  1      gi|33    12823    12958 
    22    247 -1      gi|28    10045    10108 
    22    645  1      gi|35    18670    18781 
    23     26  1      gi|11    14878    14929 
    23    201  1      gi|24     5780     5834 
    24     28  1      gi|11    17633    17952 
    24     92 -1      gi|15    22559    22642 
    24    179  1      gi|22     1666     1909 
    24    489  1      gi|44    21391    21593 
    25     29  1      gi|11    20633    20866 
    25    362 -1      gi|36    12281    12494 
    25    630 -1       gi|2    16308    16358 
    25    656 -1       gi|8     1660     1753 
    25    401 -1      gi|38    25232    25297 
    25    651 -1      gi|38    23155    23211 
    26     31  1      gi|11    24305    24382 
    26    315  1      gi|32    17979    18053 
    27     32  1      gi|11    25541    27013 
    27    140 -1      gi|19    32880    34370 
    27    313 -1      gi|32    15000    15146 
    28     33  1      gi|11    28005    28101 
    28    275  1      gi|29    23153    23239 
    29     34  1      gi|11    28619    28727 
    29    141 -1      gi|19    34691    34802 
    30     35  1      gi|11    29924    30858 
    30    120  1      gi|17    35258    36198 
    31     37  1      gi|12       73      188 
    31    132 -1      gi|18    33400    33497 
    31     84 -1      gi|15     3847     3916 
    31    586  1       gi|7    10857    10918 
    32     38  1      gi|12     5621     5665 
    32    467  1      gi|43    13797    13842 
    33     39  1      gi|12     7685     7767 
    33    216  1      gi|25    10751    10864 
    34     42  1      gi|12    17949    18038 
    34    273 -1      gi|29    14819    14904 
    35     44  1      gi|12    21556    21611 
    35    379 -1      gi|37      971     1059 
    36     45  1      gi|12    23035    23143 
    36     96 -1      gi|15    25916    26072 
    36    164 -1      gi|21     1596     1637 
    36    163 -1      gi|21     1242     1313 
    36    410 -1      gi|39    11525    11678 
    37     46  1      gi|12    27104    27212 
    37    106 -1      gi|16    19980    20084 
    38     47  1      gi|12    27920    28031 
    38    689  1      gi|35     7231     7340 
    38    664  1      gi|39    19667    19704 
    38    690  1      gi|47     7000     7051 
    39     48  1      gi|12    30064    30186 
    39    149 -1       gi|2    28946    29070 
    40     49  1      gi|12    30200    30242 
    40    597  1      gi|22     8435     8477 
    40    598  1      gi|45      150      193 
    40    606  1       gi|8    16057    16105 
    40    498  1      gi|45    16939    16986 
    40    595 -1       gi|7    39472    39524 
    40    654  1      gi|45     8645     8692 
    40    691  1      gi|16    29821    29864 
    40    445  1      gi|41    31564    31627 
    40    650  1      gi|43    37115    37177 
    40    655  1      gi|46    35224    35265 
    40    659  1      gi|11    39443    39484 
    40    555  1       gi|7    25102    25142 
    40    658  1      gi|33    21500    21538 
    40    540 -1       gi|6     3391     3428 
    40    661 -1      gi|32    18231    18271 
    41     50  1      gi|12    30675    30884 
    41    320 -1      gi|32    20902    21107 
    42     51  1      gi|12    31181    31433 
    42    319 -1      gi|32    20346    20601 
    43     52  1      gi|12    32365    32434 
    43    226 -1      gi|26     3074     3143 
    44     53  1      gi|12    33487    33572 
    44    336  1      gi|34    17783    18228 
    44    169  1      gi|21    13232    13679 
    45     54  1      gi|12    36077    36185 
    45    173  1      gi|21    35716    35823 
    46     55  1      gi|12    38097    38670 
    46    283  1       gi|3    37407    37957 
    46     75  1      gi|14     1114     1432 
    46    234 -1      gi|27     1595     1700 
    47     56  1      gi|13        1      410 
    47    264 -1      gi|28    36407    36795 
    48     57  1      gi|13      686     1340 
    48    263 -1      gi|28    35793    36446 
    49     58  1      gi|13     1440     1867 
    49    298  1      gi|31     3784     4205 
    50     59  1      gi|13     2280     2363 
    50    212  1      gi|25     2097     2241 
    50     74  1      gi|13    27699    27943 
    50    127 -1      gi|18    22664    22744 
    50    239  1      gi|27    17975    18060 
    51     60  1      gi|13     2608     2664 
    51    262 -1      gi|28    34604    34746 
    51     61  1      gi|13     3243     3369 
    52     62  1      gi|13     5997     6626 
    52    259 -1      gi|28    30303    30928 
    53     63  1      gi|13     7231     7633 
    53    258 -1      gi|28    29606    30007 
    54     64  1      gi|13     7982     9893 
    54    257 -1      gi|28    27347    29296 
    55     65  1      gi|13    12621    13469 
    55    256 -1      gi|28    23497    24403 
    56     66  1      gi|13    14669    14715 
    56    255 -1      gi|28    20722    21274 
    56     68  1      gi|13    15981    16533 
    56     70  1      gi|13    19110    19657 
    57     67  1      gi|13    15136    15906 
    57    260  1      gi|28    33634    34397 
    58     69  1      gi|13    17086    17235 
    58    109 -1      gi|16    33856    33928 
    58    254 -1      gi|28    20470    20652 
    58     71  1      gi|13    20229    20411 
    58    261  1      gi|28    34419    34568 
    59     72  1      gi|13    22788    23689 
    59    208 -1      gi|24    35819    36737 
    60     73  1      gi|13    26361    26405 
    60    253 -1      gi|28    20401    20445 
    61     76  1      gi|14     3009     3070 
    61    429  1       gi|4    32935    32999 
    62     77  1      gi|14    10591    10785 
    62    376  1      gi|36    35462    35656 
    63     78  1      gi|14    26834    27137 
    63    529 -1       gi|5     3517     3811 
    64     79  1      gi|14    30028    32128 
    64    438  1      gi|41     5337     5781 
    64    464  1      gi|43     6579     8695 
    65     80  1      gi|14    32188    32673 
    65    303  1      gi|31    24939    25073 
    65    483  1      gi|44     7235     7296 
    65    602  1      gi|33    28970    29413 
    65    601  1      gi|33    28927    28968 
    65    296  1      gi|30    38689    38772 
    66     81  1      gi|14    33263    33344 
    66    510 -1      gi|46     8872     9089 
    66    408 -1      gi|39     6661     6845 
    67     82  1      gi|14    34429    34573 
    67    242 -1      gi|27    28823    28967 
    68     83  1      gi|14    39247    39347 
    68     86 -1      gi|15     5912     6043 
    69     85  1      gi|15     5073     5173 
    69    324  1      gi|33     5076     5173 
    70     87  1      gi|15     6140     6229 
    70    159  1      gi|20    34464    34553 
    71     88  1      gi|15    11005    11079 
    71    142 -1       gi|2    12540    12618 
    71    364 -1      gi|36    13965    14041 
    71    519  1      gi|47     1455     1497 
    72     89  1      gi|15    11551    11674 
    72    114 -1      gi|17    21828    21971 
    72    439 -1      gi|41     6933     7001 
    72    119 -1      gi|17    34048    34080 
    73     93  1      gi|15    22743    22851 
    74     94  1      gi|15    23082    24099 
    74    100  1      gi|16     4156     5172 
    75     95  1      gi|15    25215    25345 
    76     98  1      gi|16       11      835 
    76    243 -1      gi|27    35963    36782 
    77     99  1      gi|16     1189     1252 
    77    221  1      gi|25    26669    26757 
    77    644 -1      gi|31    37136    37168 
    78    101  1      gi|16     5495     5526 
    79    102  1      gi|16     6421     6635 
    79    248  1      gi|28    10545    10755 
    80    103  1      gi|16     6600     6963 
    80    249  1      gi|28    10958    11320 
    81    105  1      gi|16    17191    17241 
    81    343 -1      gi|34    23499    23577 
    81    147  1       gi|2    26043    26118 
    82    107  1      gi|16    23152    23641 
    82    493  1      gi|44    28071    28704 
    82    295  1      gi|30    35512    36088 
    82    556 -1       gi|7    36494    37045 
    82    524  1      gi|47    15957    16586 
    82    115 -1      gi|17    24584    24758 
    82    188  1      gi|23     9904    10122 
    82    314 -1      gi|32    15106    15227 
    82    465  1      gi|43    10619    11213 
    83    110  1      gi|17        1     2028 
    83    195 -1      gi|23    23143    25171 
    83    453 -1      gi|42    10620    10698 
    84    111  1      gi|17     2023     2067 
    84    537  1       gi|5    32876    32920 
    85    112  1      gi|17     3498     3817 
    85    553  1       gi|6    39635    39955 
    86    113  1      gi|17     9140     9229 
    86    447 -1      gi|41    40051    40098 
    87    116  1      gi|17    31534    31734 
    87    373  1      gi|36    27896    28338 
    87    117  1      gi|17    31674    32085 
    87    378 -1      gi|36    39166    39431 
    87    570 -1       gi|8    38617    38723 
    88    121  1      gi|17    36267    36362 
    88    353 -1      gi|35    15076    15177 
    89    122  1      gi|17    39107    39152 
    89    128  1      gi|18    23020    24371 
    89    170 -1      gi|21    21956    23316 
    90    123  1      gi|18     4880     4958 
    90    520  1      gi|47     3262     3369 
    91    124  1      gi|18     7035     9095 
    91    215 -1      gi|25     6801     8562 
    91    372 -1      gi|36    25956    27914 
    91    523 -1      gi|47    13362    15179 
    91    535 -1       gi|5    22272    24429 
    91    569  1       gi|8    36633    38610 
    92    125  1      gi|18    10378    12936 
    92    214 -1      gi|25     2515     4949 
    92    431  1      gi|40        1     2580 
    92    522 -1      gi|47     8960    11511 
    92    534 -1       gi|5    18476    20989 
    92    367 -1      gi|36    22354    24553 
    92    213 -1      gi|25     2352     2475 
    92    368 -1      gi|36    24557    24790 
    93    129  1      gi|18    26193    26543 
    93    312  1      gi|32     7522     7863 
    94    130  1      gi|18    32795    33103 
    94    526  1      gi|47    30572    30809 
    95    131  1      gi|18    33072    33213 
    95    356  1      gi|35    23571    23666 
    95    427 -1       gi|4    23277    23396 
    95    544  1       gi|6    11232    11370 
    96    133  1      gi|18    34892    34985 
    96    156 -1      gi|20    21214    21308 
    97    134  1      gi|18    36542    36765 
    97    548 -1       gi|6    31370    31593 
    98    135  1      gi|19     8970     9016 
    98    437 -1      gi|41      830      877 
    99    137  1      gi|19    15930    15994 
    99    146  1       gi|2    20646    20717 
   100    138  1      gi|19    16202    16289 
   100    458 -1      gi|42    39717    39806 
   101    139  1      gi|19    22733    22861 
   101    443 -1      gi|41    20301    20429 
   102    144  1       gi|2    17859    18001 
   102    286  1      gi|30    11852    11981 
   103    145  1       gi|2    18107    18564 
   103    287  1      gi|30    11957    12408 
   104    148  1       gi|2    28793    28862 
   104    278 -1       gi|3     2224     2382 
   104    291 -1      gi|30    26253    26333 
   105    150  1       gi|2    32559    32615 
   105    289  1      gi|30    22835    22888 
   106    151  1       gi|2    39142    39207 
   106    565  1       gi|8    23802    24343 
   106    581  1      gi|38    12151    12642 
   106    631  1      gi|21    35788    36203 
   107    152  1      gi|20     5475     6437 
   107    508 -1      gi|46     4675     5594 
   108    153  1      gi|20     7798     7897 
   108    355  1      gi|35    20632    20690 
   108    448 -1      gi|42      327      399 
   108    456  1      gi|42    19610    19681 
   109    154  1      gi|20    17430    18046 
   109    397  1      gi|38    16688    17236 
   109    646 -1       gi|4    37586    38188 
   109    398  1      gi|38    18426    18898 
   109    478  1      gi|43    32604    32900 
   109    490  1      gi|44    21719    21862 
   109    649  1      gi|43    34057    34658 
   110    155  1      gi|20    18178    18277 
   110    580 -1      gi|12    19717    19754 
   111    157  1      gi|20    22849    22965 
   111    220  1      gi|25    25348    25467 
   112    158  1      gi|20    29604    29670 
   112    207  1      gi|24    32597    32661 
   113    160  1      gi|20    39289    39572 
   113    488  1      gi|44    19754    19928 
   114    161  1      gi|21      842      944 
   115    162  1      gi|21     1007     1110 
   116    166  1      gi|21     9550     9693 
   116    423 -1       gi|4    12010    12087 
   117    167  1      gi|21    11335    11424 
   117    334  1      gi|34    16399    16491 
   118    168  1      gi|21    12014    12654 
   118    335  1      gi|34    16574    17199 
   119    172  1      gi|21    32658    32787 
   119    385  1      gi|37    24451    24547 
   120    175  1      gi|21    37766    38842 
   120    395  1      gi|38    13547    15071 
   120    567  1       gi|8    25314    26913 
   121    177  1      gi|22     1346     1468 
   121    532  1       gi|5    14221    14336 
   122    178  1      gi|22     1473     1671 
   122    533  1       gi|5    15872    16069 
   123    182  1      gi|22    16628    16684 
   124    183  1      gi|22    28026    28068 
   124    426  1       gi|4    21973    22028 
   124    564  1       gi|8    17329    17386 
   125    184  1      gi|22    28048    28089 
   125    469  1      gi|43    21454    21513 
   125    268  1      gi|29     2250     2306 
   126    185  1      gi|22    33101    35059 
   126    197 -1      gi|23    30197    32141 
   127    186  1      gi|22    36196    40132 
   127    196 -1      gi|23    25172    29106 
   128    187  1      gi|23      249      421 
   129    189  1      gi|23    10950    11057 
   129    503 -1      gi|45    35394    35503 
   130    191  1      gi|23    13105    13363 
   130    419 -1      gi|39    38156    38401 
   131    192  1      gi|23    15385    15443 
   131    211 -1      gi|25     1382     1435 
   131    193  1      gi|23    15553    15611 
   132    194  1      gi|23    18260    18447 
   132    420 -1      gi|39    38860    39047 
   133    200  1      gi|23    37931    38103 
   133    347  1      gi|34    39827    39999 
   134    202  1      gi|24     7721     7778 
   134    277  1      gi|29    30112    30227 
   134    449 -1      gi|42     3609     3730 
   134    463 -1      gi|43     4803     4886 
   135    203  1      gi|24    10129    11383 
   135    322 -1      gi|32    25922    27176 
   136    205  1      gi|24    18978    19131 
   136    415  1      gi|39    24215    24357 
   137    206  1      gi|24    30336    30374 
   137    507  1      gi|46     3033     3068 
   138    209  1      gi|24    39553    39657 
   138    402 -1      gi|38    25357    25461 
   139    210  1      gi|24    39757    39956 
   139    538 -1       gi|5    37264    37479 
   140    217  1      gi|25    10973    11248 
   140    305  1      gi|31    31630    31921 
   141    218  1      gi|25    11686    12011 
   141    306  1      gi|31    32317    32642 
   142    219  1      gi|25    13760    14665 
   142    545 -1       gi|6    17510    18411 
   143    223  1      gi|25    34246    34503 
   143    452  1      gi|42     7057     7337 
   144    224  1      gi|25    35632    35691 
   144    583 -1      gi|10    33836    33896 
   144    499  1      gi|45    21813    21866 
   144    584 -1      gi|12    12216    12273 
   144    585 -1      gi|22    12240    12290 
   145    228  1      gi|26    14451    14588 
   145    274 -1      gi|29    15473    15600 
   146    229  1      gi|26    22306    22355 
   146    505 -1      gi|46      471      519 
   147    230  1      gi|26    24642    24906 
   147    294  1      gi|30    31452    31717 
   148    231  1      gi|26    29151    29625 
   148    304 -1      gi|31    29939    30413 
   149    232  1      gi|26    33081    33222 
   149    496  1      gi|45     6043     6198 
   150    233  1      gi|26    38379    40078 
   150    486 -1      gi|44    15486    17217 
   151    235  1      gi|27    11754    12277 
   151    381  1      gi|37    15902    16419 
   152    236  1      gi|27    12541    13212 
   152    382  1      gi|37    16725    17420 
   153    237  1      gi|27    14890    14997 
   153    541  1       gi|6     3595     3675 
   154    241  1      gi|27    26975    27031 
   155    244  1      gi|27    38590    40132 
   155    265 -1      gi|28    36796    38335 
   156    246  1      gi|28     8764     9034 
   156    318 -1      gi|32    19077    19344 
   157    250  1      gi|28    16504    16544 
   157    407  1      gi|39     1461     1556 
   158    251  1      gi|28    19694    19783 
   158    628 -1      gi|45     3199     3362 
   158    272  1      gi|29    13068    13151 
   158    380 -1      gi|37     1520     1613 
   159    252  1      gi|28    19927    20115 
   159    288  1      gi|30    19573    19763 
   160    266  1      gi|29      180      723 
   160    484 -1      gi|44    14577    15090 
   161    269  1      gi|29     6694     6783 
   162    270  1      gi|29     9511     9562 
   163    271  1      gi|29     9963    10149 
   163    471  1      gi|43    26771    26951 
   164    279  1       gi|3    15398    15520 
   165    280  1       gi|3    24276    24423 
   165    293 -1      gi|30    29304    29448 
   166    281  1       gi|3    26236    26529 
   166    377  1      gi|36    38926    39210 
   166    629 -1      gi|45     3364     3470 
   167    282  1       gi|3    26569    26833 
   168    284  1      gi|30      832      900 
   168    375 -1      gi|36    30897    30972 
   169    285  1      gi|30     5012     5188 
   169    502 -1      gi|45    33933    34106 
   170    290  1      gi|30    24542    25335 
   170    441  1      gi|41    18433    19210 
   171    297  1      gi|31     2298     2360 
   171    504  1      gi|45    36769    36840 
   172    299  1      gi|31     5297     5570 
   173    300  1      gi|31    11460    11793 
   173    366  1      gi|36    18958    19234 
   173    451 -1      gi|42     5719     5771 
   173    549  1       gi|6    31673    31815 
   173    588 -1      gi|45    24470    24591 
   173    589 -1      gi|11    17054    17389 
   173    358  1      gi|35    27350    27562 
   174    301  1      gi|31    21768    22302 
   174    404 -1      gi|38    29682    30321 
   174    418  1      gi|39    28416    28842 
   174    417  1      gi|39    28338    28444 
   175    302  1      gi|31    22416    23155 
   175    333 -1      gi|34    15397    16127 
   176    310  1      gi|31    38172    38368 
   177    311  1      gi|32      989     1063 
   177    444 -1      gi|41    29903    29971 
   178    317  1      gi|32    18838    18988 
   178    450  1      gi|42     4036     4186 
   179    321  1      gi|32    23375    23551 
   179    551  1       gi|6    36280    36457 
   179    506 -1      gi|46     2397     2495 
   180    325  1      gi|33     5514     5996 
   180    433 -1      gi|40    17438    17932 
   181    330  1      gi|33    24614    24736 
   181    627 -1      gi|38     1130     1247 
   181    623  1      gi|33    24358    24460 
   182    332  1      gi|33    37714    37956 
   182    543  1       gi|6     8905     9118 
   183    338  1      gi|34    21173    21209 
   183    517  1      gi|46    31847    31931 
   183    339 -1      gi|34    21280    21361 
   184    344  1      gi|34    23609    23709 
   184    542  1       gi|6     3749     3849 
   185    345  1      gi|34    28177    28249 
   185    480 -1      gi|43    36979    37051 
   186    346  1      gi|34    33995    34122 
   186    536  1       gi|5    30120    30157 
   187    349  1      gi|35    12601    13126 
   187    515 -1      gi|46    24637    25159 
   188    350  1      gi|35    13215    13728 
   188    514 -1      gi|46    23819    24320 
   189    351  1      gi|35    13918    14211 
   189    513 -1      gi|46    23428    23728 
   190    352  1      gi|35    14506    14734 
   190    512 -1      gi|46    22765    23002 
   191    357  1      gi|35    25772    25827 
   191    482  1      gi|43    39224    39283 
   192    359  1      gi|36     2537     2962 
   192    459  1      gi|43     2000     2397 
   193    360  1      gi|36     3472     3513 
   194    361  1      gi|36     4906     5012 
   194    530  1       gi|5     7964     8061 
   195    363  1      gi|36    13005    13456 
   195    557  1       gi|7    37253    37719 
   196    365  1      gi|36    15305    15368 
   196    422 -1       gi|4     4328     4394 
   197    369  1      gi|36    24791    24958 
   197    574 -1       gi|9        1      168 
   198    370  1      gi|36    24959    25237 
   198    573 -1       gi|8    39856    40132 
   199    371  1      gi|36    25184    25974 
   199    572 -1       gi|8    39014    39803 
   200    383  1      gi|37    19178    19254 
   200    607  1      gi|15    29506    29571 
   200    609 -1      gi|21     2447     2517 
   200    615 -1      gi|38    15420    15492 
   200    616 -1      gi|18    14371    14429 
   200    618 -1      gi|21    39110    39178 
   200    620 -1       gi|5     8347     8405 
   200    384 -1      gi|37    24387    24454 
   200    624  1      gi|33    24461    24529 
   200    626 -1      gi|38     1064     1123 
   201    386  1      gi|37    28011    28061 
   201    528 -1       gi|5     1078     1125 
   202    387  1      gi|37    36946    37080 
   202    440  1      gi|41     9070     9204 
   203    389  1      gi|38     1337     1580 
   203    462 -1      gi|43     4269     4515 
   204    390  1      gi|38     1987     2613 
   204    461 -1      gi|43     3256     3874 
   205    391  1      gi|38     3052     3186 
   205    460 -1      gi|43     2671     2806 
   206    399  1      gi|38    21591    21643 
   207    403  1      gi|38    27528    27649 
   207    432 -1      gi|40     5011     5050 
   207    509 -1      gi|46     6229     6264 
   208    405  1      gi|38    39108    39281 
   208    560  1       gi|8     2241     2414 
   209    409  1      gi|39     7232     7513 
   209    571 -1       gi|8    38788    38860 
   210    413  1      gi|39    18585    19164 
   210    428 -1       gi|4    27459    28035 
   211    416  1      gi|39    24630    25916 
   211    500  1      gi|45    21958    23241 
   212    421  1       gi|4      297      374 
   213    424  1       gi|4    14316    14390 
   214    434  1      gi|40    24070    24264 
   215    446  1      gi|41    33056    33141 
   215    562 -1       gi|8     3721     3807 
   216    454  1      gi|42    10739    10809 
   216    527 -1       gi|5      735      803 
   217    466  1      gi|43    12255    12468 
   217    492  1      gi|44    27641    27854 
   218    472  1      gi|43    26987    27102 
   218    591  1      gi|29      974     1089 
   218    474  1      gi|43    27240    27354 
   218    476  1      gi|43    27492    27585 
   218    671 -1      gi|43    27052    27113 
   218    674 -1      gi|43    27304    27365 
   218    679 -1      gi|26     7726     7784 
   219    525  1      gi|47    21753    21795 
   220    547  1       gi|6    23613    23756 
   221    552  1       gi|6    36798    37082 
   222    566  1       gi|8    24413    24882 
   222    632  1      gi|21    36238    36996 
   222    582  1      gi|38    12643    13435 
   223    568  1       gi|8    27049    27166 
   223    614  1      gi|38    15160    15419 
   223    617  1      gi|21    38859    39105 
   223    625 -1       gi|5     8420     8464 
   224    576  1      gi|38    10021    10278 
   224    579  1       gi|1     2539     2804 
   225    578  1       gi|1     2316     2539 
   226    592  1      gi|29     1094     1137 
   226    599 -1      gi|26     7661     7726 
   226    603 -1      gi|44    15203    15259 
   227    605  1       gi|8    15745    16055 
   227    653  1      gi|45     8336     8642 
   228    611  1      gi|21    39190    39241 
   228    613  1      gi|38    15492    15558 
   229    634  1      gi|23    33284    33398 
   229    636  1      gi|42    28077    28183 
   229    638  1      gi|44    18116    18221 
   229    639  1      gi|46     9737     9848 
   229    641 -1      gi|38    39258    39359 
   229    643  1      gi|40    28849    28957 
   229    642  1      gi|23    33174    33267 
   230    637  1      gi|42    28188    28260 
   230    640  1      gi|46     9849     9920 
   231    647  1       gi|4    38190    38278 
   231    648 -1      gi|43    33968    34055 
   232    652  1      gi|38    23219    23696 
   232    657  1       gi|8     1754     2240 
   233    662  1      gi|46    30530    30568 
   234    663  1      gi|46    30574    30678 
   234    681  1      gi|44    15269    15421 
   234    666 -1      gi|33     9299     9397 
   234    667 -1      gi|15    15210    15312 
   234    668  1      gi|31    35663    35775 
   234    672 -1      gi|43    27116    27166 
   234    675 -1      gi|43    27368    27418 
   234    680  1      gi|26     7785     7888 
   234    683  1      gi|11    39489    39612 
   234    685  1      gi|39    12653    12701 
   234    686 -1      gi|43    26599    26648 
   234    688 -1      gi|41    19450    19564 
   234    669  1      gi|39    12902    12952 
   234    677 -1      gi|43    27589    27639 
   234    684  1      gi|23    12766    12819 
   235    682  1      gi|44    15424    15471 
   235    687 -1      gi|41    19403    19442 
