1 gi|1 832 1846
2 gi|1 1876 2537
3 gi|1 2316 2804
4 gi|1 2951 3401
5 gi|1 7728 7836
6 gi|1 10383 10434
7 gi|1 16412 16737
8 gi|1 16758 16853
9 gi|1 24685 24838
10 gi|1 29882 32995
11 gi|10 704 835
12 gi|10 7905 7956
13 gi|10 8160 8311
14 gi|10 8686 9121
15 gi|10 20294 21011
16 gi|10 22953 23137
17 gi|10 26917 27589
18 gi|10 29225 29278
19 gi|10 30789 31831
20 gi|10 31989 32313
21 gi|10 33824 33927
22 gi|10 38744 38818
23 gi|11 697 932
24 gi|11 5613 6831
25 gi|11 6954 7012
26 gi|11 14878 14929
27 gi|11 17022 17389
28 gi|11 17633 17956
29 gi|11 20633 20866
30 gi|11 20817 21830
31 gi|11 24305 24382
32 gi|11 25541 27013
33 gi|11 28005 28101
34 gi|11 28619 28727
35 gi|11 29924 30858
36 gi|11 39433 39652
37 gi|12 73 192
38 gi|12 5621 5665
39 gi|12 7685 7767
40 gi|12 8532 8603
41 gi|12 12193 12280
42 gi|12 17949 18038
43 gi|12 19712 19769
44 gi|12 21553 21614
45 gi|12 23032 23146
46 gi|12 27104 27212
47 gi|12 27920 28032
48 gi|12 30064 30186
49 gi|12 30194 30244
50 gi|12 30675 30884
51 gi|12 31181 31433
52 gi|12 32365 32434
53 gi|12 33487 33572
54 gi|12 36077 36185
55 gi|12 38097 38670
56 gi|13 1 410
57 gi|13 686 1340
58 gi|13 1440 1867
59 gi|13 2280 2363
60 gi|13 2608 2664
61 gi|13 3243 3369
62 gi|13 5997 6626
63 gi|13 7231 7633
64 gi|13 7982 9893
65 gi|13 12621 13469
66 gi|13 14669 14715
67 gi|13 15136 15906
68 gi|13 15981 16533
69 gi|13 17086 17235
70 gi|13 19110 19657
71 gi|13 20229 20411
72 gi|13 22788 23689
73 gi|13 26361 26405
74 gi|13 27694 27943
75 gi|14 1114 1432
76 gi|14 3009 3070
77 gi|14 10591 10785
78 gi|14 26834 27137
79 gi|14 30028 32128
80 gi|14 32178 32673
81 gi|14 33263 33344
82 gi|14 34429 34573
83 gi|14 39247 39352
84 gi|15 3847 3916
85 gi|15 5073 5173
86 gi|15 5912 6043
87 gi|15 6140 6229
88 gi|15 11005 11079
89 gi|15 11551 11674
90 gi|15 15194 15337
91 gi|15 15354 16597
92 gi|15 22559 22642
93 gi|15 22738 22851
94 gi|15 23082 24099
95 gi|15 25215 25345
96 gi|15 25916 26074
97 gi|15 29490 29586
98 gi|16 11 835
99 gi|16 1186 1252
100 gi|16 4156 5172
101 gi|16 5495 5526
102 gi|16 6421 6635
103 gi|16 6600 6963
104 gi|16 15315 15365
105 gi|16 17191 17241
106 gi|16 19980 20084
107 gi|16 23152 23641
108 gi|16 29800 29889
109 gi|16 33856 33928
110 gi|17 1 2028
111 gi|17 2023 2067
112 gi|17 3498 3817
113 gi|17 9140 9229
114 gi|17 21828 21972
115 gi|17 24584 24758
116 gi|17 31534 31734
117 gi|17 31674 32085
118 gi|17 32595 32658
119 gi|17 34048 34080
120 gi|17 35258 36198
121 gi|17 36267 36362
122 gi|17 39107 39152
123 gi|18 4880 4958
124 gi|18 7035 9095
125 gi|18 10378 12940
126 gi|18 14343 14450
127 gi|18 22664 22744
128 gi|18 23020 24371
129 gi|18 26193 26543
130 gi|18 32795 33103
131 gi|18 33072 33213
132 gi|18 33398 33497
133 gi|18 34892 34985
134 gi|18 36542 36765
135 gi|19 8970 9016
136 gi|19 10377 10507
137 gi|19 15930 15994
138 gi|19 16202 16289
139 gi|19 22733 22861
140 gi|19 32880 34370
141 gi|19 34691 34802
142 gi|2 12540 12623
143 gi|2 16302 16372
144 gi|2 17859 18001
145 gi|2 18107 18564
146 gi|2 20640 20717
147 gi|2 26043 26118
148 gi|2 28793 28862
149 gi|2 28946 29070
150 gi|2 32559 32615
151 gi|2 39142 39207
152 gi|20 5475 6437
153 gi|20 7798 7897
154 gi|20 17429 18048
155 gi|20 18170 18277
156 gi|20 21214 21308
157 gi|20 22849 22965
158 gi|20 29604 29670
159 gi|20 34464 34553
160 gi|20 39289 39572
161 gi|21 842 944
162 gi|21 1007 1110
163 gi|21 1242 1313
164 gi|21 1593 1642
165 gi|21 2442 2542
166 gi|21 9550 9693
167 gi|21 11335 11424
168 gi|21 12014 12654
169 gi|21 13232 13679
170 gi|21 21956 23316
171 gi|21 25116 25464
172 gi|21 32658 32787
173 gi|21 35716 35823
174 gi|21 35788 36996
175 gi|21 37766 38843
176 gi|21 38859 39241
177 gi|22 1346 1468
178 gi|22 1473 1671
179 gi|22 1666 1913
180 gi|22 8417 8492
181 gi|22 12240 12320
182 gi|22 16621 16684
183 gi|22 28026 28068
184 gi|22 28048 28089
185 gi|22 33101 35059
186 gi|22 36196 40132
187 gi|23 249 421
188 gi|23 9904 10122
189 gi|23 10950 11057
190 gi|23 12756 12853
191 gi|23 13105 13363
192 gi|23 15385 15443
193 gi|23 15553 15611
194 gi|23 18260 18447
195 gi|23 23143 25171
196 gi|23 25172 29106
197 gi|23 30197 32141
198 gi|23 33163 33311
199 gi|23 33253 33418
200 gi|23 37931 38103
201 gi|24 5780 5834
202 gi|24 7721 7778
203 gi|24 10129 11383
204 gi|24 16727 16923
205 gi|24 18978 19131
206 gi|24 30336 30374
207 gi|24 32597 32661
208 gi|24 35819 36737
209 gi|24 39553 39657
210 gi|24 39757 39956
211 gi|25 1382 1435
212 gi|25 2097 2247
213 gi|25 2348 2475
214 gi|25 2515 4949
215 gi|25 6801 8564
216 gi|25 10751 10864
217 gi|25 10973 11248
218 gi|25 11686 12011
219 gi|25 13760 14665
220 gi|25 25348 25467
221 gi|25 26669 26757
222 gi|25 33849 34151
223 gi|25 34246 34503
224 gi|25 35622 35692
225 gi|25 37355 37455
226 gi|26 3074 3143
227 gi|26 7661 7915
228 gi|26 14451 14588
229 gi|26 22306 22355
230 gi|26 24642 24906
231 gi|26 29151 29625
232 gi|26 33081 33222
233 gi|26 38379 40078
234 gi|27 1595 1700
235 gi|27 11754 12277
236 gi|27 12541 13212
237 gi|27 14890 14997
238 gi|27 15962 16070
239 gi|27 17975 18060
240 gi|27 18581 21666
241 gi|27 26975 27031
242 gi|27 28823 28967
243 gi|27 35963 36782
244 gi|27 38590 40132
245 gi|28 6240 6430
246 gi|28 8764 9034
247 gi|28 10045 10108
248 gi|28 10545 10755
249 gi|28 10958 11320
250 gi|28 16501 16548
251 gi|28 19690 19788
252 gi|28 19927 20115
253 gi|28 20401 20445
254 gi|28 20470 20652
255 gi|28 20722 21277
256 gi|28 23497 24403
257 gi|28 27347 29296
258 gi|28 29606 30007
259 gi|28 30303 30928
260 gi|28 33634 34397
261 gi|28 34419 34568
262 gi|28 34604 34746
263 gi|28 35793 36446
264 gi|28 36407 36795
265 gi|28 36796 38335
266 gi|29 180 723
267 gi|29 974 1137
268 gi|29 2250 2306
269 gi|29 6694 6783
270 gi|29 9511 9562
271 gi|29 9963 10149
272 gi|29 13065 13154
273 gi|29 14819 14904
274 gi|29 15473 15600
275 gi|29 23153 23239
276 gi|29 25818 25887
277 gi|29 30112 30227
278 gi|3 2224 2382
279 gi|3 15398 15520
280 gi|3 24276 24423
281 gi|3 26236 26529
282 gi|3 26567 26833
283 gi|3 37407 37957
284 gi|30 832 900
285 gi|30 5012 5188
286 gi|30 11852 11981
287 gi|30 11957 12408
288 gi|30 19573 19763
289 gi|30 22835 22888
290 gi|30 24542 25335
291 gi|30 26245 26333
292 gi|30 28635 28776
293 gi|30 29304 29448
294 gi|30 31452 31717
295 gi|30 35510 36088
296 gi|30 38688 38772
297 gi|31 2298 2360
298 gi|31 3784 4205
299 gi|31 5297 5570
300 gi|31 11460 11793
301 gi|31 21768 22307
302 gi|31 22416 23155
303 gi|31 24939 25078
304 gi|31 29939 30413
305 gi|31 31630 31921
306 gi|31 32317 32642
307 gi|31 35632 35783
308 gi|31 37135 37204
309 gi|31 37172 37515
310 gi|31 38172 38368
311 gi|32 989 1063
312 gi|32 7522 7863
313 gi|32 15000 15153
314 gi|32 15106 15227
315 gi|32 17979 18053
316 gi|32 18200 18276
317 gi|32 18838 18988
318 gi|32 19077 19344
319 gi|32 20346 20601
320 gi|32 20902 21107
321 gi|32 23375 23551
322 gi|32 25922 27176
323 gi|32 29078 30014
324 gi|33 5076 5173
325 gi|33 5514 5996
326 gi|33 9280 9423
327 gi|33 12823 12981
328 gi|33 21492 21558
329 gi|33 24358 24577
330 gi|33 24614 24739
331 gi|33 28895 29413
332 gi|33 37714 37956
333 gi|34 15397 16127
334 gi|34 16399 16491
335 gi|34 16574 17199
336 gi|34 17783 18228
337 gi|34 21056 21151
338 gi|34 21173 21209
339 gi|34 21280 21361
340 gi|34 21392 21719
341 gi|34 21717 22164
342 gi|34 22152 22815
343 gi|34 23499 23577
344 gi|34 23609 23709
345 gi|34 28177 28249
346 gi|34 33995 34122
347 gi|34 39827 39999
348 gi|35 7231 7367
349 gi|35 12601 13126
350 gi|35 13215 13728
351 gi|35 13918 14211
352 gi|35 14506 14734
353 gi|35 15076 15177
354 gi|35 18670 18802
355 gi|35 20632 20690
356 gi|35 23571 23666
357 gi|35 25772 25827
358 gi|35 27350 27562
359 gi|36 2537 2962
360 gi|36 3472 3515
361 gi|36 4906 5012
362 gi|36 12280 12494
363 gi|36 13005 13456
364 gi|36 13961 14041
365 gi|36 15305 15368
366 gi|36 18958 19234
367 gi|36 22354 24553
368 gi|36 24557 24790
369 gi|36 24791 24958
370 gi|36 24959 25237
371 gi|36 25184 25974
372 gi|36 25956 27914
373 gi|36 27896 28338
374 gi|36 30609 30767
375 gi|36 30897 30972
376 gi|36 35462 35656
377 gi|36 38926 39210
378 gi|36 39164 39431
379 gi|37 971 1059
380 gi|37 1520 1614
381 gi|37 15902 16419
382 gi|37 16725 17420
383 gi|37 19165 19260
384 gi|37 24380 24459
385 gi|37 24451 24547
386 gi|37 28011 28061
387 gi|37 36946 37080
388 gi|38 1049 1247
389 gi|38 1337 1580
390 gi|38 1987 2613
391 gi|38 3052 3186
392 gi|38 9790 10278
393 gi|38 10593 10876
394 gi|38 12151 13435
395 gi|38 13547 15071
396 gi|38 15159 15558
397 gi|38 16688 17236
398 gi|38 18426 18898
399 gi|38 21587 21644
400 gi|38 23148 23696
401 gi|38 25232 25297
402 gi|38 25357 25461
403 gi|38 27528 27649
404 gi|38 29682 30321
405 gi|38 39108 39281
406 gi|38 39254 39384
407 gi|39 1461 1556
408 gi|39 6661 6845
409 gi|39 7232 7513
410 gi|39 11525 11681
411 gi|39 12635 12732
412 gi|39 12894 12970
413 gi|39 18585 19164
414 gi|39 19661 19722
415 gi|39 24215 24357
416 gi|39 24630 25916
417 gi|39 28338 28446
418 gi|39 28416 28842
419 gi|39 38156 38401
420 gi|39 38860 39047
421 gi|4 297 377
422 gi|4 4328 4394
423 gi|4 12010 12087
424 gi|4 14316 14390
425 gi|4 17341 17436
426 gi|4 21969 22028
427 gi|4 23272 23397
428 gi|4 27459 28035
429 gi|4 32935 32999
430 gi|4 37577 38278
431 gi|40 1 2584
432 gi|40 5011 5050
433 gi|40 17438 17932
434 gi|40 24070 24264
435 gi|40 28831 28967
436 gi|40 34193 34856
437 gi|41 830 877
438 gi|41 5335 5781
439 gi|41 6929 7001
440 gi|41 9070 9204
441 gi|41 18433 19210
442 gi|41 19403 19577
443 gi|41 20301 20429
444 gi|41 29903 29971
445 gi|41 31564 31627
446 gi|41 33056 33141
447 gi|41 40049 40102
448 gi|42 327 399
449 gi|42 3609 3730
450 gi|42 4036 4186
451 gi|42 5719 5773
452 gi|42 7057 7337
453 gi|42 10620 10698
454 gi|42 10739 10809
455 gi|42 12207 12921
456 gi|42 19610 19681
457 gi|42 28049 28260
458 gi|42 39717 39806
459 gi|43 2000 2397
460 gi|43 2671 2806
461 gi|43 3256 3874
462 gi|43 4269 4515
463 gi|43 4799 4886
464 gi|43 6579 8695
465 gi|43 10619 11213
466 gi|43 12255 12468
467 gi|43 13797 13842
468 gi|43 20896 21141
469 gi|43 21454 21515
470 gi|43 26575 26660
471 gi|43 26771 26951
472 gi|43 26987 27102
473 gi|43 27048 27178
474 gi|43 27240 27354
475 gi|43 27300 27430
476 gi|43 27492 27585
477 gi|43 27556 27649
478 gi|43 32604 32900
479 gi|43 33968 34658
480 gi|43 36979 37051
481 gi|43 37107 37206
482 gi|43 39224 39283
483 gi|44 7235 7304
484 gi|44 14577 15090
485 gi|44 15203 15471
486 gi|44 15486 17217
487 gi|44 18094 18225
488 gi|44 19754 19928
489 gi|44 21391 21593
490 gi|44 21719 21862
491 gi|44 22051 22132
492 gi|44 27641 27854
493 gi|44 28071 28704
494 gi|45 143 206
495 gi|45 3199 3470
496 gi|45 6043 6198
497 gi|45 8336 8702
498 gi|45 16939 16986
499 gi|45 21811 21866
500 gi|45 21958 23241
501 gi|45 24440 24594
502 gi|45 33933 34106
503 gi|45 35394 35503
504 gi|45 36769 36840
505 gi|46 471 519
506 gi|46 2397 2495
507 gi|46 3033 3068
508 gi|46 4675 5594
509 gi|46 6224 6271
510 gi|46 8872 9089
511 gi|46 9724 9920
512 gi|46 22765 23002
513 gi|46 23428 23728
514 gi|46 23819 24320
515 gi|46 24637 25159
516 gi|46 30521 30704
517 gi|46 31847 31931
518 gi|46 35204 35285
519 gi|47 1455 1497
520 gi|47 3262 3369
521 gi|47 7000 7078
522 gi|47 8960 11511
523 gi|47 13362 15179
524 gi|47 15957 16586
525 gi|47 21752 21795
526 gi|47 30572 30816
527 gi|5 735 803
528 gi|5 1078 1125
529 gi|5 3517 3811
530 gi|5 7964 8061
531 gi|5 8298 8464
532 gi|5 14221 14336
533 gi|5 15872 16069
534 gi|5 18476 20989
535 gi|5 22272 24429
536 gi|5 30120 30157
537 gi|5 32876 32920
538 gi|5 37264 37479
539 gi|5 37539 38469
540 gi|6 3391 3428
541 gi|6 3595 3675
542 gi|6 3749 3849
543 gi|6 8905 9118
544 gi|6 11231 11370
545 gi|6 17510 18411
546 gi|6 21773 21843
547 gi|6 23613 23756
548 gi|6 31370 31593
549 gi|6 31672 31815
550 gi|6 35120 36177
551 gi|6 36280 36457
552 gi|6 36798 37082
553 gi|6 39635 39955
554 gi|7 10842 10926
555 gi|7 25098 25144
556 gi|7 36494 37045
557 gi|7 37253 37719
558 gi|7 39437 39530
559 gi|8 1659 2240
560 gi|8 2241 2414
561 gi|8 3528 3595
562 gi|8 3721 3807
563 gi|8 15745 16131
564 gi|8 17329 17386
565 gi|8 23800 24343
566 gi|8 24411 24885
567 gi|8 25314 26914
568 gi|8 27048 27166
569 gi|8 36633 38610
570 gi|8 38617 38723
571 gi|8 38788 38860
572 gi|8 39014 39803
573 gi|8 39856 40132
574 gi|9 1 168
