368 431 gi|1 1418 1841 
370 297 gi|1 2558 2714 
372 290 gi|1 4164 4252 
374 268 gi|1 8986 9351 
376 290 gi|1 35752 35890 
378 1582 gi|1 37199 37567 
380 1764 gi|1 37219 37563 
382 1106 gi|1 37276 37578 
384 319 gi|1 37485 37562 
386 504 gi|1 37492 37563 
388 281 gi|1 37494 37563 
390 283 gi|1 38120 38187 
392 824 gi|1 39830 40175 
394 586 gi|1 39866 40178 
396 646 gi|1 39916 40178 
398 455 gi|1 39948 40175 
400 606 gi|1 39951 40178 
402 532 gi|1 39961 40178 
404 503 gi|1 39966 40175 
406 451 gi|1 39977 40178 
408 416 gi|1 39977 40177 
410 555 gi|1 39980 40178 
214 1015 gi|10 3303 4571 
216 765 gi|10 3494 4568 
218 272 gi|10 4697 5427 
220 1832 gi|10 4728 6079 
222 425 gi|10 4757 5089 
224 522 gi|10 4760 5208 
226 290 gi|10 4815 5173 
228 369 gi|10 4855 5390 
230 387 gi|10 4858 5131 
232 312 gi|10 4862 5462 
1951 383 gi|10 4901 5474 
234 250 gi|10 4927 5038 
236 338 gi|10 4937 5086 
238 389 gi|10 4940 5400 
242 355 gi|10 4942 5092 
240 356 gi|10 4942 5073 
244 351 gi|10 4943 5139 
1795 271 gi|10 4954 5031 
246 255 gi|10 4955 5038 
248 325 gi|10 4957 5082 
250 257 gi|10 4958 5052 
252 265 gi|10 5230 5341 
985 278 gi|10 7259 8476 
254 549 gi|10 7308 8444 
256 324 gi|10 11008 11148 
258 302 gi|10 11035 11148 
260 3441 gi|10 13275 14309 
262 7064 gi|10 14742 16802 
264 278 gi|10 15979 16834 
266 376 gi|10 20567 20878 
268 271 gi|10 20630 20857 
270 304 gi|10 22438 22589 
272 353 gi|10 22477 22575 
274 292 gi|10 22485 22591 
276 263 gi|10 22498 22566 
278 270 gi|10 22504 22561 
280 617 gi|10 22651 23246 
1779 347 gi|10 22660 23097 
282 250 gi|10 24435 24715 
284 1067 gi|10 24460 25137 
1783 676 gi|10 24497 24802 
286 311 gi|10 24502 24721 
288 269 gi|10 24614 24726 
290 981 gi|10 26273 26497 
292 281 gi|10 26322 26392 
294 441 gi|10 26322 26392 
296 357 gi|10 26324 26392 
298 275 gi|10 26342 26392 
300 380 gi|10 26343 26392 
302 256 gi|10 26343 26389 
304 290 gi|10 26344 26392 
306 307 gi|10 26344 26392 
308 365 gi|10 26344 26392 
310 386 gi|10 26345 26444 
312 380 gi|10 26376 26462 
314 375 gi|10 26392 26453 
324 503 gi|10 26393 26728 
326 629 gi|10 26393 26562 
320 555 gi|10 26393 26540 
322 642 gi|10 26393 26500 
318 888 gi|10 26393 26497 
316 356 gi|10 26393 26441 
328 292 gi|10 26404 26561 
330 311 gi|10 26442 26489 
332 978 gi|10 26663 26952 
334 291 gi|10 26680 26763 
336 449 gi|10 26683 26820 
338 904 gi|10 26686 26948 
340 258 gi|10 26699 26792 
342 299 gi|10 26705 26779 
344 275 gi|10 26711 26758 
346 1173 gi|10 29631 30937 
348 781 gi|10 33404 34795 
350 3201 gi|10 33439 34815 
352 584 gi|10 33471 34197 
354 314 gi|10 34036 34178 
356 2237 gi|10 34987 36671 
358 318 gi|10 37105 37221 
360 266 gi|10 37131 37295 
364 307 gi|10 37131 37261 
362 386 gi|10 37131 37208 
366 325 gi|10 37141 37221 
190 463 gi|11 1977 2454 
192 992 gi|11 2793 3393 
194 289 gi|11 4269 4476 
196 256 gi|11 7324 7524 
198 459 gi|11 9487 9696 
200 444 gi|11 10205 11493 
202 1203 gi|11 11704 12515 
204 857 gi|11 12665 13087 
206 323 gi|11 14712 14955 
208 262 gi|11 18121 18423 
210 1533 gi|11 20887 22709 
212 1484 gi|11 20908 22301 
219 272 gi|12 1610 2378 
1006 259 gi|12 1717 1953 
1008 469 gi|12 1734 1956 
1010 360 gi|12 1745 1955 
1012 257 gi|12 1752 1953 
1793 430 gi|12 1756 1961 
1014 263 gi|12 1760 2038 
1016 356 gi|12 1780 2356 
1018 339 gi|12 1781 1963 
1020 252 gi|12 1783 1989 
1947 266 gi|12 1797 2347 
1022 380 gi|12 1841 1996 
1024 301 gi|12 1851 1956 
1026 384 gi|12 1861 2324 
1028 309 gi|12 1877 2375 
1030 829 gi|12 5574 5891 
1032 766 gi|12 5668 5891 
1034 2861 gi|12 5698 6112 
1036 255 gi|12 5748 5892 
1038 1519 gi|12 5752 5984 
1979 309 gi|12 5779 5866 
1040 764 gi|12 5790 5891 
1050 528 gi|12 5791 5920 
1042 263 gi|12 5791 5861 
1046 330 gi|12 5791 5861 
1048 263 gi|12 5791 5856 
1044 271 gi|12 5791 5855 
1052 259 gi|12 5803 5858 
1993 296 gi|12 5803 5851 
561 406 gi|12 5804 5891 
1054 959 gi|12 5873 6001 
1056 274 gi|12 5886 5954 
1058 424 gi|12 5961 6027 
1060 388 gi|12 5968 6046 
1064 416 gi|12 5969 6047 
1066 334 gi|12 5969 6030 
1062 404 gi|12 5969 6027 
1068 380 gi|12 5972 6028 
1070 478 gi|12 5973 6023 
1076 2402 gi|12 6024 6413 
1072 703 gi|12 6024 6112 
1074 678 gi|12 6024 6112 
1078 728 gi|12 6024 6112 
1080 2557 gi|12 6089 6438 
1082 2578 gi|12 6089 6435 
1084 918 gi|12 6308 6422 
1086 655 gi|12 6320 6416 
1088 299 gi|12 6329 6407 
1090 272 gi|12 6335 6383 
1092 271 gi|12 6338 6383 
1094 271 gi|12 6338 6383 
1096 271 gi|12 6338 6383 
1098 266 gi|12 6339 6383 
1100 255 gi|12 7615 7712 
1102 356 gi|12 8055 8291 
1104 260 gi|12 8816 9124 
1106 269 gi|12 8863 9001 
1108 445 gi|12 9183 9280 
1110 392 gi|12 9184 9442 
1112 292 gi|12 9189 9235 
1116 280 gi|12 9189 9231 
1118 296 gi|12 9189 9231 
1114 256 gi|12 9189 9226 
1120 324 gi|12 9194 9280 
1122 1034 gi|12 9199 9465 
1124 612 gi|12 9210 9378 
1126 532 gi|12 9227 9435 
1128 677 gi|12 9229 9435 
1130 256 gi|12 9229 9278 
1132 443 gi|12 9261 9419 
1134 598 gi|12 9286 9442 
1136 317 gi|12 9286 9333 
1138 333 gi|12 9286 9333 
331 311 gi|12 9286 9333 
1140 293 gi|12 9297 9456 
1142 553 gi|12 9342 9636 
1144 509 gi|12 9342 9457 
1146 303 gi|12 9343 9408 
1148 431 gi|12 9354 9436 
1150 267 gi|12 9392 9442 
1152 312 gi|12 9393 9448 
735 292 gi|12 14452 14586 
1156 318 gi|12 14828 15221 
1154 582 gi|12 14828 15185 
1158 378 gi|12 14978 15382 
1160 630 gi|12 19054 19344 
1162 1052 gi|12 19064 19344 
1164 804 gi|12 22007 22199 
1166 4123 gi|12 22064 22626 
1168 1644 gi|12 22080 22351 
1170 590 gi|12 22080 22187 
1172 4020 gi|12 22082 22626 
1174 335 gi|12 22105 22178 
1182 253 gi|12 22124 22172 
1176 250 gi|12 22124 22169 
1178 250 gi|12 22124 22169 
1180 250 gi|12 22124 22169 
1184 861 gi|12 22477 22626 
1188 3952 gi|12 22579 23063 
1190 802 gi|12 22579 22752 
1186 882 gi|12 22579 22712 
1192 882 gi|12 22729 22926 
1194 264 gi|12 22760 22828 
1196 1090 gi|12 22780 23058 
1198 2026 gi|12 22781 23091 
1200 1914 gi|12 22781 23045 
1202 435 gi|12 22940 23044 
1204 281 gi|12 22941 23048 
563 406 gi|12 22944 23031 
1206 905 gi|12 22946 23075 
1985 299 gi|12 22969 23050 
1208 263 gi|12 22974 23044 
1210 330 gi|12 22974 23044 
1212 259 gi|12 22977 23032 
1214 263 gi|12 22979 23044 
1216 271 gi|12 22980 23044 
1995 296 gi|12 22984 23032 
1218 339 gi|12 23378 24481 
1220 381 gi|12 23933 24482 
1222 282 gi|12 28979 29092 
1228 348 gi|12 29005 29103 
1224 368 gi|12 29005 29102 
1226 364 gi|12 29005 29100 
1230 359 gi|12 29005 29100 
1232 342 gi|12 29005 29082 
1234 255 gi|12 29014 29101 
1236 271 gi|12 29017 29092 
1238 255 gi|12 29028 29092 
1240 279 gi|12 29029 29092 
1242 271 gi|12 29140 30357 
1244 400 gi|12 33341 33470 
1246 387 gi|12 33357 33457 
1248 520 gi|12 33357 33457 
1252 483 gi|12 33367 33488 
1250 268 gi|12 33367 33454 
1254 310 gi|12 33369 33457 
1256 326 gi|12 35154 35291 
609 283 gi|12 35169 35499 
1258 6650 gi|12 36236 37064 
1260 6674 gi|12 36269 37029 
407 451 gi|13 764 966 
409 416 gi|13 1749 1951 
403 532 gi|13 3158 3375 
399 455 gi|13 4435 4662 
397 646 gi|13 5529 5815 
395 586 gi|13 6596 6931 
411 555 gi|13 7764 7969 
401 606 gi|13 8816 9047 
405 503 gi|13 9898 10108 
132 15637 gi|13 10874 12658 
134 438 gi|13 12459 12631 
136 1334 gi|13 13027 13250 
138 573 gi|13 13059 13398 
140 357 gi|13 13544 14045 
393 824 gi|13 13846 14198 
142 818 gi|13 16990 17853 
144 654 gi|13 17056 17719 
146 781 gi|13 17068 17897 
148 2135 gi|13 17858 19403 
150 1037 gi|13 18048 18705 
152 688 gi|13 18057 18539 
154 1875 gi|13 18720 19666 
156 2303 gi|13 18766 20389 
158 722 gi|13 19407 19616 
160 532 gi|13 19626 20576 
162 543 gi|13 19746 20623 
164 697 gi|13 35884 36494 
166 486 gi|13 36148 36582 
168 859 gi|13 37260 37899 
170 422 gi|13 37329 37838 
1945 349 gi|13 37332 37806 
172 258 gi|13 37344 37728 
174 340 gi|13 37387 37811 
176 317 gi|13 37391 37809 
178 488 gi|13 37424 37913 
1813 301 gi|13 37447 37811 
180 416 gi|13 37455 37811 
225 522 gi|13 37465 37913 
182 407 gi|13 37595 37811 
184 336 gi|13 37626 37735 
289 269 gi|13 37627 37738 
186 520 gi|13 37628 37875 
188 595 gi|13 38289 39391 
742 419 gi|14 18729 19096 
744 1744 gi|14 22701 22935 
1169 1644 gi|14 22711 22978 
746 689 gi|14 22711 22807 
1077 2402 gi|14 22715 23085 
748 881 gi|14 22715 22819 
750 1689 gi|14 22716 22978 
752 304 gi|14 22721 22798 
760 274 gi|14 22745 22792 
1099 266 gi|14 22745 22789 
754 272 gi|14 22745 22789 
756 272 gi|14 22745 22789 
758 272 gi|14 22745 22789 
762 426 gi|14 22894 22993 
764 347 gi|14 22908 22984 
766 296 gi|14 22909 23030 
387 504 gi|14 22914 22985 
768 586 gi|14 22914 22985 
770 469 gi|14 22914 22985 
772 956 gi|14 22940 23501 
1197 1090 gi|14 22940 23277 
774 1015 gi|14 22986 23286 
778 1023 gi|14 22986 23119 
776 872 gi|14 22986 23085 
780 1535 gi|14 23065 23333 
1039 1519 gi|14 23065 23309 
782 709 gi|14 23065 23180 
1195 264 gi|14 23099 23167 
784 305 gi|14 23099 23167 
786 564 gi|14 23133 23262 
788 638 gi|14 23164 23263 
790 251 gi|14 23168 23266 
569 357 gi|14 23172 23251 
1231 359 gi|14 23174 23277 
1983 284 gi|14 23187 23269 
1047 330 gi|14 23192 23262 
1211 330 gi|14 23192 23262 
792 322 gi|14 23192 23262 
794 302 gi|14 23192 23262 
796 309 gi|14 23197 23262 
798 333 gi|14 23198 23262 
800 264 gi|14 24326 24714 
802 308 gi|14 24512 24714 
804 286 gi|14 36297 36380 
806 352 gi|14 36312 36380 
808 313 gi|14 36314 36380 
810 310 gi|14 36319 36389 
612 317 gi|15 19166 19254 
614 302 gi|15 19180 19255 
616 373 gi|15 19185 19252 
618 1415 gi|15 19186 19369 
620 559 gi|15 19201 19365 
622 358 gi|15 19201 19251 
325 503 gi|15 19203 19563 
624 476 gi|15 19203 19255 
626 501 gi|15 19203 19255 
628 653 gi|15 19214 19360 
630 412 gi|15 19263 19376 
632 810 gi|15 19264 19361 
634 430 gi|15 19264 19338 
636 337 gi|15 19264 19301 
1143 553 gi|15 19265 19556 
638 596 gi|15 19265 19365 
640 376 gi|15 19266 19354 
642 562 gi|15 19267 19385 
644 273 gi|15 19315 19365 
646 980 gi|15 22842 23650 
648 346 gi|15 23688 23885 
650 352 gi|15 23729 23822 
652 854 gi|15 23732 23887 
654 706 gi|15 23736 23895 
656 655 gi|15 23736 23888 
658 272 gi|15 23737 23830 
805 286 gi|15 23801 23901 
660 371 gi|15 24660 25420 
1807 2348 gi|15 24737 26423 
662 351 gi|15 24819 25421 
664 277 gi|15 24837 24914 
183 407 gi|15 25156 25372 
666 351 gi|15 25175 25393 
668 266 gi|15 25181 25426 
670 270 gi|15 25226 25423 
1823 611 gi|15 27024 27347 
672 260 gi|15 28693 28772 
674 260 gi|15 28693 28772 
676 1633 gi|15 31191 31525 
1161 630 gi|15 31307 31614 
678 346 gi|15 33429 33508 
680 404 gi|15 33441 33563 
682 1040 gi|15 33448 33665 
684 337 gi|15 33451 33510 
686 671 gi|15 33457 33563 
688 343 gi|15 33457 33507 
692 720 gi|15 33459 33665 
694 705 gi|15 33459 33608 
323 642 gi|15 33459 33566 
690 665 gi|15 33459 33562 
696 902 gi|15 33470 33660 
698 1350 gi|15 33489 33685 
702 1014 gi|15 33504 33665 
700 519 gi|15 33504 33638 
704 842 gi|15 33504 33601 
1135 598 gi|15 33508 33665 
1113 292 gi|15 33525 33569 
706 313 gi|15 33562 33666 
708 337 gi|15 33572 33654 
710 288 gi|15 33616 33665 
712 6645 gi|15 33707 34496 
1261 6674 gi|15 33707 34468 
32 2317 gi|16 232 1296 
34 377 gi|16 5301 6043 
36 274 gi|16 6681 6874 
1331 501 gi|16 7215 7783 
1967 2185 gi|16 18970 20086 
717 481 gi|16 25240 25940 
38 824 gi|16 29010 30007 
1973 615 gi|16 29035 29964 
1287 1004 gi|16 29174 29996 
40 437 gi|17 2430 3050 
42 267 gi|17 6587 6727 
44 267 gi|17 9946 10071 
247 255 gi|17 9985 10068 
46 256 gi|17 9985 10066 
48 256 gi|17 10465 10599 
50 273 gi|17 10530 10610 
52 310 gi|17 10816 11022 
3 320 gi|17 11431 12019 
1 268 gi|17 12244 12375 
54 1041 gi|17 13382 14100 
1943 360 gi|17 13390 13984 
56 450 gi|17 13457 14065 
58 376 gi|17 13464 14149 
60 368 gi|17 13737 14041 
62 401 gi|17 13749 13996 
2013 363 gi|17 13802 14047 
64 319 gi|17 13808 13995 
1009 469 gi|17 13811 14036 
66 265 gi|17 14361 15869 
68 290 gi|17 14686 14876 
1789 363 gi|17 30161 30789 
197 256 gi|17 38123 38323 
70 697 gi|17 38813 39959 
1005 433 gi|18 102 490 
1334 459 gi|18 369 987 
1336 561 gi|18 9139 9659 
1809 448 gi|18 13139 13845 
1007 259 gi|18 13183 13423 
1338 289 gi|18 13202 13445 
661 371 gi|18 13203 13962 
1941 301 gi|18 13252 13449 
177 317 gi|18 13253 13669 
1340 340 gi|18 13299 13598 
1342 441 gi|18 13302 13785 
1344 250 gi|18 13307 13428 
1346 335 gi|18 13327 13438 
239 389 gi|18 13329 13785 
1348 283 gi|18 13329 13594 
1350 287 gi|18 13332 13439 
1803 279 gi|18 14918 15528 
1352 308 gi|18 19268 19397 
1354 291 gi|18 19268 19397 
1356 266 gi|18 21860 21996 
1358 273 gi|18 21895 21996 
1360 1123 gi|18 23273 24128 
1362 1996 gi|18 25634 26520 
1364 1124 gi|18 34519 35708 
1366 1185 gi|18 36389 37061 
812 275 gi|19 12792 12868 
814 257 gi|19 20549 20594 
816 303 gi|19 20555 20594 
818 349 gi|19 21503 21700 
820 531 gi|19 21548 21700 
824 267 gi|19 21568 21761 
822 281 gi|19 21568 21648 
1301 276 gi|19 21576 21725 
826 764 gi|19 21578 21761 
828 329 gi|19 21589 21701 
830 313 gi|19 21590 21762 
832 383 gi|19 21595 21744 
834 512 gi|19 21605 21761 
836 304 gi|19 21622 21700 
840 283 gi|19 21637 21812 
838 333 gi|19 21637 21700 
842 617 gi|19 21642 21861 
1297 278 gi|19 21645 21786 
844 263 gi|19 21656 21831 
846 258 gi|19 21661 21710 
848 478 gi|19 21671 21831 
850 276 gi|19 21688 21761 
852 434 gi|19 21700 21835 
1303 280 gi|19 21705 21867 
854 409 gi|19 21732 21825 
856 257 gi|19 21749 21831 
858 1551 gi|19 31948 35656 
357 2237 gi|19 37921 39600 
714 1613 gi|2 7632 9094 
716 481 gi|2 10493 11196 
718 537 gi|2 12305 12646 
720 421 gi|2 12327 12854 
722 575 gi|2 12328 12651 
724 408 gi|2 12331 12654 
726 522 gi|2 12332 12662 
728 278 gi|2 12343 12571 
730 427 gi|2 12410 12654 
732 290 gi|2 18438 18534 
734 292 gi|2 21542 21682 
736 261 gi|2 23514 23676 
738 283 gi|2 29166 29234 
740 1002 gi|2 33219 34214 
72 322 gi|20 3413 3504 
74 337 gi|20 3416 3499 
76 251 gi|20 3416 3499 
78 314 gi|20 3417 3527 
80 272 gi|20 3433 3511 
1937 5705 gi|20 5435 6126 
82 282 gi|20 6388 6549 
1935 1935 gi|20 6557 7113 
1367 1185 gi|20 11414 12079 
2003 537 gi|20 13690 14372 
84 580 gi|20 15762 16072 
86 253 gi|20 15914 15972 
88 537 gi|20 15924 16087 
849 478 gi|20 15924 16085 
1299 322 gi|20 15924 16047 
90 480 gi|20 15925 16085 
819 349 gi|20 15932 16117 
835 512 gi|20 15932 16086 
92 372 gi|20 15932 16051 
94 377 gi|20 15934 16024 
96 351 gi|20 15947 16036 
98 347 gi|20 15947 16024 
257 324 gi|20 15949 16077 
855 409 gi|20 15986 16085 
100 384 gi|20 15991 16086 
102 275 gi|20 15993 16068 
104 305 gi|20 15994 16085 
106 338 gi|20 15997 16056 
108 290 gi|20 16013 16082 
817 303 gi|20 16015 16055 
110 588 gi|20 16047 16634 
112 274 gi|20 16111 16192 
114 315 gi|20 16289 16537 
116 843 gi|20 16309 16613 
118 335 gi|20 16643 16754 
120 327 gi|20 19233 19314 
122 299 gi|20 19233 19314 
385 319 gi|20 19233 19314 
765 347 gi|20 19235 19314 
124 262 gi|20 20622 20728 
126 275 gi|20 20634 20805 
51 273 gi|20 20995 21072 
128 300 gi|20 31375 31538 
130 324 gi|20 36783 36900 
1836 266 gi|21 84 1360 
1838 355 gi|21 26756 27027 
1840 313 gi|21 26891 26995 
1842 254 gi|21 26903 26998 
81 272 gi|21 26929 27012 
367 325 gi|21 26929 27011 
1848 349 gi|21 26929 27007 
1844 535 gi|21 26929 27006 
1846 411 gi|21 26929 27001 
1850 294 gi|21 29910 29985 
1852 256 gi|21 30912 31392 
17 2376 gi|21 31630 32123 
1854 2665 gi|21 32138 32683 
15 2427 gi|21 32138 32516 
19 256 gi|21 32553 32591 
1856 254 gi|21 34438 34538 
1858 358 gi|21 34518 34705 
1860 424 gi|21 34523 34732 
1862 1028 gi|21 34536 34879 
117 843 gi|21 34557 34890 
1864 316 gi|21 34949 35553 
1866 640 gi|21 35929 36061 
1438 271 gi|23 12296 12398 
1440 2217 gi|23 18010 19213 
269 271 gi|23 18376 18597 
1221 381 gi|23 20257 20832 
1442 5132 gi|23 23566 25758 
1444 723 gi|23 23657 24020 
1446 2026 gi|23 24131 25583 
1448 418 gi|23 24404 24753 
1450 464 gi|23 24575 25213 
1452 275 gi|23 28925 29368 
1454 1196 gi|23 29675 30496 
1456 481 gi|23 31122 31277 
1458 525 gi|23 35241 35951 
1460 799 gi|23 35266 35952 
1462 385 gi|23 35271 35584 
223 425 gi|23 35289 35627 
1464 392 gi|23 35294 35596 
1466 301 gi|23 35298 35920 
1468 562 gi|23 35300 35927 
187 520 gi|23 35330 35577 
1470 294 gi|23 35337 35628 
1025 301 gi|23 35465 35572 
1472 435 gi|23 36068 36343 
1474 270 gi|23 36077 36576 
1476 778 gi|23 36081 36857 
1478 253 gi|23 36089 36383 
1480 321 gi|23 36127 36299 
2015 253 gi|23 36164 36372 
1482 596 gi|23 36165 36762 
1484 273 gi|23 36168 36372 
1486 295 gi|23 36180 36377 
1488 375 gi|23 36243 36770 
1490 255 gi|23 36276 36340 
1492 273 gi|23 37940 38110 
1656 12018 gi|24 6187 7667 
1658 12069 gi|24 6250 7609 
1660 12130 gi|24 6253 7615 
1662 12062 gi|24 6265 7608 
1664 12032 gi|24 6282 7700 
1666 12028 gi|24 6282 7689 
1672 12038 gi|24 6285 7653 
1674 12034 gi|24 6285 7614 
1676 12028 gi|24 6285 7611 
1668 12061 gi|24 6285 7609 
1670 12049 gi|24 6285 7607 
1678 295 gi|24 8590 9259 
1680 481 gi|24 8600 9250 
813 275 gi|24 8922 8998 
1682 594 gi|24 12583 12721 
1684 388 gi|24 14786 14992 
1686 529 gi|24 15039 15340 
335 291 gi|24 15471 15559 
343 299 gi|24 15502 15577 
1688 276 gi|24 15514 15554 
1690 259 gi|24 15517 15554 
279 270 gi|24 15518 15577 
1692 250 gi|24 15522 15560 
1694 2584 gi|24 15608 16420 
1696 268 gi|24 18860 18949 
1698 330 gi|24 18860 18913 
553 327 gi|24 18860 18910 
1700 266 gi|24 18860 18903 
861 271 gi|24 24536 24603 
1702 310 gi|24 24562 24646 
1704 294 gi|24 24568 24603 
1706 348 gi|24 27572 27815 
1708 436 gi|24 27581 27839 
1710 276 gi|24 27714 27815 
1712 282 gi|24 28031 28158 
1714 275 gi|24 28358 28647 
61 368 gi|24 28399 28694 
287 311 gi|24 28402 28627 
1015 263 gi|24 28414 28705 
1716 318 gi|24 28444 28635 
237 338 gi|24 28526 28675 
1718 305 gi|24 29343 29434 
203 1203 gi|25 168 977 
201 444 gi|25 1261 2568 
1243 271 gi|25 1348 2583 
207 323 gi|25 2531 2774 
57 450 gi|25 5204 5800 
1027 384 gi|25 5211 5641 
1410 486 gi|25 5246 5887 
1339 289 gi|25 5529 5776 
1414 323 gi|25 5552 5861 
1412 368 gi|25 5552 5726 
1416 270 gi|25 5552 5623 
1418 331 gi|25 13184 13494 
1420 375 gi|25 14388 14708 
1422 324 gi|25 14525 14724 
1424 399 gi|25 19006 19122 
1426 463 gi|25 19042 19189 
1428 413 gi|25 19042 19120 
213 1484 gi|25 19457 20860 
1430 1278 gi|25 19539 20478 
1432 2674 gi|25 33483 34502 
1434 611 gi|25 34090 34567 
1436 579 gi|25 34692 35022 
1494 272 gi|26 2410 2543 
1496 255 gi|26 2410 2537 
1498 308 gi|26 2427 2633 
1500 292 gi|26 2430 2573 
1502 784 gi|26 2661 3119 
1504 330 gi|26 2911 3193 
1359 273 gi|26 2998 3099 
1506 293 gi|26 6847 7117 
1508 294 gi|26 6849 7008 
1353 308 gi|26 6849 6983 
1510 328 gi|26 6880 7015 
1512 11960 gi|26 7057 8517 
1514 12049 gi|26 7069 8489 
1516 12136 gi|26 7109 8499 
1659 12069 gi|26 7136 8490 
1518 12058 gi|26 7150 8508 
1520 12052 gi|26 7162 8491 
1522 12051 gi|26 7162 8488 
1528 11910 gi|26 7164 8779 
1526 11966 gi|26 7164 8590 
1524 12031 gi|26 7164 8490 
1530 12002 gi|26 7166 8579 
1532 1083 gi|26 8509 8938 
1534 276 gi|26 11968 12128 
1536 301 gi|26 11985 12231 
1538 313 gi|26 11987 12149 
1355 291 gi|26 11987 12121 
1540 374 gi|26 12018 12153 
1542 303 gi|26 24909 25499 
35 377 gi|26 27215 27964 
71 697 gi|26 31409 32554 
1831 974 gi|27 205 862 
1744 475 gi|27 525 863 
719 537 gi|27 588 938 
1746 766 gi|27 615 938 
1323 712 gi|27 615 863 
1748 439 gi|27 615 861 
1750 250 gi|27 615 861 
1752 351 gi|27 633 854 
1754 895 gi|27 11902 12009 
1756 850 gi|27 11906 12009 
1758 1714 gi|27 12391 13910 
1760 261 gi|27 12512 12592 
193 992 gi|27 13967 14563 
191 463 gi|27 14896 15381 
1762 16404 gi|27 20863 22788 
975 16755 gi|27 20970 22845 
595 16667 gi|27 21039 22845 
513 48990 gi|27 21040 26442 
585 31467 gi|27 22813 26308 
955 30330 gi|27 22813 26181 
1764 31108 gi|27 22856 26175 
415 1133 gi|27 26035 26177 
537 339 gi|27 26114 26164 
533 2787 gi|27 26393 26720 
587 1624 gi|27 26393 26586 
957 475 gi|27 26393 26459 
421 490 gi|27 26393 26455 
1766 470 gi|27 26393 26453 
531 3010 gi|27 26671 27287 
589 1255 gi|27 26671 26843 
1768 476 gi|27 26671 26746 
423 485 gi|27 26671 26734 
963 472 gi|27 26671 26731 
535 632 gi|27 26928 27016 
591 615 gi|27 26928 27016 
425 415 gi|27 26928 26996 
1770 402 gi|27 26928 26988 
965 404 gi|27 26928 26988 
1772 302 gi|27 34374 34451 
1368 12070 gi|28 7734 9067 
1370 12046 gi|28 7737 9068 
1372 12061 gi|28 7738 9068 
1521 12052 gi|28 7739 9069 
1374 12073 gi|28 7739 9066 
1665 12032 gi|28 7740 9164 
1376 12051 gi|28 7740 9066 
1378 12024 gi|28 7741 9112 
1380 12000 gi|28 7743 9266 
1382 12033 gi|28 7744 9066 
1384 12032 gi|28 10916 12317 
1388 12065 gi|28 10929 12354 
1386 12075 gi|28 10929 12320 
1390 12055 gi|28 10957 12320 
1675 12034 gi|28 10984 12314 
1392 12038 gi|28 10988 12314 
1525 12031 gi|28 10990 12316 
1398 12027 gi|28 10992 12318 
1396 12052 gi|28 10992 12316 
1394 12031 gi|28 10992 12314 
1262 304 gi|29 2031 2338 
1266 396 gi|29 2054 2297 
1835 328 gi|29 2054 2297 
1264 450 gi|29 2054 2279 
1325 342 gi|29 2055 2297 
1268 265 gi|29 2057 2302 
1270 319 gi|29 2235 2375 
1719 305 gi|29 2385 2477 
715 1613 gi|29 9127 10600 
1272 264 gi|29 24602 24728 
1963 3401 gi|29 26784 28976 
1274 2282 gi|29 34361 35427 
1276 292 gi|29 36159 36279 
1278 263 gi|29 36786 36955 
1280 364 gi|29 36850 36931 
1851 294 gi|29 36853 36927 
1282 474 gi|3 211 1573 
1284 552 gi|3 344 1179 
1286 1004 gi|3 354 1179 
1288 543 gi|3 4028 4673 
1290 352 gi|3 4965 5302 
1292 314 gi|3 5066 5311 
1296 278 gi|3 5949 6107 
1294 496 gi|3 5949 6102 
1300 276 gi|3 5950 6107 
1298 322 gi|3 5950 6085 
1302 280 gi|3 5951 6122 
1304 376 gi|3 5952 6099 
1306 259 gi|3 6026 6085 
1308 266 gi|3 6038 6083 
1310 1168 gi|3 6395 7410 
721 421 gi|3 14507 15024 
1312 3709 gi|3 14630 15712 
1314 287 gi|3 14633 15001 
1316 962 gi|3 14672 15021 
1318 583 gi|3 14678 15035 
1320 742 gi|3 14693 15161 
1322 712 gi|3 14780 15019 
1324 342 gi|3 14789 15004 
1326 272 gi|3 15303 15490 
1328 2712 gi|3 15893 17638 
1330 501 gi|3 18445 19058 
1332 4562 gi|3 34669 35584 
2078 327 gi|30 114 222 
2080 484 gi|30 138 225 
2082 407 gi|30 163 242 
2086 11976 gi|30 1593 3036 
2084 12004 gi|30 1593 2997 
2088 12041 gi|30 1597 2992 
2090 12054 gi|30 1638 2997 
2092 11993 gi|30 1641 3068 
1663 12062 gi|30 1648 2992 
2094 11954 gi|30 1660 3148 
1375 12073 gi|30 1664 2991 
1385 12032 gi|30 1666 3046 
1527 11966 gi|30 1667 3109 
2096 12055 gi|30 1668 2991 
33 2317 gi|30 7950 9019 
1713 282 gi|30 9273 9399 
2098 268 gi|30 20960 21096 
2100 1320 gi|30 22152 23363 
2102 360 gi|30 22475 23008 
353 584 gi|30 22641 23373 
2104 579 gi|30 25052 25379 
369 431 gi|30 26588 27008 
1003 1507 gi|30 38366 39494 
1335 459 gi|30 38444 39053 
21 874 gi|31 23346 23940 
1868 262 gi|31 27078 27259 
1535 276 gi|31 27111 27269 
1107 269 gi|31 29975 30113 
53 310 gi|31 29977 30198 
1791 265 gi|31 30002 30106 
1103 356 gi|31 30022 30258 
1105 260 gi|31 30773 31073 
1870 280 gi|31 39488 39738 
113 274 gi|32 2187 2268 
1400 1069 gi|32 3374 3753 
1402 767 gi|32 7409 7697 
1333 4562 gi|32 14855 15769 
1289 543 gi|32 16839 17481 
1293 314 gi|32 17904 18151 
673 260 gi|32 18628 18701 
675 260 gi|32 25723 25796 
1404 819 gi|32 26490 26655 
333 978 gi|32 26502 26784 
273 353 gi|32 26518 26611 
1406 290 gi|32 26532 26611 
1408 1380 gi|32 26557 26815 
345 275 gi|32 26564 26605 
1689 276 gi|32 26564 26603 
1969 719 gi|33 569 911 
2332 813 gi|33 3479 3910 
2334 379 gi|33 5954 6063 
2336 281 gi|33 5971 6063 
2338 274 gi|33 5971 6055 
837 304 gi|33 5975 6055 
103 275 gi|33 5975 6051 
857 257 gi|33 5981 6063 
851 276 gi|33 5981 6055 
2340 259 gi|33 5997 6063 
1307 259 gi|33 6005 6063 
87 253 gi|33 6013 6071 
1853 256 gi|33 24134 24616 
2342 346 gi|33 24633 24857 
1697 268 gi|33 24744 24851 
2344 265 gi|33 24786 24854 
2348 302 gi|33 24795 24907 
2346 310 gi|33 24795 24854 
543 436 gi|33 24797 24885 
2350 269 gi|33 24817 24914 
2352 322 gi|33 24839 24924 
2354 289 gi|33 24839 24924 
641 376 gi|33 24839 24924 
709 337 gi|33 24839 24918 
1147 303 gi|33 24860 24924 
2356 291 gi|33 24865 24924 
2360 1090 gi|33 25205 25390 
2358 1201 gi|33 25205 25369 
657 655 gi|33 25214 25366 
2362 450 gi|33 25216 25362 
809 313 gi|33 25216 25300 
2364 427 gi|33 25248 25478 
2366 371 gi|33 25254 25434 
1245 400 gi|33 25270 25400 
2368 444 gi|33 25282 25368 
2370 385 gi|33 25291 25394 
2372 353 gi|33 25315 25369 
301 380 gi|33 25316 25365 
2374 269 gi|33 27183 27291 
2087 11976 gi|33 27952 29380 
1387 12075 gi|33 28005 29379 
2376 12068 gi|33 28005 29356 
2378 11966 gi|33 28008 29480 
1379 12024 gi|33 28008 29374 
1529 11910 gi|33 28009 29622 
2380 12049 gi|33 28009 29348 
2382 12031 gi|33 28009 29333 
2386 11942 gi|33 28010 29549 
2384 12046 gi|33 28010 29369 
1673 12038 gi|33 28011 29365 
2388 324 gi|33 30041 30193 
643 562 gi|33 30209 30334 
1123 1034 gi|33 30210 30477 
2390 584 gi|33 30224 30396 
2392 561 gi|33 30231 30334 
2396 787 gi|33 30232 30448 
2394 1116 gi|33 30232 30408 
703 1014 gi|33 30233 30396 
2398 696 gi|33 30255 30413 
2400 1467 gi|33 30300 30554 
2402 433 gi|33 30329 30392 
2408 261 gi|33 30338 30476 
2406 315 gi|33 30338 30396 
2404 340 gi|33 30338 30390 
1115 256 gi|33 30338 30375 
2410 615 gi|33 30378 30524 
1061 388 gi|33 30378 30453 
2412 386 gi|33 30378 30453 
2414 486 gi|33 30393 30465 
2416 461 gi|33 30394 30469 
2418 335 gi|33 30398 30447 
2420 539 gi|33 30411 30578 
2422 503 gi|33 30414 30539 
2424 455 gi|33 30415 30658 
2426 324 gi|33 30432 30606 
2428 391 gi|33 30449 30576 
681 404 gi|33 30449 30576 
1069 380 gi|33 30449 30505 
2430 372 gi|33 30449 30505 
2432 321 gi|33 30454 30504 
315 375 gi|33 30494 30554 
615 302 gi|33 30502 30576 
2434 279 gi|33 30502 30552 
2436 254 gi|33 30503 30556 
1363 1996 gi|33 33621 34512 
1361 1123 gi|33 34504 35353 
477 276 gi|33 39828 39935 
2438 263 gi|33 39876 39936 
2440 293 gi|33 39880 40051 
1626 330 gi|34 2292 3490 
1628 369 gi|34 2312 3529 
1630 549 gi|34 2887 3533 
1632 268 gi|34 5085 5191 
29 307 gi|34 5699 6036 
1634 595 gi|34 5727 6035 
1319 583 gi|34 10770 11126 
727 522 gi|34 10776 11109 
1636 565 gi|34 10777 11114 
1638 591 gi|34 10783 11109 
1827 839 gi|34 10784 11151 
1271 319 gi|34 10797 10931 
1640 276 gi|34 10861 11109 
1749 439 gi|34 10863 11109 
1642 255 gi|34 19370 19552 
1644 857 gi|34 34185 34883 
1219 339 gi|34 35558 36613 
1646 491 gi|34 38883 39937 
233 312 gi|34 39324 39933 
1648 273 gi|34 39357 39482 
663 351 gi|34 39387 39982 
1650 324 gi|34 39399 39578 
1341 340 gi|34 39589 39874 
1479 253 gi|34 39743 40037 
1652 290 gi|34 39750 39934 
1654 385 gi|34 39754 39984 
1013 257 gi|34 39758 39976 
1635 595 gi|35 4684 4992 
1029 309 gi|35 5457 5911 
59 376 gi|35 5497 6160 
1411 486 gi|35 5533 6175 
1787 257 gi|35 5833 5932 
1720 639 gi|35 9897 10025 
1724 277 gi|35 9920 10024 
1722 369 gi|35 9920 10016 
1726 504 gi|35 9922 10025 
1728 442 gi|35 9925 10064 
1730 425 gi|35 9928 10024 
1253 483 gi|35 9931 10050 
651 352 gi|35 9931 10025 
2369 444 gi|35 9935 10022 
1732 310 gi|35 9936 10006 
309 365 gi|35 9939 9988 
1734 418 gi|35 15137 15576 
1736 282 gi|35 15958 16050 
1738 254 gi|35 15968 16050 
1740 273 gi|35 15990 16050 
1742 551 gi|35 28345 29371 
2401 1467 gi|36 1 261 
1872 995 gi|36 1 176 
1125 612 gi|36 1 172 
1874 553 gi|36 1 117 
1878 368 gi|36 1 113 
705 842 gi|36 1 98 
1876 312 gi|36 1 38 
637 337 gi|36 1 38 
2411 615 gi|36 27 176 
1119 296 gi|36 33 77 
1880 404 gi|36 39 94 
1882 259 gi|36 40 98 
1065 416 gi|36 79 157 
1884 409 gi|36 79 157 
1886 651 gi|36 94 170 
1888 1095 gi|36 98 260 
2409 261 gi|36 98 239 
1890 532 gi|36 98 200 
1892 345 gi|36 102 152 
695 705 gi|36 115 260 
1894 252 gi|36 115 230 
1896 264 gi|36 119 153 
1898 468 gi|36 136 260 
291 981 gi|36 156 387 
2407 315 gi|36 156 215 
1139 333 gi|36 164 211 
1900 345 gi|36 191 260 
1902 485 gi|36 208 260 
627 501 gi|36 208 260 
1904 279 gi|36 209 324 
1906 342 gi|36 212 262 
2429 391 gi|36 4431 4567 
693 720 gi|36 4448 4668 
1127 532 gi|36 4455 4661 
2397 787 gi|36 4456 4669 
1908 903 gi|36 4457 4716 
1910 265 gi|36 4457 4516 
2405 340 gi|36 4457 4509 
1109 445 gi|36 4466 4564 
1912 769 gi|36 4477 4685 
1914 779 gi|36 4495 4642 
1067 334 gi|36 4508 4569 
1916 332 gi|36 4508 4569 
1918 261 gi|36 4512 4562 
1920 551 gi|36 4569 4669 
639 596 gi|36 4569 4668 
1922 268 gi|36 4621 4669 
1924 4337 gi|36 5546 9271 
1926 1099 gi|36 10457 11237 
1928 319 gi|36 13916 14321 
1930 257 gi|36 14909 14990 
1932 542 gi|36 17655 18128 
41 437 gi|36 25231 25852 
371 297 gi|36 25597 25764 
215 1015 gi|36 30403 31671 
217 765 gi|36 31878 32943 
1485 273 gi|36 35935 36139 
1953 354 gi|36 36015 36163 
1405 819 gi|37 78 245 
337 449 gi|37 80 209 
1544 497 gi|37 87 206 
271 304 gi|37 98 256 
1546 293 gi|37 99 231 
341 258 gi|37 105 205 
277 263 gi|37 105 184 
1407 290 gi|37 105 181 
1693 250 gi|37 133 170 
1801 302 gi|37 404 1465 
1841 313 gi|37 1455 1557 
1548 313 gi|37 1489 1630 
1552 405 gi|37 1490 1565 
1554 359 gi|37 1490 1563 
1550 338 gi|37 1490 1543 
1741 273 gi|37 1497 1557 
1556 409 gi|37 2773 3151 
1311 1168 gi|37 6183 7196 
1558 323 gi|37 11419 11547 
1721 639 gi|37 11451 11583 
1560 478 gi|37 11456 11609 
2361 1090 gi|37 11472 11658 
1562 1257 gi|37 11473 11668 
1249 520 gi|37 11476 11580 
295 441 gi|37 11477 11546 
1564 342 gi|37 11490 11571 
1566 643 gi|37 11492 11826 
653 854 gi|37 11493 11648 
1568 731 gi|37 11499 11656 
807 352 gi|37 11562 11649 
1570 741 gi|37 11567 11811 
2421 539 gi|37 11567 11744 
329 292 gi|37 11610 11813 
1572 621 gi|37 11610 11799 
629 653 gi|37 11610 11799 
697 902 gi|37 11610 11799 
1913 769 gi|37 11619 11819 
1121 324 gi|37 11619 11710 
1574 777 gi|37 11620 11799 
1891 532 gi|37 11620 11712 
1879 368 gi|37 11639 11737 
2415 486 gi|37 11639 11713 
1059 424 gi|37 11647 11712 
1576 418 gi|37 11648 11712 
2391 584 gi|37 11653 11814 
1578 282 gi|37 11655 11691 
1580 347 gi|37 11658 11708 
1582 267 gi|37 11661 11788 
2351 269 gi|37 11713 11810 
1149 431 gi|37 11713 11798 
1584 955 gi|37 13917 14866 
1586 383 gi|37 16991 17348 
1588 487 gi|37 19051 19458 
1443 5132 gi|37 19054 21259 
1590 364 gi|37 19250 19431 
1592 321 gi|37 19806 20207 
1594 1486 gi|37 19842 21147 
1596 345 gi|37 19843 20256 
1598 277 gi|37 21305 21389 
1871 280 gi|37 21833 22083 
1600 360 gi|37 25424 25688 
1602 255 gi|37 26243 26503 
729 278 gi|37 26269 26503 
1269 265 gi|37 26281 26508 
1315 287 gi|37 26282 26658 
1604 268 gi|37 26282 26521 
1753 351 gi|37 26282 26503 
1403 767 gi|37 26643 26896 
1401 1069 gi|37 26651 26981 
119 335 gi|37 27799 27908 
1606 431 gi|37 30882 31000 
1987 260 gi|37 30896 30967 
555 295 gi|37 30900 31020 
1051 528 gi|37 30901 31022 
787 564 gi|37 30901 31022 
1223 282 gi|37 30901 31005 
1203 435 gi|37 30901 31000 
1608 432 gi|37 30901 31000 
1610 259 gi|37 30901 30967 
1614 268 gi|37 30901 30962 
1612 261 gi|37 30901 30961 
1616 443 gi|37 30907 31000 
1618 575 gi|37 30910 31022 
1620 293 gi|37 30911 30968 
1622 974 gi|37 32224 33010 
577 2330 gi|37 32256 33963 
1624 1110 gi|37 33061 33985 
2085 12004 gi|38 250 1654 
2016 11992 gi|38 261 1730 
2018 12034 gi|38 273 1657 
1519 12058 gi|38 313 1670 
2020 12077 gi|38 320 1710 
2022 12048 gi|38 320 1654 
1373 12061 gi|38 320 1649 
2024 12071 gi|38 321 1687 
1667 12028 gi|38 322 1734 
1397 12052 gi|38 323 1647 
2383 12031 gi|38 323 1647 
2026 427 gi|38 3181 3283 
2343 346 gi|38 3191 3438 
549 414 gi|38 3191 3248 
2030 305 gi|38 3194 3340 
2028 308 gi|38 3194 3334 
1699 330 gi|38 3197 3250 
2371 385 gi|38 8575 8684 
1571 741 gi|38 8587 8865 
2032 350 gi|38 8593 8684 
1565 342 gi|38 8604 8684 
1733 310 gi|38 8609 8677 
305 290 gi|38 8612 8660 
1111 392 gi|38 8643 8911 
2423 503 gi|38 8652 8788 
1133 443 gi|38 8669 8826 
2399 696 gi|38 8673 8830 
1875 553 gi|38 8673 8785 
2417 461 gi|38 8673 8750 
1915 779 gi|38 8678 8823 
1887 651 gi|38 8678 8754 
701 519 gi|38 8690 8822 
1063 404 gi|38 8691 8750 
2034 397 gi|38 8691 8750 
2036 264 gi|38 8695 8729 
2038 345 gi|38 8696 8746 
635 430 gi|38 8751 8822 
2357 291 gi|38 8753 8810 
2040 614 gi|38 8794 8960 
2042 361 gi|38 8808 8886 
2044 287 gi|38 8827 8969 
2046 279 gi|38 8832 8911 
2083 407 gi|38 8834 8914 
2048 269 gi|38 8862 8960 
2050 352 gi|38 8962 9035 
619 1415 gi|38 8969 9152 
2052 362 gi|38 8970 9034 
683 1040 gi|38 8973 9148 
2054 261 gi|38 8982 9038 
2056 296 gi|38 8982 9037 
2058 522 gi|38 8984 9160 
321 555 gi|38 8986 9144 
1903 485 gi|38 8986 9038 
2435 279 gi|38 8987 9038 
1573 621 gi|38 8997 9143 
2060 345 gi|38 9046 9148 
1877 312 gi|38 9047 9084 
1145 509 gi|38 9048 9163 
1921 551 gi|38 9048 9149 
2355 289 gi|38 9049 9137 
2393 561 gi|38 9050 9150 
2062 430 gi|38 21438 21578 
1797 291 gi|38 22598 22765 
241 356 gi|38 22678 22809 
37 274 gi|38 24507 24694 
845 263 gi|38 24904 25083 
831 313 gi|38 24904 25077 
95 377 gi|38 24916 25011 
85 580 gi|38 24932 25202 
2064 432 gi|38 24964 25118 
829 329 gi|38 24964 25077 
105 305 gi|38 24982 25072 
2425 455 gi|38 34729 34983 
2066 341 gi|38 34809 34891 
2068 304 gi|38 34838 34893 
2070 439 gi|38 34839 34964 
2072 333 gi|38 34839 34890 
1889 1095 gi|38 34842 35004 
319 888 gi|38 34842 34946 
691 665 gi|38 34842 34946 
625 476 gi|38 34842 34894 
1873 995 gi|38 34872 35043 
1883 259 gi|38 34887 34946 
1137 317 gi|38 34891 34938 
1909 903 gi|38 34893 35159 
1129 677 gi|38 34893 35100 
1575 777 gi|38 34902 35102 
699 1350 gi|38 34926 35126 
1895 252 gi|38 34926 35050 
2395 1116 gi|38 34932 35108 
2074 420 gi|38 34950 35005 
1117 280 gi|38 34967 35011 
2076 373 gi|38 35004 35107 
633 810 gi|38 35006 35103 
2353 322 gi|38 35008 35096 
205 857 gi|38 39723 40142 
1053 259 gi|39 6426 6480 
1213 259 gi|39 6426 6480 
2106 252 gi|39 6426 6480 
2108 277 gi|39 6426 6480 
2110 283 gi|39 6426 6480 
1865 316 gi|39 6520 7131 
1559 323 gi|39 7256 7381 
1723 369 gi|39 7313 7406 
2112 353 gi|39 7325 7381 
2373 353 gi|39 7327 7381 
307 307 gi|39 7332 7380 
2387 11942 gi|39 7776 9298 
2114 12002 gi|39 7825 9303 
2116 12011 gi|39 7913 9297 
2021 12077 gi|39 7917 9302 
1369 12070 gi|39 7974 9305 
1523 12051 gi|39 7975 9301 
2118 12074 gi|39 7975 9301 
2097 12055 gi|39 7975 9298 
1395 12031 gi|39 7975 9297 
1671 12049 gi|39 7975 9297 
2120 12049 gi|39 7975 9297 
211 1533 gi|39 12577 14423 
1431 1278 gi|39 12967 13906 
43 267 gi|39 14527 14663 
361 266 gi|39 16224 16376 
1849 349 gi|39 16289 16366 
2122 443 gi|39 16295 16381 
2124 509 gi|39 16301 16383 
2126 445 gi|39 16302 16380 
77 251 gi|39 16302 16380 
1551 338 gi|39 16317 16368 
2128 281 gi|39 24509 24582 
2365 427 gi|39 27864 28123 
2130 253 gi|39 27917 28117 
2132 611 gi|39 27991 28165 
1731 425 gi|39 27996 28091 
1567 643 gi|39 28001 28298 
2134 558 gi|39 28001 28188 
1255 310 gi|39 28001 28089 
299 275 gi|39 28005 28055 
659 272 gi|39 28006 28100 
2427 324 gi|39 28073 28234 
2071 439 gi|39 28115 28233 
2059 522 gi|39 28116 28280 
621 559 gi|39 28116 28264 
687 671 gi|39 28116 28218 
2136 285 gi|39 28116 28194 
327 629 gi|39 28118 28283 
1899 468 gi|39 28118 28234 
2403 433 gi|39 28163 28228 
1881 404 gi|39 28163 28218 
2075 420 gi|39 28163 28218 
1911 265 gi|39 28165 28223 
2138 283 gi|39 28217 28282 
1153 312 gi|39 28217 28270 
711 288 gi|39 28217 28264 
1923 268 gi|39 28219 28265 
2140 466 gi|39 29872 30461 
2142 530 gi|39 30932 31344 
2144 865 gi|39 32363 32624 
1774 250 gi|4 2624 2848 
1776 322 gi|4 2699 3078 
1778 347 gi|4 13609 14049 
1780 734 gi|4 13611 14075 
1782 676 gi|4 13680 13985 
1784 286 gi|4 13712 13932 
1786 257 gi|4 13763 13863 
1788 363 gi|4 17322 17947 
1790 265 gi|4 17709 17813 
1792 430 gi|4 17713 17924 
1794 271 gi|4 17724 17801 
1796 291 gi|4 17726 17896 
1798 395 gi|4 18350 19587 
1800 302 gi|4 23432 24477 
1802 279 gi|4 28182 28795 
1804 258 gi|4 28435 28537 
1806 2348 gi|4 30004 31684 
1808 448 gi|4 30048 30757 
1810 266 gi|4 30101 30187 
1812 301 gi|4 30278 30645 
1814 408 gi|4 30438 30646 
1816 277 gi|4 30454 30699 
1818 272 gi|4 30455 30656 
1820 270 gi|4 30463 30643 
1822 611 gi|4 32305 32629 
1824 965 gi|4 35528 36096 
1321 742 gi|4 35621 36051 
725 408 gi|4 35624 35955 
1826 839 gi|4 35627 35994 
1828 511 gi|4 35705 36012 
1830 974 gi|4 35707 36349 
1832 323 gi|4 35708 35954 
1834 328 gi|4 35715 35940 
1421 375 gi|40 23278 23604 
2146 395 gi|40 23401 23680 
2148 302 gi|40 23406 23604 
2041 614 gi|40 26880 27036 
2081 484 gi|40 26890 26980 
2150 405 gi|40 26891 26977 
2047 279 gi|40 26905 26979 
2152 300 gi|40 26917 27028 
739 283 gi|40 26947 27015 
2154 297 gi|40 27085 27211 
2156 298 gi|40 27145 28143 
2158 533 gi|40 27744 28174 
1155 582 gi|40 27783 28140 
1503 784 gi|40 39682 40153 
1533 1083 gi|40 39751 40174 
1357 266 gi|40 40032 40168 
31 268 gi|41 5553 6069 
2284 256 gi|41 12610 12652 
2286 642 gi|41 17341 17536 
2288 628 gi|41 17418 17537 
2290 1004 gi|41 17507 17657 
2292 5861 gi|41 17931 18691 
2294 5583 gi|41 17965 18693 
2296 1684 gi|41 19301 19671 
2298 961 gi|41 19387 19671 
2302 1958 gi|41 19544 19817 
2300 2027 gi|41 19544 19809 
2304 47378 gi|41 19850 26605 
2306 1670 gi|41 21747 22235 
2308 1461 gi|41 26390 26605 
2310 383 gi|41 26853 26941 
2312 269 gi|41 26910 26955 
2314 263 gi|41 26911 26955 
2316 907 gi|41 27603 27762 
2318 415 gi|41 28721 28800 
2320 458 gi|41 28725 28793 
2322 1102 gi|41 30778 31031 
2324 7500 gi|41 31180 32143 
2326 735 gi|41 31963 32147 
2328 447 gi|41 32018 32068 
265 278 gi|41 34214 35089 
2330 745 gi|41 39239 40178 
2160 494 gi|42 6255 6833 
2162 7974 gi|42 8531 9801 
2289 628 gi|42 8604 8747 
2295 5583 gi|42 9074 9803 
2299 961 gi|42 10495 10784 
2164 11949 gi|42 10547 11982 
2303 1958 gi|42 11710 11984 
2166 2512 gi|42 12180 12662 
2168 4039 gi|42 17559 18073 
2309 1461 gi|42 17559 17775 
2321 458 gi|42 18250 18320 
2313 269 gi|42 18278 18319 
2319 415 gi|42 18883 18961 
2315 263 gi|42 18913 18953 
2317 907 gi|42 19153 19315 
2323 1102 gi|42 21914 22186 
2325 7500 gi|42 22098 23045 
2170 5853 gi|42 22881 24385 
2172 860 gi|42 22936 24235 
7 2562 gi|42 26102 27181 
9 5199 gi|42 26172 27189 
11 4630 gi|42 26273 27207 
2174 379 gi|42 28973 29943 
2176 319 gi|42 29309 29899 
2276 344 gi|43 27641 27870 
47 256 gi|43 27737 27818 
2278 301 gi|43 27738 28105 
251 257 gi|43 27738 27832 
2280 279 gi|43 27738 27829 
733 290 gi|43 27738 27825 
1959 253 gi|43 27738 27823 
2282 363 gi|43 27740 27831 
2331 745 gi|43 33755 34696 
2266 2078 gi|44 3060 3986 
1447 2026 gi|44 4356 5832 
2268 421 gi|44 4541 5073 
2270 293 gi|44 4575 4991 
1595 1486 gi|44 4594 5889 
1071 478 gi|44 18434 18484 
1581 347 gi|44 18434 18484 
1893 345 gi|44 18434 18484 
1919 261 gi|44 18434 18484 
2039 345 gi|44 18434 18484 
2272 478 gi|44 18434 18484 
2433 321 gi|44 18434 18484 
1131 256 gi|44 18435 18484 
2419 335 gi|44 18435 18484 
2274 316 gi|44 34644 35048 
1591 364 gi|44 34646 34830 
149 2135 gi|45 4 1543 
157 2303 gi|45 4 1510 
2210 1394 gi|45 4 716 
145 654 gi|45 4 675 
153 688 gi|45 13 494 
163 543 gi|45 662 1507 
2212 1990 gi|45 700 1541 
147 781 gi|45 711 1547 
2214 643 gi|45 735 878 
1279 263 gi|45 9660 9815 
1505 330 gi|45 12977 13239 
1507 293 gi|45 16110 16364 
1537 301 gi|45 16133 16364 
1495 272 gi|45 16234 16378 
1497 255 gi|45 19738 19882 
2216 261 gi|45 36330 37146 
2218 331 gi|45 36787 36924 
375 268 gi|46 8 385 
2147 395 gi|46 113 391 
1423 324 gi|46 132 331 
2236 286 gi|46 4288 5167 
2238 371 gi|46 8330 8449 
2240 282 gi|46 8379 8533 
2242 447 gi|46 8380 8530 
953 773 gi|46 8462 8549 
2244 740 gi|46 8462 8542 
473 257 gi|46 8468 8533 
893 257 gi|46 8468 8533 
2441 293 gi|46 8477 8670 
2246 468 gi|46 9902 10603 
111 588 gi|46 11880 12481 
1863 1028 gi|46 11904 12242 
2248 384 gi|46 12102 12259 
115 315 gi|46 12360 12612 
1861 424 gi|46 12434 12623 
2250 289 gi|46 12471 12647 
2005 259 gi|46 15418 15512 
283 250 gi|46 15764 16045 
991 985 gi|46 19367 20139 
2252 441 gi|46 20538 20774 
1837 266 gi|46 27825 29119 
2254 580 gi|46 33831 34382 
2256 806 gi|46 33850 34482 
2258 535 gi|46 33934 34338 
2260 412 gi|46 39532 40020 
2468 1876 gi|47 1937 2398 
379 1582 gi|47 2032 2402 
141 357 gi|47 2249 2726 
121 327 gi|47 2320 2397 
771 469 gi|47 2327 2398 
137 1334 gi|47 2991 3221 
2470 685 gi|47 3019 3795 
133 15637 gi|47 3594 5384 
1859 358 gi|47 12155 12326 
2251 289 gi|47 12173 12333 
2249 384 gi|47 12173 12324 
2217 261 gi|47 13955 14751 
1491 255 gi|47 14206 14270 
263 7064 gi|47 20942 22982 
2375 269 gi|47 21257 21365 
261 3441 gi|47 21920 22967 
391 283 gi|47 23342 23407 
383 1106 gi|47 25077 25365 
763 426 gi|47 25084 25179 
2472 1039 gi|47 25092 25330 
2239 371 gi|47 26183 26308 
2474 384 gi|47 26231 26561 
2476 251 gi|47 26369 26508 
445 302 gi|47 26373 26602 
951 1437 gi|47 26373 26527 
2478 679 gi|47 26374 26447 
2482 312 gi|47 26382 26839 
2480 411 gi|47 26382 26832 
2484 448 gi|47 26385 26779 
2486 2334 gi|47 26417 26979 
2488 1612 gi|47 26434 26979 
2490 328 gi|47 26444 26618 
447 281 gi|47 26446 26961 
2245 740 gi|47 26446 26526 
891 471 gi|47 26452 26865 
2492 275 gi|47 26452 26654 
455 342 gi|47 26452 26654 
2494 418 gi|47 26456 26851 
493 351 gi|47 26456 26649 
2496 322 gi|47 26456 26569 
2498 633 gi|47 26458 26839 
2500 348 gi|47 26460 26831 
479 382 gi|47 26498 26961 
877 330 gi|47 26521 26851 
599 835 gi|47 26524 26700 
451 470 gi|47 26529 26851 
2502 452 gi|47 26530 26961 
2504 356 gi|47 26530 26872 
2506 312 gi|47 26589 26926 
2508 725 gi|47 26627 26977 
499 337 gi|47 26704 26839 
2510 296 gi|47 26719 26931 
2512 401 gi|47 26721 26971 
2514 317 gi|47 26762 26890 
501 282 gi|47 26795 26989 
2516 322 gi|47 26798 26929 
2518 710 gi|47 26806 26886 
605 273 gi|47 26813 26924 
1651 324 gi|47 34379 34557 
2178 611 gi|48 3691 3804 
1429 413 gi|48 3719 3799 
2180 294 gi|48 3724 3800 
2182 330 gi|48 6441 7058 
803 308 gi|48 8871 9076 
2184 369 gi|48 8967 9142 
221 1832 gi|48 15087 16396 
2186 259 gi|48 15124 15713 
1715 275 gi|48 15132 15422 
1655 385 gi|48 15172 15403 
171 422 gi|48 15203 15699 
1017 356 gi|48 15222 15777 
2188 268 gi|48 15301 15785 
1711 276 gi|48 15304 15405 
2190 298 gi|48 15306 15715 
127 275 gi|48 15319 15490 
2279 301 gi|48 15322 15710 
2192 312 gi|48 15622 15754 
1649 273 gi|48 15677 15789 
863 13373 gi|48 18947 20471 
2194 425 gi|48 18951 18999 
1705 294 gi|48 18952 18987 
2196 469 gi|48 18994 19105 
2198 288 gi|48 20207 20364 
611 417 gi|48 20411 20464 
485 354 gi|48 20520 20722 
453 363 gi|48 20705 21046 
2505 356 gi|48 20819 21135 
927 270 gi|48 20914 21095 
2483 312 gi|48 20918 21355 
905 877 gi|48 20921 21135 
2507 312 gi|48 20960 21259 
449 676 gi|48 20997 21541 
913 318 gi|48 20997 21470 
2485 448 gi|48 20997 21387 
2509 725 gi|48 21068 21397 
439 992 gi|48 21109 21467 
2487 2334 gi|48 21113 21657 
925 900 gi|48 21143 21387 
459 372 gi|48 21150 21694 
481 328 gi|48 21220 21694 
917 301 gi|48 21245 21541 
933 309 gi|48 21257 21555 
457 908 gi|48 21314 21997 
885 452 gi|48 21316 21639 
2501 348 gi|48 21332 21694 
2489 1612 gi|48 21392 21961 
921 329 gi|48 21449 21859 
441 505 gi|48 21480 22239 
2200 734 gi|48 21496 21576 
2481 411 gi|48 21504 22000 
911 328 gi|48 21507 21845 
431 1035 gi|48 21569 22343 
1757 850 gi|48 21655 21758 
2475 384 gi|48 21669 21994 
467 620 gi|48 21788 22427 
923 326 gi|48 21795 22240 
2202 734 gi|48 21800 21880 
461 554 gi|48 21873 22561 
941 357 gi|48 21876 22137 
907 432 gi|48 21893 22429 
1755 895 gi|48 21959 22065 
433 879 gi|48 21960 22707 
2243 447 gi|48 21980 22137 
521 312 gi|48 22063 22144 
929 726 gi|48 22076 22511 
2499 633 gi|48 22079 22477 
429 553 gi|48 22080 22434 
2511 296 gi|48 22080 22302 
903 352 gi|48 22081 22468 
469 380 gi|48 22119 22702 
523 384 gi|48 22148 22241 
435 893 gi|48 22164 22868 
2513 401 gi|48 22180 22434 
2439 263 gi|48 22180 22240 
519 324 gi|48 22246 22342 
437 3940 gi|48 22257 22947 
895 258 gi|48 22278 22387 
2497 322 gi|48 22367 22474 
417 3481 gi|48 22370 23197 
901 563 gi|48 22371 22869 
881 296 gi|48 22434 22947 
603 302 gi|48 22451 22618 
465 768 gi|48 22455 23039 
475 621 gi|48 22533 23041 
601 429 gi|48 22628 22798 
2503 452 gi|48 22630 23034 
2495 418 gi|48 22644 23019 
2241 282 gi|48 22720 22869 
919 776 gi|48 22760 23048 
883 1006 gi|48 22793 23003 
943 30267 gi|48 22795 26376 
487 487 gi|48 22795 23044 
497 389 gi|48 22795 23039 
2493 275 gi|48 22805 23000 
491 449 gi|48 22811 22996 
2491 328 gi|48 22876 23054 
503 438 gi|48 22878 23053 
897 359 gi|48 22890 22947 
525 282 gi|48 22958 23039 
511 514 gi|48 22959 23055 
909 351 gi|48 22985 23041 
1769 476 gi|48 23043 23118 
517 30672 gi|48 23057 26455 
1765 31108 gi|48 23057 26376 
593 29915 gi|48 23057 26376 
1767 470 gi|48 23057 23118 
1771 402 gi|48 23057 23118 
539 339 gi|48 23068 23118 
463 473 gi|48 26329 26570 
937 553 gi|48 26350 26499 
505 897 gi|48 26355 26544 
879 335 gi|48 26368 26555 
443 453 gi|48 26374 26544 
471 276 gi|48 26375 26552 
495 356 gi|48 26375 26549 
2517 322 gi|48 26376 26507 
427 479 gi|48 26376 26458 
2515 317 gi|48 26432 26562 
515 17038 gi|48 26468 28300 
509 304 gi|48 26468 26563 
947 250 gi|48 26473 26544 
977 16397 gi|48 26556 28588 
1763 16404 gi|48 26556 28461 
597 16280 gi|48 26556 28301 
2204 981 gi|48 31110 32258 
1781 734 gi|48 33826 34289 
281 617 gi|48 33843 34440 
285 1067 gi|48 33878 34555 
1821 270 gi|48 33971 34145 
2219 331 gi|48 34005 34126 
1345 250 gi|48 34009 34144 
235 250 gi|48 34033 34142 
185 336 gi|48 34039 34148 
2206 297 gi|48 34046 34143 
2208 251 gi|48 34145 34269 
1961 283 gi|48 34354 34504 
2007 254 gi|48 34410 34494 
1687 529 gi|49 43 350 
607 252 gi|49 4593 4674 
1477 778 gi|49 5929 6710 
1469 562 gi|49 6043 6685 
179 488 gi|49 6182 6700 
2690 398 gi|49 6214 6725 
245 351 gi|49 6323 6515 
2692 498 gi|49 6328 6669 
1817 277 gi|49 6408 6656 
669 266 gi|49 6408 6656 
1351 287 gi|49 6408 6515 
1717 318 gi|49 6412 6603 
1461 799 gi|49 7101 7790 
1489 375 gi|49 7102 7606 
2694 359 gi|49 7410 7678 
63 401 gi|49 7425 7670 
243 355 gi|49 7426 7579 
2696 346 gi|49 7432 7540 
1023 380 gi|49 7445 7602 
1955 309 gi|49 7448 7566 
2698 307 gi|49 7466 7791 
1819 272 gi|49 7472 7700 
2700 284 gi|49 7472 7670 
1347 335 gi|49 7472 7586 
2281 279 gi|49 7472 7563 
1413 368 gi|49 7490 7664 
1483 596 gi|49 11694 12291 
1467 301 gi|49 11717 12369 
175 340 gi|49 11819 12264 
1709 436 gi|49 12055 12316 
667 351 gi|49 12067 12289 
1459 525 gi|49 12690 13397 
2702 260 gi|49 12734 13250 
2191 298 gi|49 12740 13161 
173 258 gi|49 12763 13161 
1475 270 gi|49 12867 13359 
2704 323 gi|49 12986 13249 
1815 408 gi|49 13041 13245 
1493 273 gi|49 14228 14398 
801 264 gi|49 25904 26278 
2185 369 gi|49 26176 26350 
2706 257 gi|49 30783 30856 
1929 319 gi|49 30970 31375 
1927 1099 gi|49 32515 33297 
860 271 gi|5 1260 1330 
862 13373 gi|5 1290 2816 
864 425 gi|5 1294 1342 
866 469 gi|5 1337 1448 
868 269 gi|5 2550 2708 
870 417 gi|5 2755 2807 
872 935 gi|5 2821 3039 
874 499 gi|5 2823 3343 
876 330 gi|5 2826 3168 
878 335 gi|5 2834 3000 
880 296 gi|5 2837 3343 
882 1006 gi|5 2839 3039 
886 1704 gi|5 2841 3500 
884 452 gi|5 2841 3183 
888 257 gi|5 2841 2913 
890 471 gi|5 2851 3261 
892 257 gi|5 2851 2915 
894 258 gi|5 2854 2952 
898 366 gi|5 2855 2952 
896 359 gi|5 2855 2912 
900 563 gi|5 2857 3346 
902 352 gi|5 2857 3227 
912 318 gi|5 2858 3346 
906 432 gi|5 2858 3345 
910 328 gi|5 2858 3168 
904 877 gi|5 2858 3084 
908 351 gi|5 2858 2914 
914 351 gi|5 2858 2914 
916 301 gi|5 2859 3168 
918 776 gi|5 2886 3197 
920 329 gi|5 2894 3261 
922 326 gi|5 2921 3344 
924 900 gi|5 2922 3188 
926 270 gi|5 2929 3149 
928 726 gi|5 2931 3344 
930 851 gi|5 2937 3197 
932 309 gi|5 2942 3261 
934 293 gi|5 3002 3227 
936 553 gi|5 3093 3224 
938 293 gi|5 3093 3188 
940 357 gi|5 3116 3343 
942 30267 gi|5 3117 6756 
944 483 gi|5 3117 3344 
946 250 gi|5 3118 3188 
948 756 gi|5 3131 3276 
950 1437 gi|5 3202 3356 
952 773 gi|5 3275 3361 
954 30330 gi|5 3354 6799 
958 29316 gi|5 3354 6501 
956 475 gi|5 3354 3421 
960 49673 gi|5 3357 8679 
962 472 gi|5 3360 3421 
964 404 gi|5 3360 3421 
966 342 gi|5 3371 3421 
968 474 gi|5 6457 6609 
970 1231 gi|5 6613 6756 
972 472 gi|5 6727 6880 
974 16755 gi|5 6888 8745 
976 16397 gi|5 6929 8903 
978 16401 gi|5 6930 8676 
980 259 gi|5 8634 8686 
982 458 gi|5 10406 11692 
984 278 gi|5 10444 11655 
986 544 gi|5 10684 11620 
988 397 gi|5 18702 20508 
990 985 gi|5 20916 21685 
994 7691 gi|5 28829 29792 
992 7793 gi|5 28829 29791 
996 3490 gi|5 28829 29328 
998 1422 gi|5 28829 29018 
1000 2701 gi|5 29476 29792 
1002 1507 gi|5 32133 33267 
1004 433 gi|5 32320 32695 
1589 487 gi|50 1376 1796 
2275 316 gi|50 1388 1768 
1445 723 gi|50 1474 1840 
1933 542 gi|50 2385 2849 
199 459 gi|50 5943 6155 
1931 257 gi|50 8666 8735 
129 300 gi|50 19313 19462 
2159 533 gi|51 2198 2630 
1157 318 gi|51 2231 2627 
2220 372 gi|51 2388 2656 
2155 297 gi|51 3166 3289 
2222 2901 gi|51 3318 4720 
2224 4319 gi|51 3372 4696 
1629 369 gi|51 3382 4594 
2226 258 gi|51 7099 7168 
1905 279 gi|51 7118 7247 
311 386 gi|51 7118 7228 
613 317 gi|51 7118 7211 
685 337 gi|51 7118 7177 
2069 304 gi|51 7118 7174 
2057 296 gi|51 7118 7173 
2228 269 gi|51 7121 7171 
2230 5077 gi|51 9886 11673 
1511 328 gi|51 11979 12115 
1541 374 gi|51 11979 12115 
1501 292 gi|51 11981 12122 
989 397 gi|51 14802 16641 
1799 395 gi|51 15384 16611 
2232 400 gi|51 30294 31058 
1965 333 gi|51 32701 32999 
2234 2782 gi|51 37305 37926 
1869 262 gi|51 38793 38961 
83 282 gi|51 40012 40172 
2520 264 gi|52 4277 4372 
2522 394 gi|52 5673 5955 
1759 1714 gi|52 9264 10784 
1453 275 gi|52 9517 9970 
2524 333 gi|52 15751 15964 
99 347 gi|52 16149 16230 
97 351 gi|52 16195 16291 
91 480 gi|52 16215 16375 
2065 432 gi|52 16257 16426 
2526 289 gi|52 23326 23893 
1645 857 gi|52 37713 38415 
2450 2599 gi|53 2999 4448 
2223 2901 gi|53 3021 4447 
1627 330 gi|53 3124 4341 
67 265 gi|53 5443 7009 
1415 323 gi|53 7500 7806 
55 1041 gi|53 7523 8238 
1465 392 gi|53 7533 7836 
2009 406 gi|53 7569 7979 
1011 360 gi|53 7594 7811 
2695 359 gi|53 7623 7890 
231 387 gi|53 7630 7897 
2277 344 gi|53 7636 7868 
1949 363 gi|53 7659 7815 
1775 250 gi|53 7664 7888 
1349 283 gi|53 7715 7983 
2193 312 gi|53 16149 16281 
2452 729 gi|53 16662 17705 
1471 294 gi|53 23558 23849 
2703 260 gi|53 23607 24110 
2701 284 gi|53 23608 23805 
2454 258 gi|53 23712 23864 
249 325 gi|53 23712 23841 
2283 363 gi|53 23716 23807 
1417 270 gi|53 23716 23787 
2699 307 gi|53 24273 24597 
2691 398 gi|53 24276 24788 
1473 435 gi|53 24278 24553 
2456 289 gi|53 24328 24508 
671 270 gi|53 24348 24542 
2705 323 gi|53 24397 24666 
2458 310 gi|53 31521 31602 
2460 277 gi|53 31543 31638 
823 281 gi|53 31543 31621 
2462 277 gi|53 31547 31638 
2335 379 gi|53 31548 31653 
825 267 gi|53 31556 31745 
839 333 gi|53 31556 31622 
107 338 gi|53 31563 31622 
841 283 gi|53 31566 31746 
815 257 gi|53 31581 31627 
109 290 gi|53 31703 31768 
2464 273 gi|53 31703 31745 
2466 550 gi|53 39914 40177 
159 722 gi|53 39966 40178 
2215 643 gi|53 40028 40171 
2183 330 gi|54 10884 11500 
2527 289 gi|54 10964 11503 
2045 287 gi|54 20981 21111 
2153 300 gi|54 20985 21111 
2262 300 gi|54 21043 21107 
2264 250 gi|54 27846 27939 
859 1551 gi|55 127 3862 
1441 2217 gi|55 7752 8972 
267 376 gi|55 8357 8672 
2099 268 gi|55 28984 29120 
2079 327 gi|55 30270 30377 
2151 405 gi|55 30270 30353 
2263 300 gi|55 30270 30329 
2043 361 gi|55 30277 30351 
1329 2712 gi|55 30735 32494 
1623 974 gi|55 33226 34013 
575 2075 gi|55 33256 34035 
1625 1110 gi|55 34268 35234 
579 1900 gi|55 34343 35212 
581 578 gi|55 36867 37286 
1685 388 gi|55 39964 40171 
2572 11969 gi|56 3278 4806 
2574 11955 gi|56 3334 4783 
1657 12018 gi|56 3339 4820 
1513 11960 gi|56 3342 4789 
2576 12017 gi|56 3359 4787 
2091 12054 gi|56 3395 4766 
1389 12065 gi|56 3411 4840 
2025 12071 gi|56 3433 4806 
2381 12049 gi|56 3435 4775 
2117 12011 gi|56 3437 4806 
1383 12033 gi|56 3437 4759 
2253 441 gi|56 5931 6170 
413 469 gi|56 20242 20388 
2233 400 gi|56 23390 24121 
1281 364 gi|56 32160 32249 
2552 1153 gi|57 5554 6618 
1643 255 gi|57 6254 6436 
2333 813 gi|57 9360 9770 
2554 307 gi|57 10883 11303 
2453 729 gi|57 11366 12397 
2197 469 gi|57 13946 14064 
867 469 gi|57 13946 14064 
1737 282 gi|57 14030 14126 
73 322 gi|57 14041 14132 
2556 568 gi|57 14042 14161 
2125 509 gi|57 14043 14128 
2707 257 gi|57 14045 14125 
2558 517 gi|57 14047 14131 
363 386 gi|57 14050 14128 
1553 405 gi|57 14058 14134 
1845 535 gi|57 14060 14135 
131 324 gi|57 30265 30388 
1773 302 gi|57 33213 33290 
997 3490 gi|57 37602 38096 
2560 3868 gi|57 37605 38096 
2562 3843 gi|57 37605 38096 
2564 1394 gi|57 37907 38096 
2105 579 gi|58 27 378 
2235 2782 gi|58 2491 3115 
227 290 gi|58 4784 5146 
1487 295 gi|58 4837 5030 
2011 259 gi|58 4841 5105 
1019 339 gi|58 4846 5035 
2528 321 gi|58 4846 5029 
1653 290 gi|58 4848 5029 
45 267 gi|58 4939 5067 
1957 401 gi|58 4944 5428 
1777 322 gi|58 4945 5336 
49 256 gi|58 5302 5436 
1101 255 gi|58 5302 5402 
2149 302 gi|58 34759 34972 
2442 352 gi|59 14603 14782 
1309 266 gi|59 14603 14649 
833 383 gi|59 14629 14783 
847 258 gi|59 14726 14783 
2444 390 gi|59 14726 14782 
2446 49056 gi|59 19127 24686 
2448 1679 gi|59 25667 26126 
743 419 gi|59 31078 31405 
2205 981 gi|59 33782 34930 
0 268 gi|6 11792 11923 
2 320 gi|6 12135 12730 
4 1007 gi|6 14776 14919 
6 2562 gi|6 15129 16190 
8 5199 gi|6 16327 17353 
10 4630 gi|6 17423 18345 
12 5598 gi|6 18609 19296 
14 2427 gi|6 18836 19212 
16 2376 gi|6 19159 19717 
18 256 gi|6 19201 19239 
20 874 gi|6 19723 20299 
22 285 gi|6 21134 21168 
24 2640 gi|6 21147 22506 
26 1553 gi|6 23758 25140 
28 307 gi|6 29048 29383 
30 268 gi|6 32778 33294 
1585 955 gi|60 10 954 
573 1139 gi|60 3442 4689 
1275 2282 gi|60 12852 13919 
2171 5853 gi|60 13835 15329 
2530 344 gi|60 13929 14557 
2532 1282 gi|60 14925 15301 
2327 735 gi|60 15157 15329 
2311 383 gi|60 19922 20005 
2169 4039 gi|60 19925 20431 
2305 47378 gi|60 20215 26962 
2534 1655 gi|60 24584 25072 
2167 2512 gi|60 26814 27277 
2165 11949 gi|60 27260 28695 
2301 2027 gi|60 27268 27531 
2297 1684 gi|60 28458 28817 
2293 5861 gi|60 28796 29558 
2163 7974 gi|60 28797 30142 
2291 1004 gi|60 29533 29690 
2287 642 gi|60 29890 30142 
1641 276 gi|61 420 689 
1751 250 gi|61 422 689 
1833 323 gi|61 422 689 
1265 450 gi|61 453 675 
2544 342 gi|61 497 791 
2546 284 gi|61 647 692 
1695 2584 gi|61 22703 23506 
2267 2078 gi|61 23779 24705 
2548 1839 gi|61 30184 31615 
2550 252 gi|61 32381 33763 
1601 360 gi|61 34903 35138 
39 824 gi|61 37355 38358 
1971 762 gi|61 37380 38656 
1285 552 gi|61 37513 38347 
1599 277 gi|61 39663 39740 
1925 4337 gi|62 4976 8706 
2584 300 gi|62 12493 12730 
949 756 gi|62 24141 24290 
2479 679 gi|62 24141 24214 
2477 251 gi|62 24156 24302 
2201 734 gi|62 24217 24297 
2203 734 gi|62 24217 24297 
2519 710 gi|62 24217 24297 
2177 319 gi|62 24910 25499 
2586 677 gi|62 24911 25540 
1805 258 gi|62 25157 25259 
2588 431 gi|62 26671 27386 
1457 481 gi|62 34180 34331 
2471 685 gi|62 34280 35029 
135 438 gi|62 34280 34452 
139 573 gi|62 34865 35195 
2590 1267 gi|62 36500 36943 
2592 265 gi|62 36615 36664 
2523 394 gi|62 37222 37504 
2594 1735 gi|62 37631 37987 
2596 3408 gi|62 37697 40149 
2063 430 gi|63 5302 5438 
1499 308 gi|63 11523 11754 
1509 294 gi|63 11523 11658 
1539 313 gi|63 11523 11657 
677 1633 gi|63 16848 17183 
1163 1052 gi|63 16965 17228 
2557 568 gi|63 17268 17399 
79 314 gi|63 17288 17393 
1839 355 gi|63 17292 17544 
359 318 gi|63 17296 17418 
1555 359 gi|63 17310 17382 
2123 443 gi|63 17311 17395 
2644 459 gi|63 17315 17393 
1739 254 gi|63 17316 17401 
2555 307 gi|63 24913 25319 
2646 325 gi|63 28775 28993 
2648 451 gi|63 28830 29053 
1939 271 gi|63 28883 29655 
169 859 gi|63 29061 29708 
1343 441 gi|63 29086 29558 
229 369 gi|63 29092 29627 
2187 259 gi|63 29130 29722 
2693 498 gi|63 29364 29690 
2650 374 gi|63 29378 29620 
2697 346 gi|63 29390 29498 
1463 385 gi|63 29430 29743 
1707 348 gi|63 29436 29678 
2529 321 gi|63 29437 29623 
65 319 gi|63 29439 29626 
2207 297 gi|63 29440 29537 
189 595 gi|63 30123 31227 
69 290 gi|63 30416 30606 
2531 344 gi|63 31589 32270 
2173 860 gi|63 31690 32997 
2652 342 gi|63 31718 32254 
377 290 gi|63 31736 31879 
373 290 gi|63 32164 32252 
2533 1282 gi|63 32644 33031 
2329 447 gi|63 32947 32997 
2161 494 gi|63 38067 38643 
2536 927 gi|64 6256 7294 
2265 250 gi|64 8764 8852 
2141 466 gi|64 13589 14181 
2538 293 gi|64 14515 14669 
1425 399 gi|64 14588 14717 
2181 294 gi|64 14593 14669 
2269 421 gi|64 23842 24365 
1597 345 gi|64 23884 24297 
1451 464 gi|64 24089 24694 
2540 296 gi|64 24097 24289 
2237 286 gi|64 26314 27160 
2585 300 gi|64 28643 28872 
1433 2674 gi|64 30777 31790 
1435 611 gi|64 32096 32586 
1437 579 gi|64 32587 32908 
2551 252 gi|64 35276 36670 
2542 275 gi|64 36239 36284 
195 289 gi|64 39830 40045 
1743 551 gi|65 8657 9692 
1543 303 gi|65 8996 9604 
165 697 gi|65 15054 15658 
167 486 gi|65 16075 16515 
2307 1670 gi|65 21586 22112 
2535 1655 gi|65 21586 22112 
2653 342 gi|65 23628 24152 
767 296 gi|65 24340 24455 
2722 318 gi|65 24347 24416 
389 281 gi|65 24347 24416 
737 261 gi|65 30826 30988 
2049 269 gi|65 35936 36026 
2553 1153 gi|66 5 1095 
1337 561 gi|66 31498 32018 
2389 324 gi|66 38543 38677 
2027 427 gi|66 38762 38862 
2345 265 gi|66 38783 38850 
551 253 gi|66 38793 38850 
1277 292 gi|67 826 946 
2451 2599 gi|67 1340 2775 
2225 4319 gi|67 1384 2711 
1631 549 gi|67 2061 2710 
583 429 gi|67 4989 5241 
2537 927 gi|67 5441 6484 
2570 371 gi|67 7238 7532 
1549 313 gi|67 12970 13095 
365 307 gi|67 12987 13102 
2559 517 gi|67 13021 13105 
1847 411 gi|67 13023 13092 
2127 445 gi|67 13028 13106 
75 337 gi|67 13028 13106 
2645 459 gi|67 13028 13105 
2525 333 gi|67 13179 13392 
1703 310 gi|67 20045 20140 
2195 425 gi|67 20049 20097 
865 425 gi|67 20049 20097 
209 262 gi|67 39772 40066 
2101 1320 gi|68 6897 8116 
2598 409 gi|68 7101 7739 
355 314 gi|68 7398 7539 
2129 281 gi|68 10672 10746 
741 1002 gi|68 14034 15010 
2571 371 gi|68 18692 18993 
2589 431 gi|68 21618 22323 
2175 379 gi|68 23021 23980 
2587 677 gi|68 23313 23939 
1569 731 gi|68 24102 24261 
2053 362 gi|68 24102 24165 
2229 269 gi|68 24102 24154 
1907 342 gi|68 24102 24153 
2073 333 gi|68 24102 24153 
2600 312 gi|68 24102 24152 
623 358 gi|68 24102 24152 
689 343 gi|68 24102 24152 
317 356 gi|68 24102 24150 
2133 611 gi|68 24103 24281 
2363 450 gi|68 24105 24260 
649 346 gi|68 24106 24309 
2602 490 gi|68 24119 24261 
1729 442 gi|68 24147 24276 
2604 260 gi|68 24151 24261 
1251 268 gi|68 24183 24270 
293 281 gi|68 24214 24287 
2606 1056 gi|68 27052 28394 
351 3201 gi|68 27120 28490 
1083 2578 gi|68 28470 28822 
1167 4123 gi|68 28471 29024 
745 1744 gi|68 28487 28715 
2608 13725 gi|68 28494 30146 
2610 663 gi|68 28496 28591 
2612 881 gi|68 28498 28603 
2614 310 gi|68 28504 28582 
2620 280 gi|68 28528 28576 
1095 271 gi|68 28528 28573 
1179 250 gi|68 28528 28573 
2616 278 gi|68 28528 28573 
2618 278 gi|68 28528 28573 
755 272 gi|68 28528 28572 
2622 3469 gi|68 28882 29315 
993 7793 gi|68 29000 29989 
2561 3868 gi|68 29469 29989 
2624 2713 gi|68 29765 30162 
1189 3952 gi|68 30030 30514 
1057 274 gi|68 30211 30279 
2626 284 gi|68 30211 30279 
2628 270 gi|68 30211 30279 
785 305 gi|68 30211 30279 
773 956 gi|68 30231 30702 
2630 2110 gi|68 30232 30520 
2632 1874 gi|68 30232 30496 
2634 891 gi|68 30265 30377 
1075 678 gi|68 30288 30377 
1607 431 gi|68 30391 30517 
2636 299 gi|68 30392 30521 
1031 829 gi|68 30395 30708 
559 406 gi|68 30395 30482 
2638 861 gi|68 30397 30527 
1227 364 gi|68 30407 30510 
1975 310 gi|68 30420 30551 
1241 279 gi|68 30420 30484 
1043 263 gi|68 30425 30495 
1209 263 gi|68 30425 30495 
1611 259 gi|68 30425 30495 
793 322 gi|68 30425 30495 
2109 277 gi|68 30428 30483 
2640 263 gi|68 30430 30495 
2642 271 gi|68 30431 30495 
1991 296 gi|68 30435 30483 
2566 11990 gi|69 5590 7055 
2575 11955 gi|69 5619 7073 
2089 12041 gi|69 5649 7055 
1517 12136 gi|69 5675 7062 
2568 12021 gi|69 5685 7062 
2019 12034 gi|69 5692 7061 
2119 12074 gi|69 5728 7054 
1381 12000 gi|69 5731 7267 
2385 12046 gi|69 5731 7091 
1393 12038 gi|69 5732 7058 
1669 12061 gi|69 5732 7056 
2521 264 gi|69 36783 36887 
412 469 gi|7 8770 8917 
416 3481 gi|7 24538 25397 
887 1704 gi|7 24538 25220 
414 1133 gi|7 24538 24675 
418 1124 gi|7 24538 24675 
424 415 gi|7 24612 24678 
422 485 gi|7 24612 24676 
420 490 gi|7 24612 24675 
931 851 gi|7 24683 24920 
426 479 gi|7 24683 24766 
428 553 gi|7 24684 25027 
430 1035 gi|7 24685 25423 
432 879 gi|7 24687 25421 
434 893 gi|7 24690 25416 
915 351 gi|7 24690 24746 
436 3940 gi|7 24692 25423 
440 505 gi|7 24692 25419 
438 992 gi|7 24692 25080 
444 302 gi|7 24692 24932 
442 453 gi|7 24692 24859 
446 281 gi|7 24697 25218 
448 676 gi|7 24712 25300 
450 470 gi|7 24712 25046 
452 363 gi|7 24720 25063 
873 935 gi|7 24728 24958 
454 342 gi|7 24731 24927 
899 366 gi|7 24731 24841 
456 908 gi|7 24732 25415 
458 372 gi|7 24732 25309 
460 554 gi|7 24735 25423 
462 473 gi|7 24761 25002 
466 620 gi|7 24784 25419 
464 768 gi|7 24784 25396 
468 380 gi|7 24784 25359 
875 499 gi|7 24784 25337 
470 276 gi|7 24858 25045 
472 257 gi|7 24863 24927 
474 621 gi|7 24864 25413 
476 276 gi|7 24866 24977 
478 382 gi|7 24871 25359 
480 328 gi|7 24906 25421 
482 374 gi|7 24908 25040 
484 354 gi|7 24964 25137 
486 487 gi|7 24967 25220 
488 314 gi|7 25053 25238 
490 449 gi|7 25110 25301 
492 351 gi|7 25111 25305 
494 356 gi|7 25143 25317 
945 483 gi|7 25147 25413 
496 389 gi|7 25148 25413 
498 337 gi|7 25181 25326 
935 293 gi|7 25190 25415 
500 282 gi|7 25220 25416 
502 438 gi|7 25230 25411 
504 897 gi|7 25245 25447 
506 16495 gi|7 25255 27174 
508 304 gi|7 25323 25417 
510 514 gi|7 25329 25423 
889 257 gi|7 25341 25413 
512 48990 gi|7 25426 30802 
514 17038 gi|7 25426 27262 
979 16401 gi|7 25426 27174 
981 259 gi|7 27123 27173 
516 30672 gi|7 27180 30534 
518 324 gi|7 27180 27283 
520 312 gi|7 27180 27262 
522 384 gi|7 27185 27280 
939 293 gi|7 27187 27287 
524 282 gi|7 27187 27268 
526 1231 gi|7 27261 27404 
971 1231 gi|7 27261 27404 
528 30443 gi|7 27399 30668 
959 29316 gi|7 27399 30540 
530 3010 gi|7 30473 31079 
532 2787 gi|7 30473 30802 
534 632 gi|7 30473 30562 
536 339 gi|7 30753 30802 
538 339 gi|7 30753 30802 
540 339 gi|7 30753 30802 
967 342 gi|7 30753 30802 
542 436 gi|7 30773 30859 
544 301 gi|7 30786 30877 
546 278 gi|7 30799 30877 
548 414 gi|7 30800 30857 
550 253 gi|7 30803 30859 
552 327 gi|7 30806 30856 
554 295 gi|7 30852 30979 
556 407 gi|7 30880 30970 
564 383 gi|7 30880 30970 
558 406 gi|7 30880 30967 
560 406 gi|7 30880 30967 
562 406 gi|7 30880 30967 
566 423 gi|7 30890 30967 
568 357 gi|7 30890 30967 
570 267 gi|7 30920 30975 
572 1139 gi|7 34179 35420 
574 2075 gi|7 38155 38908 
576 2330 gi|7 38156 39926 
578 1900 gi|7 39041 39926 
2139 283 gi|70 521 581 
1151 267 gi|70 532 582 
645 273 gi|70 532 582 
5 1007 gi|70 4113 4252 
1247 387 gi|70 8481 8591 
297 357 gi|70 8482 8557 
1563 1257 gi|70 8485 8678 
1727 504 gi|70 8487 8594 
2033 350 gi|70 8491 8582 
2113 353 gi|70 8502 8558 
2135 558 gi|70 8503 8689 
2654 429 gi|70 8503 8620 
2359 1201 gi|70 8504 8669 
655 706 gi|70 8507 8667 
2603 490 gi|70 8510 8642 
811 310 gi|70 8566 8636 
2257 806 gi|70 8842 9464 
2656 585 gi|70 8843 9247 
2658 478 gi|70 8871 9255 
1033 766 gi|70 15500 15712 
1199 2026 gi|70 15560 15887 
2631 2110 gi|70 15589 15887 
775 1015 gi|70 15594 15828 
2660 881 gi|70 15594 15710 
1977 274 gi|70 15597 15687 
1225 368 gi|70 15598 15700 
2662 273 gi|70 15609 15715 
2664 4479 gi|70 15612 16215 
2001 271 gi|70 15612 15672 
1609 432 gi|70 15613 15716 
795 302 gi|70 15613 15682 
557 407 gi|70 15622 15712 
2107 252 gi|70 15624 15679 
2666 915 gi|70 15730 15842 
1073 703 gi|70 15730 15818 
1187 882 gi|70 15815 15950 
2609 13725 gi|70 15834 17468 
995 7691 gi|70 15991 16963 
2563 3843 gi|70 15991 16511 
2668 3337 gi|70 16660 17076 
1173 4020 gi|70 16938 17466 
1081 2557 gi|70 17140 17486 
751 1689 gi|70 17207 17464 
2670 881 gi|70 17359 17464 
2672 663 gi|70 17371 17466 
2674 372 gi|70 17380 17520 
2676 280 gi|70 17386 17434 
1093 271 gi|70 17389 17434 
1177 250 gi|70 17389 17434 
2617 278 gi|70 17389 17434 
2678 278 gi|70 17389 17434 
757 272 gi|70 17390 17434 
2680 557 gi|70 17401 18347 
1679 295 gi|70 17563 18247 
2649 451 gi|70 20766 20994 
2682 292 gi|70 20828 21088 
1259 6650 gi|70 22711 23547 
713 6645 gi|70 22753 23558 
2469 1876 gi|70 34212 34697 
381 1764 gi|70 34333 34697 
2473 1039 gi|70 34423 34696 
123 299 gi|70 34619 34696 
769 586 gi|70 34626 34697 
2723 318 gi|70 34628 34697 
1409 1380 gi|70 34720 34984 
339 904 gi|70 34759 35017 
1547 293 gi|70 34877 35010 
1545 497 gi|70 34892 35017 
275 292 gi|70 34912 35017 
1691 259 gi|70 34941 34977 
2179 611 gi|70 35078 35191 
2539 293 gi|70 35082 35245 
1427 463 gi|70 35083 35250 
2199 288 gi|70 35137 35296 
869 269 gi|70 35137 35296 
1683 594 gi|70 35285 35421 
2115 12002 gi|70 37499 38993 
2379 11966 gi|70 37520 38986 
2093 11993 gi|70 37579 39005 
1531 12002 gi|70 37591 38982 
2573 11969 gi|70 37600 39143 
1677 12028 gi|70 37653 38982 
2023 12048 gi|70 37654 38989 
2569 12021 gi|70 37655 39021 
1371 12046 gi|70 37658 38990 
2684 12010 gi|70 37660 39039 
1399 12027 gi|70 37660 38986 
2593 265 gi|71 1095 1145 
2591 1267 gi|71 1717 2179 
2595 1735 gi|71 1875 2231 
2447 49056 gi|71 5667 11226 
2449 1679 gi|71 11194 11660 
2597 3408 gi|71 11789 14199 
2029 308 gi|71 24369 24470 
545 301 gi|71 24395 24487 
2347 310 gi|71 24413 24470 
1701 266 gi|71 24424 24467 
1273 264 gi|71 26674 26809 
983 458 gi|71 27172 28454 
2686 1067 gi|71 27194 28404 
255 549 gi|71 27256 28392 
647 980 gi|71 28583 29392 
1055 959 gi|71 30046 30174 
2688 976 gi|71 30046 30174 
783 709 gi|71 30046 30157 
2629 270 gi|71 30059 30127 
1579 282 gi|71 30143 30179 
1897 264 gi|71 30145 30179 
2037 264 gi|71 30145 30179 
2031 305 gi|71 30324 30430 
547 278 gi|71 30355 30434 
2349 302 gi|71 30373 30490 
161 532 gi|71 38948 39861 
143 818 gi|71 38954 39820 
2211 1394 gi|71 38982 39680 
155 1875 gi|71 39019 39952 
2213 1990 gi|71 39043 39866 
151 1037 gi|71 39181 39837 
2467 550 gi|71 39685 39953 
2459 310 gi|72 3878 3964 
2341 259 gi|72 3913 3974 
253 265 gi|72 12528 12632 
1587 383 gi|72 19588 19945 
2051 352 gi|72 21110 21187 
2067 341 gi|72 21113 21187 
617 373 gi|72 21116 21187 
679 346 gi|72 21117 21187 
313 380 gi|72 21126 21204 
2437 254 gi|72 21134 21191 
2137 285 gi|72 21136 21204 
2601 312 gi|72 21136 21186 
1901 345 gi|72 21138 21204 
2227 258 gi|72 21139 21212 
2687 1067 gi|72 21668 22878 
987 544 gi|72 21924 22860 
347 1173 gi|72 24853 26170 
1035 2861 gi|72 29608 30027 
781 1535 gi|72 29636 29899 
2639 861 gi|72 29667 29804 
1207 905 gi|72 29676 29804 
2661 881 gi|72 29686 29804 
1229 348 gi|72 29689 29794 
1981 289 gi|72 29698 29781 
2708 260 gi|72 29701 29800 
2710 755 gi|72 29704 29804 
1237 271 gi|72 29704 29781 
1045 271 gi|72 29717 29776 
1217 271 gi|72 29717 29776 
1613 261 gi|72 29717 29776 
2643 271 gi|72 29717 29776 
799 333 gi|72 29717 29776 
2712 273 gi|72 29717 29771 
1619 575 gi|72 29718 29835 
1999 296 gi|72 29718 29766 
567 423 gi|72 29719 29796 
2689 976 gi|72 29788 29916 
2627 284 gi|72 29801 29869 
1577 418 gi|72 29874 29942 
2413 386 gi|72 29883 29961 
1885 409 gi|72 29884 29962 
1917 332 gi|72 29884 29945 
2035 397 gi|72 29884 29942 
2431 372 gi|72 29887 29943 
2273 478 gi|72 29888 29938 
1193 882 gi|72 29939 30142 
2667 915 gi|72 29939 30052 
2714 883 gi|72 29939 30052 
2635 891 gi|72 29939 30051 
777 872 gi|72 29939 30038 
2623 3469 gi|72 30042 30476 
2669 3337 gi|72 30042 30472 
1001 2701 gi|72 30042 30358 
1185 861 gi|72 30333 30476 
1165 804 gi|72 30459 30625 
1085 918 gi|72 30459 30572 
749 881 gi|72 30459 30564 
2613 881 gi|72 30459 30563 
2671 881 gi|72 30459 30563 
2716 662 gi|72 30471 30596 
2718 310 gi|72 30480 30558 
2720 280 gi|72 30486 30534 
1097 271 gi|72 30489 30534 
1181 250 gi|72 30489 30534 
2619 278 gi|72 30489 30534 
2679 278 gi|72 30489 30534 
759 272 gi|72 30490 30534 
1647 491 gi|72 30712 31800 
1021 252 gi|72 30716 30928 
181 416 gi|72 30717 31073 
2651 374 gi|72 30717 30959 
2189 268 gi|72 30795 31278 
125 262 gi|72 30801 30909 
2455 258 gi|72 30814 30968 
1257 326 gi|72 32724 32861 
2549 1839 gi|72 35700 37138 
2231 5077 gi|72 37507 39296 
1313 3709 gi|73 6777 7871 
1825 965 gi|73 7307 7890 
2545 342 gi|73 7373 7667 
1637 565 gi|73 7477 7809 
723 575 gi|73 7477 7803 
1747 766 gi|73 7484 7798 
1267 396 gi|73 7498 7714 
1605 268 gi|73 7502 7735 
1633 268 gi|73 11695 11802 
1327 272 gi|73 11698 11889 
1745 475 gi|73 11810 12137 
1829 511 gi|73 11829 12138 
1603 255 gi|73 11878 12128 
1263 304 gi|73 11892 12172 
2547 284 gi|73 11895 11940 
1317 962 gi|73 11896 12241 
1639 591 gi|73 11898 12216 
731 427 gi|73 11967 12219 
2578 558 gi|73 12771 13479 
2659 478 gi|73 15105 15486 
2580 312 gi|73 15112 15535 
2259 535 gi|73 15160 15540 
2261 412 gi|73 20674 21144 
1419 331 gi|73 21813 22123 
2665 4479 gi|73 23287 23894 
1201 1914 gi|73 23287 23562 
2633 1874 gi|73 23287 23562 
1041 764 gi|73 23287 23387 
2711 755 gi|73 23287 23385 
789 638 gi|73 23287 23385 
1617 443 gi|73 23295 23391 
1989 292 gi|73 23296 23362 
565 383 gi|73 23297 23387 
1233 342 gi|73 23297 23375 
1239 255 gi|73 23297 23362 
1049 263 gi|73 23297 23357 
1215 263 gi|73 23297 23357 
1615 268 gi|73 23297 23357 
2641 263 gi|73 23297 23357 
797 309 gi|73 23297 23357 
2713 273 gi|73 23297 23351 
2582 278 gi|73 23298 23390 
2111 283 gi|73 23299 23354 
1997 297 gi|73 23299 23347 
779 1023 gi|73 23371 23503 
2715 883 gi|73 23405 23517 
1079 728 gi|73 23405 23492 
1191 802 gi|73 23447 23625 
2625 2713 gi|73 23493 23894 
2565 1394 gi|73 23666 23855 
999 1422 gi|73 23666 23855 
2717 662 gi|73 23847 23972 
1171 590 gi|73 23847 23943 
747 689 gi|73 23847 23943 
1087 655 gi|73 23847 23942 
2611 663 gi|73 23847 23941 
2673 663 gi|73 23847 23941 
1091 272 gi|73 23865 23913 
1183 253 gi|73 23865 23913 
2621 280 gi|73 23865 23913 
2677 280 gi|73 23865 23913 
2721 280 gi|73 23865 23913 
761 274 gi|73 23866 23913 
1455 1196 gi|73 25562 26377 
349 781 gi|73 26772 28197 
2607 1056 gi|73 26855 28232 
2599 409 gi|73 27135 27737 
2103 360 gi|73 27241 27765 
1761 261 gi|73 31900 31981 
1593 321 gi|73 32069 32478 
2271 293 gi|73 32091 32504 
1449 418 gi|73 32136 32491 
2541 296 gi|73 32321 32505 
2683 292 gi|73 36512 36792 
2647 325 gi|73 36512 36711 
2157 298 gi|73 38865 39857 
1159 378 gi|73 39312 39704 
2221 372 gi|73 39438 39703 
843 617 gi|74 4017 4255 
853 434 gi|74 4017 4156 
93 372 gi|74 4017 4148 
827 764 gi|74 4023 4215 
1305 376 gi|74 4023 4172 
2443 352 gi|74 4041 4223 
89 537 gi|74 4048 4225 
259 302 gi|74 4058 4171 
2339 274 gi|74 4062 4147 
821 531 gi|74 4063 4215 
2461 277 gi|74 4063 4161 
2465 273 gi|74 4082 4125 
1295 496 gi|74 4089 4244 
2445 390 gi|74 4110 4165 
101 384 gi|74 4119 4214 
2337 281 gi|74 4131 4225 
2463 277 gi|74 4132 4226 
1785 286 gi|74 13188 13411 
1811 266 gi|74 14557 14643 
665 277 gi|74 14566 14643 
1481 321 gi|74 14970 15127 
2457 289 gi|74 14971 15135 
2095 11954 gi|74 18244 19784 
2017 11992 gi|74 18357 19841 
1391 12055 gi|74 18424 19783 
2577 12017 gi|74 18427 19848 
2377 12068 gi|74 18431 19783 
1661 12130 gi|74 18445 19807 
2567 11990 gi|74 18452 19922 
1515 12049 gi|74 18452 19844 
2685 12010 gi|74 18453 19839 
1377 12051 gi|74 18453 19778 
2121 12049 gi|74 18453 19775 
2675 372 gi|74 22860 23000 
1089 299 gi|74 22922 23000 
2615 310 gi|74 22922 23000 
2719 310 gi|74 22922 23000 
753 304 gi|74 22922 23000 
1175 335 gi|74 22927 23000 
2055 261 gi|74 27344 27397 
1365 1124 gi|74 29810 30993 
2209 251 gi|74 32119 32240 
2285 256 gi|74 32450 32491 
2681 557 gi|74 34490 35412 
1681 481 gi|74 34596 35258 
2367 371 gi|75 6064 6242 
2131 253 gi|75 6064 6231 
1561 478 gi|75 6064 6200 
2655 429 gi|75 6064 6167 
2605 260 gi|75 6064 6160 
1725 277 gi|75 6091 6176 
303 256 gi|75 6116 6162 
2145 865 gi|75 6217 6491 
1843 254 gi|75 13540 13626 
2579 558 gi|75 23217 23928 
2543 275 gi|75 24987 25036 
1439 271 gi|75 25592 25704 
1141 293 gi|75 34992 35163 
1583 267 gi|75 35010 35129 
707 313 gi|75 35040 35144 
2077 373 gi|75 35040 35142 
631 412 gi|75 35041 35160 
2061 345 gi|75 35041 35142 
1037 255 gi|75 38352 38486 
2637 299 gi|75 38354 38485 
1205 281 gi|75 38354 38458 
2663 273 gi|75 38354 38458 
2583 278 gi|75 38354 38444 
2709 260 gi|75 38360 38458 
791 251 gi|75 38360 38458 
1235 255 gi|75 38370 38464 
1621 293 gi|75 38393 38455 
27 1553 gi|76 6519 7899 
25 2640 gi|76 9512 10877 
1867 640 gi|76 10806 10941 
2255 580 gi|76 12248 12760 
2581 312 gi|76 12297 12718 
2657 585 gi|76 12354 12740 
1857 254 gi|76 14400 14502 
23 285 gi|76 14438 14472 
1855 2665 gi|76 16269 16862 
13 5598 gi|76 16403 17092 
2143 530 gi|76 19871 20278 
2247 468 gi|76 23102 23824 
1735 418 gi|76 32288 32736 
1557 409 gi|76 33822 34198 
580 578 gi|8 1805 2257 
582 429 gi|8 5895 6144 
584 31467 gi|8 7211 10782 
529 30443 gi|8 7211 10484 
586 1624 gi|8 7211 7404 
588 1255 gi|8 7211 7404 
590 615 gi|8 7315 7404 
961 49673 gi|8 7340 12662 
419 1124 gi|8 7341 7483 
592 29915 gi|8 7343 10739 
541 339 gi|8 7354 7404 
973 472 gi|8 10440 10592 
527 1231 gi|8 10596 10739 
969 474 gi|8 10710 10863 
594 16667 gi|8 10871 12660 
596 16280 gi|8 10912 12660 
507 16495 gi|8 10913 12839 
489 314 gi|8 12645 12848 
598 835 gi|8 12662 12854 
600 429 gi|8 12663 12858 
483 374 gi|8 12675 12795 
602 302 gi|8 12686 12848 
604 273 gi|8 12686 12796 
1291 352 gi|8 25468 25818 
606 252 gi|8 30424 30508 
608 283 gi|8 31727 32057 
610 417 gi|8 32575 32628 
871 417 gi|8 32575 32627 
1934 1935 gi|9 2 558 
1936 5705 gi|9 1993 2687 
1938 271 gi|9 5722 6508 
1940 301 gi|9 5782 5991 
1942 360 gi|9 5784 6417 
1944 349 gi|9 5784 6284 
1946 266 gi|9 5795 6353 
1948 363 gi|9 5806 5962 
1950 383 gi|9 5832 6425 
1952 354 gi|9 5837 5994 
1954 309 gi|9 5877 5989 
1956 401 gi|9 5879 6387 
1958 253 gi|9 5880 5964 
1960 283 gi|9 6190 6343 
1962 3401 gi|9 16247 18451 
1964 333 gi|9 29367 29668 
1966 2185 gi|9 31963 33079 
1968 719 gi|9 33190 33540 
1283 474 gi|9 34375 35732 
1970 762 gi|9 34467 35736 
1972 615 gi|9 34804 35736 
1974 310 gi|9 35896 36018 
1976 274 gi|9 35928 36018 
1978 309 gi|9 35930 36018 
1980 289 gi|9 35937 36018 
1982 284 gi|9 35937 36018 
1984 299 gi|9 35938 36018 
1986 260 gi|9 35942 36012 
1988 292 gi|9 35951 36018 
2000 271 gi|9 35958 36013 
571 267 gi|9 35958 36010 
1990 296 gi|9 35958 36006 
1992 296 gi|9 35958 36006 
1994 296 gi|9 35958 36006 
1996 297 gi|9 35958 36006 
1998 296 gi|9 35958 36006 
2002 537 gi|9 36596 37278 
2004 259 gi|9 38779 38874 
2006 254 gi|9 38783 38862 
2008 406 gi|9 38944 39330 
2010 259 gi|9 39011 39280 
2012 363 gi|9 39085 39333 
2014 253 gi|9 39092 39300 
