#  fam    ele   dir  sequence    start     end
     1      1  1       gi|1      467      613 
     1    831 -1       gi|8     2570     3635 
     2      2  1       gi|1     2300     2493 
     2    356 -1      gi|39     7691     7885 
     3      3  1       gi|1     3088     4852 
     3    284  1      gi|32    19411    21206 
     4      4  1       gi|1     6623     6727 
     4     67 -1      gi|14    37517    38971 
     4    733  1      gi|70      519     2884 
     4    100  1      gi|17    35539    35776 
     4    250  1       gi|3    15545    16088 
     4    251  1       gi|3    16296    16931 
     4    589  1      gi|58    32942    33292 
     4    593  1      gi|58    38955    39281 
     4    640 -1      gi|63       71      401 
     4    643  1      gi|63     3492     5054 
     4    911  1      gi|18    30571    30896 
     4    910  1      gi|18    29766    30569 
     4    921  1      gi|58    36825    37212 
     5      5  1       gi|1     7116     7632 
     5    384 -1      gi|41    12117    12629 
     6      6  1       gi|1     7803     7934 
     6    266  1      gi|30    20528    20650 
     7      7  1       gi|1    10822    11301 
     7    321 -1      gi|35    22744    23223 
     8      8  1       gi|1    13867    14799 
     8    835  1       gi|8    20362    20586 
     8    891 -1      gi|49     3831     4988 
     8     93 -1      gi|17    14735    15916 
     8    680 -1      gi|66    20952    21889 
     8    892  1      gi|65      625     1662 
     8    841 -1       gi|8    27888    28000 
     8    212  1      gi|26    26648    27639 
     9      9  1       gi|1    17900    18947 
     9    430 -1      gi|45    25698    26747 
    10     10  1       gi|1    19933    20049 
    10    452  1      gi|47    37941    39989 
    10     97  1      gi|17    27957    30133 
    10    240 -1      gi|29    20748    21376 
    10    798 -1      gi|76    14529    14639 
    10    855  1      gi|80    29736    29871 
    10    864 -1      gi|81    19135    19346 
    10     75 -1      gi|15    31217    31470 
    11     11  1       gi|1    24017    24395 
    11    698 -1      gi|67    23313    23698 
    12     12  1       gi|1    24793    25911 
    12    369  1       gi|4    14588    15650 
    12    525 -1      gi|53     3239     4313 
    13     13  1       gi|1    26300    27181 
    13    847  1      gi|80     9583    10469 
    14     14  1       gi|1    27381    27697 
    14    759 -1      gi|73    11183    11497 
    15     15  1       gi|1    33081    33402 
    15    501 -1      gi|50    21786    23940 
    15    493  1       gi|5    32138    34262 
    16     16  1       gi|1    37908    39139 
    16    292  1      gi|32    38108    39999 
    16    131 -1       gi|2     2250     3439 
    16    607 -1       gi|6    13868    14108 
    17     17  1      gi|10      640      694 
    17    883  1       gi|9    28569    28770 
    17    241  1      gi|29    31493    31620 
    18     18  1      gi|10     4595     6897 
    18    330  1      gi|36    13435    15695 
    18    856  1      gi|80    30541    31025 
    18     71  1      gi|15     8836     8937 
    18    116 -1      gi|19      551      969 
    18    750 -1      gi|72    14035    14206 
    18    180  1      gi|24     9950    10114 
    18    214 -1      gi|26    35626    35736 
    19     19  1      gi|10    10526    10873 
    19    139 -1       gi|2    31182    31526 
    20     20  1      gi|10    21521    22607 
    20     57  1      gi|13    25575    26705 
    21     21  1      gi|10    34694    36745 
    21    454 -1      gi|48     4810     6742 
    21    456 -1      gi|48     6875     8817 
    21    457 -1      gi|48     9001    10831 
    21    895  1      gi|19    39099    40000 
    21    823 -1      gi|79    17897    19842 
    21    265  1      gi|30    20317    20386 
    22     22  1      gi|10    38762    39154 
    22    432  1      gi|45    33846    34250 
    23     23  1      gi|11     6271     7622 
    23    314  1      gi|35     7005     8318 
    23    443 -1      gi|47     2378     2994 
    24     24  1      gi|11    10572    13398 
    24    577  1      gi|57    35669    36298 
    24    682  1      gi|66    22687    25470 
    24    109 -1      gi|18    16012    16086 
    24    298  1      gi|33    14498    15649 
    25     25  1      gi|11    14631    15774 
    25    900 -1      gi|23    13368    14460 
    25    245 -1       gi|3     3999     5322 
    25    899 -1      gi|27     4959     6305 
    25    287 -1      gi|32    22745    23841 
    26     26  1      gi|11    16170    16323 
    26    663  1      gi|65     4188     4342 
    27     27  1      gi|11    22725    23098 
    27    255 -1       gi|3    26181    26739 
    27    487  1       gi|5     9609     9995 
    27    584 -1      gi|58    16583    16994 
    28     28  1      gi|11    23285    23919 
    28    257  1       gi|3    27700    27874 
    28    634  1      gi|62    26751    27914 
    28     81  1      gi|16    10853    11447 
    28    881  1       gi|9    25117    26330 
    29     29  1      gi|11    26618    26763 
    29    521 -1      gi|52    27595    27740 
    30     30  1      gi|11    31797    33190 
    31     31  1      gi|11    36155    36883 
    32     32  1      gi|12     1876     2459 
    32     78 -1      gi|15    33939    34081 
    32    201 -1      gi|25    36646    36831 
    32    364  1      gi|39    35240    35414 
    32    446  1      gi|47     7263     7580 
    32    660 -1      gi|64    38202    38380 
    33     33  1      gi|12     2338     3014 
    33    459  1      gi|48    12546    14226 
    33    370  1       gi|4    31987    33636 
    34     34  1      gi|12    10323    10460 
    34    451 -1      gi|47    30607    30745 
    35     35  1      gi|12    10575    11646 
    35    376  1      gi|40    23572    24712 
    36     36  1      gi|12    14977    15090 
    36    191  1      gi|24    31973    32131 
    36    702 -1      gi|68     6897     6978 
    37     37  1      gi|12    19297    19334 
    37    221  1      gi|27    18885    18922 
    38     39  1      gi|12    27569    27667 
    38    657  1      gi|64    21827    21988 
    38    254 -1       gi|3    25902    26053 
    39     40  1      gi|12    28096    28310 
    39    743 -1      gi|71     8107     8295 
    40     41  1      gi|12    30456    30871 
    40    561 -1      gi|56    14274    15438 
    40    906  1       gi|3    26905    26987 
    41     42  1      gi|12    31751    32409 
    42     43  1      gi|12    34154    34685 
    42    516 -1      gi|52     9508    10048 
    43     44  1      gi|12    35156    35449 
    43    106  1      gi|18    13288    13464 
    43    696 -1      gi|67    16872    17139 
    44     45  1      gi|12    35352    35570 
    44    107  1      gi|18    13888    14067 
    45     46  1      gi|12    35708    35944 
    45    108  1      gi|18    14085    14336 
    46     47  1      gi|12    36800    36897 
    46    658 -1      gi|64    27822    27921 
    47     48  1      gi|12    38721    39032 
    47    632 -1      gi|62    17145    17455 
    47    786  1      gi|75    18322    18578 
    48     49  1      gi|12    39074    39162 
    49     50  1      gi|13      511     2130 
    49    218 -1      gi|27     3528     5122 
    50     51  1      gi|13     2351     3699 
    50    315  1      gi|35     8830    10134 
    51     52  1      gi|13     3493     7111 
    51    217 -1      gi|27       48     3458 
    51    897 -1       gi|8    27734    27823 
    51    896 -1       gi|8    26975    27731 
    52     53  1      gi|13     8703     8878 
    52    822  1      gi|79    16250    17885 
    52    248 -1       gi|3    10407    12056 
    53     54  1      gi|13    11648    13096 
    53    207 -1      gi|26    21152    22520 
    53    222 -1      gi|27    21330    22764 
    54     55  1      gi|13    14546    15750 
    54    618 -1      gi|61    14199    15428 
    54    431 -1      gi|45    27889    28498 
    54    691  1      gi|67     2457     2499 
    54    705 -1      gi|68    28462    28570 
    54    455 -1      gi|48     6752     6799 
    55     56  1      gi|13    24750    24892 
    55    560 -1      gi|56    13657    13785 
    56     58  1      gi|13    28119    28711 
    56    717  1       gi|7     2229     2697 
    56    227 -1      gi|28    11298    11765 
    57     59  1      gi|13    34333    35808 
    58     60  1      gi|13    37462    38575 
    58    311 -1      gi|34    33324    34434 
    59     61  1      gi|13    38663    40000 
    59    117  1      gi|19     1330     2656 
    59    373 -1      gi|40     5566     6374 
    60     62  1      gi|14     2427     2635 
    60    800  1      gi|76    25206    25695 
    60     72  1      gi|15    12310    12802 
    61     63  1      gi|14    10618    11173 
    61    582 -1      gi|58    10736    11294 
    61    622  1      gi|61    25169    25371 
    61     64 -1      gi|14    16061    16368 
    62     65  1      gi|14    22265    22337 
    62    526  1      gi|53     5550     5625 
    63     66  1      gi|14    30429    35188 
    63    573 -1      gi|57     9271    14019 
    64     68  1      gi|15       77      256 
    64    208 -1      gi|26    22574    22616 
    64    533 -1      gi|53    35894    36014 
    64    780 -1      gi|75     3434     3566 
    64    675  1      gi|66     9417     9483 
    64    885  1       gi|9    32465    32528 
    65     69  1      gi|15      283     1373 
    65    162  1      gi|22     6482     6711 
    65    519  1      gi|52    17591    18619 
    66     70  1      gi|15     4635     6576 
    66    799 -1      gi|76    15670    17637 
    67     73  1      gi|15    29738    29889 
    67    396 -1      gi|42     4840     4981 
    68     74  1      gi|15    30588    30755 
    68    269 -1      gi|30    32516    34450 
    68    299 -1      gi|33    19709    21666 
    68    215  1      gi|26    35928    36108 
    69     76  1      gi|15    31586    32129 
    69    189 -1      gi|24    30284    30834 
    69    796 -1      gi|76     8752     8827 
    70     77  1      gi|15    32230    33691 
    70    408  1      gi|43    10150    11631 
    70    505 -1      gi|51     2076     3539 
    71     79  1      gi|16      858      964 
    71    179  1      gi|24     9770     9856 
    72     80  1      gi|16     1743     1872 
    72    178  1      gi|24     6787     7535 
    72    879 -1       gi|9    20602    21310 
    73     82  1      gi|16    14069    14215 
    73    449 -1      gi|47    18319    19578 
    73    225 -1      gi|28      788     2023 
    74     83  1      gi|16    14984    15080 
    74    463  1      gi|48    26505    26600 
    75     84  1      gi|16    16514    19017 
    75    575  1      gi|57    29444    32435 
    75     85  1      gi|16    18554    19719 
    76     86  1      gi|16    30693    30754 
    76    821  1      gi|79    16173    16234 
    77     87  1      gi|16    32039    32666 
    77    433 -1      gi|45    35081    36066 
    77    326  1      gi|36     5832     6898 
    77    776 -1      gi|74    36309    36533 
    77    837  1       gi|8    24078    24204 
    78     88  1      gi|16    35456    35550 
    78    904  1       gi|6    10720    10885 
    78    741 -1      gi|71     1550     6839 
    78    766  1      gi|74        1     5289 
    79     89  1      gi|16    35814    35852 
    79    905  1       gi|6    10888    10926 
    80     90  1      gi|16    37765    37821 
    80    375  1      gi|40    21399    21455 
    81     91  1      gi|17     2094     3981 
    81    845  1      gi|80     4741     6647 
    82     92  1      gi|17    14336    14407 
    83     94  1      gi|17    15872    17261 
    83    792 -1      gi|75    33881    33945 
    84     95  1      gi|17    20437    21371 
    84    244  1       gi|3     3156     4124 
    84    470 -1      gi|49    12947    13874 
    85     96  1      gi|17    24129    25076 
    85    716 -1      gi|69    35805    36740 
    86     98  1      gi|17    30140    33043 
    86    805  1      gi|77        1     2906 
    87     99  1      gi|17    33711    34640 
    87    288  1      gi|32    24100    25021 
    88    101  1      gi|18      183      276 
    88    274  1      gi|31    20578    20660 
    89    102  1      gi|18     1239     1941 
    89    203 -1      gi|25    38871    39636 
    89    136  1       gi|2    11373    11522 
    90    103  1      gi|18     2825     3163 
    90    202 -1      gi|25    38147    38497 
    91    104  1      gi|18     3972     4268 
    91    709  1      gi|69     4142     4462 
    92    105  1      gi|18     5672     6046 
    92    415  1      gi|43    39652    39993 
    92    644  1      gi|63     5273     5600 
    93    110  1      gi|18    18805    18918 
    93    481 -1       gi|5      655      768 
    94    111  1      gi|18    19396    19526 
    94    753 -1      gi|72    27557    27707 
    95    112  1      gi|18    22768    23027 
    95    541 -1      gi|54    15427    15721 
    96    114  1      gi|18    31806    32852 
    96    230 -1      gi|28    25284    25527 
    96    352  1      gi|38    21518    21619 
    96    818  1      gi|79    10250    12380 
    97    115  1      gi|18    33391    33965 
    98    118  1      gi|19     7721     8224 
    98    380 -1      gi|40    38195    38710 
    99    119  1      gi|19    13810    16058 
    99    383 -1      gi|41     3979     6230 
    99    184 -1      gi|24    25484    25586 
    99    329 -1      gi|36     8071    10399 
    99    754 -1      gi|72    29093    29285 
    99    809  1      gi|77    29628    30793 
    99    820 -1      gi|79    13389    14752 
    99    909  1      gi|44    26249    27422 
    99    908  1      gi|44    26086    26245 
    99    512  1      gi|51    38969    39234 
    99    925  1      gi|63    38124    38525 
   100    120  1      gi|19    16604    16906 
   100    328 -1      gi|36     7231     8205 
   100    317  1      gi|35    17644    18578 
   100    782  1      gi|75     7828     8537 
   101    121  1      gi|19    17211    18175 
   101    410 -1      gi|43    13665    14629 
   102    122  1      gi|19    19556    19911 
   102    825  1      gi|79    26033    26340 
   103    123  1      gi|19    20416    20452 
   103    405  1      gi|43      709     2105 
   103    145  1      gi|20    13998    15342 
   103    793  1      gi|75    34790    34938 
   104    124  1      gi|19    20930    22356 
   104    316 -1      gi|35    14813    16209 
   105    125  1      gi|19    23743    24561 
   105    193  1      gi|24    39081    39830 
   105    472  1      gi|49    17123    17333 
   106    126  1      gi|19    30365    30598 
   106    164  1      gi|22    13745    15001 
   106    397 -1      gi|42     6266     7529 
   107    127  1      gi|19    37707    37756 
   107    174 -1      gi|23    35120    35175 
   108    129  1       gi|2       11      408 
   108    861  1      gi|81     8426     8820 
   109    130  1       gi|2      913     1000 
   109    517  1      gi|52    11338    13616 
   109    804 -1      gi|76    36353    38633 
   110    132  1       gi|2     3284     4190 
   110    721  1       gi|7    10993    11132 
   111    133  1       gi|2     5205     5383 
   111    291  1      gi|32    34586    34961 
   111    606  1       gi|6    13477    13856 
   112    134  1       gi|2     7310     7436 
   112    867  1      gi|81    23761    23893 
   113    135  1       gi|2     7831     8023 
   113    283  1      gi|32    18853    19042 
   114    137  1       gi|2    24150    24250 
   114    579 -1      gi|57    38485    38603 
   115    138  1       gi|2    25704    25787 
   115    478  1      gi|49    35019    35089 
   116    140  1       gi|2    38104    38227 
   116    395 -1      gi|41    38645    38765 
   117    141  1       gi|2    39619    39820 
   117    388 -1      gi|41    21453    21645 
   118    142  1      gi|20     7123     7900 
   118    646 -1      gi|63    12580    13344 
   119    143  1      gi|20     8349     8432 
   119    628 -1      gi|61    36700    36777 
   120    144  1      gi|20    11763    11892 
   120    790 -1      gi|75    29101    29229 
   121    146  1      gi|20    20917    21673 
   121    303 -1      gi|34     2708     3467 
   121    226 -1      gi|28     7022     7118 
   122    147  1      gi|20    21939    22919 
   122    507 -1      gi|51    17764    19209 
   122    469 -1      gi|49    11278    12537 
   123    148  1      gi|20    29280    30675 
   123    863 -1      gi|81    12690    14107 
   124    149  1      gi|20    32335    33788 
   124    342  1      gi|37    24183    25524 
   125    150  1      gi|20    35431    35623 
   125    394  1      gi|41    36823    37011 
   126    151  1      gi|20    37886    39758 
   126    234 -1      gi|29     2394     4102 
   126    275  1      gi|31    20906    21016 
   127    152  1      gi|21      639     1211 
   127    270 -1      gi|31     3713     4216 
   127    604  1       gi|6     9786    10359 
   128    153  1      gi|21     2167     2266 
   128    767  1      gi|74     5653     6651 
   129    154  1      gi|21     5081     5189 
   129    192  1      gi|24    38504    38606 
   130    155  1      gi|21     6219     6655 
   130    407 -1      gi|43     6190     6629 
   131    156  1      gi|21    16415    16522 
   131    797  1      gi|76    13649    13752 
   132    157  1      gi|21    25994    26402 
   132    795 -1      gi|76     3334     3744 
   133    158  1      gi|21    26865    28500 
   134    159  1      gi|21    29676    35373 
   134    182  1      gi|24    18105    23797 
   135    160  1      gi|21    38331    39995 
   135    312  1      gi|35     1260     3118 
   135    345 -1      gi|37    38720    40000 
   135    546  1      gi|54    38891    38980 
   135    552 -1      gi|55    29093    30576 
   135    599 -1      gi|59    30966    32757 
   135    865  1      gi|81    20849    22501 
   135    253  1       gi|3    23055    23563 
   135    404  1      gi|43        1      167 
   135    603  1       gi|6     6348     6644 
   135    788 -1      gi|75    27414    27686 
   136    161  1      gi|22     3238     3376 
   136    756  1      gi|72    36256    36406 
   137    163  1      gi|22    11790    11925 
   137    595 -1      gi|59     8936     9077 
   138    165  1      gi|22    38618    38758 
   138    427 -1      gi|45    14482    14630 
   139    166  1      gi|23     5216     5465 
   139    447  1      gi|47     7707     7961 
   140    167  1      gi|23     5788     7275 
   140    229  1      gi|28    16089    17563 
   141    168  1      gi|23    10314    11183 
   141    670  1      gi|66     1229     4623 
   141    170  1      gi|23    13960    17007 
   141    727  1       gi|7    29139    29961 
   142    172  1      gi|23    24409    25277 
   142    645 -1      gi|63     7119     8010 
   142    844 -1      gi|80      940      989 
   143    173  1      gi|23    33518    33666 
   143    267  1      gi|30    24182    24319 
   144    175  1      gi|23    35655    35866 
   144    537 -1      gi|54    10788    11005 
   145    176  1      gi|23    39458    39807 
   145    360 -1      gi|39    18252    18609 
   146    177  1      gi|24        1     1755 
   146    615 -1      gi|60    22331    23884 
   146    769  1      gi|74     9237    11143 
   147    181  1      gi|24    17254    17529 
   147    672  1      gi|66     7146     7424 
   148    183  1      gi|24    24593    24789 
   148    601  1      gi|59    34322    34519 
   149    185  1      gi|24    28828    28867 
   149    912  1      gi|34    16346    18461 
   149    726 -1       gi|7    26089    28169 
   149    752  1      gi|72    17754    17960 
   149    327 -1      gi|36     7092     7143 
   150    186  1      gi|24    28911    28965 
   150    558  1      gi|56     7321     7412 
   150    862 -1      gi|81     8843     8918 
   151    187  1      gi|24    28991    29656 
   151    859 -1      gi|81     7094     7746 
   152    188  1      gi|24    30103    30135 
   152    712 -1      gi|69    13376    13408 
   153    190  1      gi|24    31632    31749 
   153    264 -1      gi|30    13409    13511 
   154    194  1      gi|25      722      835 
   154    361 -1      gi|39    19083    19156 
   155    195  1      gi|25     2033     2115 
   155    598 -1      gi|59    30406    30504 
   155    813  1      gi|78     4019     4121 
   156    196  1      gi|25     3264     5299 
   156    336  1      gi|36    36731    38736 
   157    197  1      gi|25    10411    10572 
   157    331 -1      gi|36    17726    17876 
   158    198  1      gi|25    24043    24516 
   158    544  1      gi|54    28517    28990 
   158    913  1      gi|62    39528    40000 
   158    914 -1      gi|71     6840     7312 
   159    199  1      gi|25    30610    30776 
   159    243  1      gi|29    38243    38409 
   160    200  1      gi|25    34272    35692 
   160    729  1       gi|7    31229    32637 
   161    204  1      gi|26     8462     9220 
   161    337 -1      gi|37     1066     1799 
   162    205  1      gi|26    10989    13566 
   163    206  1      gi|26    16905    19208 
   163    842  1       gi|8    34518    36806 
   164    209  1      gi|26    22744    24287 
   164    351 -1      gi|38    15076    16616 
   165    210  1      gi|26    24419    24502 
   165    350 -1      gi|38    14974    15055 
   166    211  1      gi|26    25118    26252 
   166    671  1      gi|66     5000     6136 
   167    213  1      gi|26    27874    27939 
   167    893  1      gi|65     1666     1972 
   167    890 -1      gi|49     1148     3830 
   167    888 -1      gi|23    20647    23196 
   167    889 -1      gi|23    23200    24153 
   167    690 -1      gi|66    38044    38214 
   168    216  1      gi|26    39483    39843 
   168    614  1      gi|60    19961    20357 
   169    220  1      gi|27     7021    12519 
   169    528  1      gi|53     7522     8446 
   169    827 -1      gi|79    28039    32026 
   170    223  1      gi|27    30733    31994 
   170    278 -1      gi|32     3049     3439 
   170    538 -1      gi|54    12745    12839 
   171    224  1      gi|27    32293    33578 
   171    524 -1      gi|53     1460     2789 
   171    916 -1      gi|66    32327    33635 
   171    917  1      gi|41     1754     3063 
   172    228  1      gi|28    12862    13015 
   172    362  1      gi|39    25399    26206 
   172    738 -1      gi|70    19569    19710 
   172    843  1       gi|8    37566    38328 
   173    231  1      gi|28    26817    26907 
   173    588  1      gi|58    31767    32710 
   173    641 -1      gi|63      628     1637 
   173    590  1      gi|58    36067    36591 
   173    592  1      gi|58    38139    38719 
   174    232  1      gi|28    36046    36681 
   174    781  1      gi|75     6855     7496 
   175    233  1      gi|28    36828    37265 
   175    416 -1      gi|44     5808     5977 
   175    894  1      gi|29    20624    20786 
   175    545  1      gi|54    35701    35783 
   176    235  1      gi|29     7852     7985 
   176    347 -1      gi|38     2338     2476 
   177    236  1      gi|29    10707    10856 
   177    668 -1      gi|65    20077    20241 
   178    237  1      gi|29    13232    14966 
   178    887 -1       gi|9    36246    38068 
   178    523 -1      gi|52    39055    39334 
   178    366 -1       gi|4       31     1043 
   178    623 -1      gi|61    25742    25911 
   179    238  1      gi|29    16565    17152 
   179    849 -1      gi|80    15122    15700 
   180    242  1      gi|29    37656    38153 
   180    413 -1      gi|43    23890    24431 
   181    246  1       gi|3     5350     6568 
   181    779 -1      gi|75       76     1308 
   181    297  1      gi|33    13260    14411 
   181    681  1      gi|66    21963    23216 
   181    554 -1      gi|55    39744    39965 
   182    247  1       gi|3     9253    10168 
   182    313  1      gi|35     3180     4223 
   182    301 -1      gi|33    31167    32221 
   183    249  1       gi|3    12192    12913 
   183    734  1      gi|70     3606     4319 
   184    252  1       gi|3    22036    22099 
   184    418  1      gi|44    18797    18859 
   185    258  1       gi|3    36338    36415 
   185    611 -1       gi|6    38556    38636 
   186    259  1       gi|3    39647    39972 
   186    787  1      gi|75    23316    25240 
   186    665  1      gi|65     6431     8334 
   186    635 -1      gi|62    28521    28906 
   186    882 -1       gi|9    26890    27133 
   187    260  1      gi|30     6401     6522 
   187    581  1      gi|58     9586     9707 
   188    261  1      gi|30     7066     7147 
   188    740 -1      gi|70    36792    36881 
   189    262  1      gi|30     7908     9077 
   189    570 -1      gi|57      151     1288 
   189    617 -1      gi|60    39329    39913 
   190    263  1      gi|30    11711    12644 
   190    402 -1      gi|42    28231    29180 
   191    268  1      gi|30    31293    32036 
   191    325  1      gi|36     3737     4467 
   191    439 -1      gi|46    18876    18962 
   192    271  1      gi|31     6554     6755 
   192    500  1      gi|50    20516    20718 
   193    272  1      gi|31     6936     7042 
   193    419  1      gi|44    20928    21044 
   194    273  1      gi|31     8033     8501 
   195    276  1      gi|31    23701    24918 
   195    815 -1      gi|78    32818    33014 
   196    277  1      gi|32     2802     2943 
   196    854  1      gi|80    29123    29276 
   197    279  1      gi|32     8711     9652 
   197    730 -1       gi|7    33536    34517 
   197    353 -1      gi|38    23024    23934 
   198    280  1      gi|32    10038    10201 
   198    585  1      gi|58    24367    24542 
   199    282  1      gi|32    17926    18004 
   199    630 -1      gi|62     3650     3728 
   200    285  1      gi|32    21227    21338 
   200    673 -1      gi|66     8801     8991 
   200    749 -1      gi|71    26971    27173 
   200    762 -1      gi|73    15964    16077 
   200    674 -1      gi|66     9030     9149 
   200    389  1      gi|41    22869    22924 
   200    824  1      gi|79    25320    25378 
   200    886 -1       gi|9    35728    35793 
   201    286  1      gi|32    21319    22640 
   201    683  1      gi|66    25562    26820 
   202    289  1      gi|32    25642    27045 
   202    583 -1      gi|58    15086    16501 
   203    290  1      gi|32    33351    34507 
   203    372 -1      gi|40     1380     2654 
   203    791  1      gi|75    30764    32041 
   204    293  1      gi|33      136      272 
   204    497 -1      gi|50    12137    12254 
   205    294  1      gi|33     2044     3825 
   205    631  1      gi|62    13173    14951 
   205    757  1      gi|72    37707    37895 
   206    295  1      gi|33     7679     7763 
   206    453 -1      gi|48     4711     4799 
   207    296  1      gi|33    10090    10149 
   207    441  1      gi|46    36248    36303 
   208    300  1      gi|33    28063    29356 
   208    678 -1      gi|66    16494    17773 
   209    302  1      gi|33    35190    35267 
   209    693 -1      gi|67    12088    12165 
   210    304  1      gi|34     3858     4203 
   210    647  1      gi|63    16283    16613 
   211    305  1      gi|34    15973    16176 
   211    504 -1      gi|51      819     1008 
   212    307  1      gi|34    20207    21355 
   213    308  1      gi|34    21644    21806 
   213    477 -1      gi|49    31490    31663 
   214    309  1      gi|34    21983    25341 
   214    425  1      gi|45     4879     8117 
   214    534 -1      gi|53    36010    36041 
   214    535  1      gi|53    39653    39822 
   215    310  1      gi|34    31982    33190 
   215    390 -1      gi|41    23233    24436 
   215    626  1      gi|61    33024    34190 
   215    685 -1      gi|66    29737    30830 
   216    318  1      gi|35    19744    20129 
   216    710  1      gi|69     5833     6280 
   216    319  1      gi|35    20310    20772 
   217    320  1      gi|35    21441    22333 
   217    650 -1      gi|63    28146    29049 
   218    322  1      gi|35    32304    32457 
   218    471 -1      gi|49    14321    14448 
   219    323  1      gi|35    35386    35669 
   219    494 -1       gi|5    37726    37984 
   220    324  1      gi|36     1692     1840 
   220    633 -1      gi|62    19684    19832 
   221    332  1      gi|36    20370    21276 
   221    834 -1       gi|8    16103    17049 
   222    333  1      gi|36    27500    27903 
   222    736  1      gi|70    10049    10452 
   223    334  1      gi|36    34104    34199 
   224    335  1      gi|36    34427    34758 
   224    428  1      gi|45    15851    16160 
   225    338  1      gi|37     3204     3299 
   225    761 -1      gi|73    15503    15592 
   226    339  1      gi|37    14951    16797 
   226    714 -1      gi|69    20281    22131 
   226    652  1      gi|63    36245    37781 
   226    508  1      gi|51    20634    20740 
   227    341  1      gi|37    19305    22139 
   227    817  1      gi|79     5826     7831 
   228    343  1      gi|37    34038    34960 
   228    527  1      gi|53     6273     7098 
   229    344  1      gi|37    36789    37800 
   229    725  1       gi|7    20343    21355 
   230    346  1      gi|38     1151     1229 
   230    814  1      gi|78     4989     5055 
   231    348  1      gi|38    11042    12176 
   231    522 -1      gi|52    33704    34890 
   231    621 -1      gi|61    23739    24504 
   231    378  1      gi|40    32577    32768 
   232    349  1      gi|38    12207    12243 
   232    922 -1      gi|58    37212    37249 
   233    354  1      gi|38    29460    31401 
   233    747  1      gi|71    22801    24810 
   233    458 -1      gi|48    11172    11426 
   234    355  1      gi|39     1591     1721 
   234    491  1       gi|5    15699    15797 
   235    357  1      gi|39    11046    11290 
   235    711 -1      gi|69     8387     8631 
   236    358  1      gi|39    14319    14464 
   236    495 -1       gi|5    38571    38719 
   237    359  1      gi|39    17509    17601 
   238    363  1      gi|39    27769    29512 
   238    699  1      gi|67    27301    29098 
   239    365  1      gi|39    38704    38785 
   239    808  1      gi|77    26157    26238 
   240    367  1       gi|4     5888     6422 
   240    377 -1      gi|40    26915    27498 
   241    368  1       gi|4    13596    14993 
   241    688 -1      gi|66    34065    35575 
   241    720  1       gi|7     9758    10516 
   241    851 -1      gi|80    17324    17690 
   242    371  1       gi|4    39495    40000 
   242    860  1      gi|81     7910     8415 
   243    374  1      gi|40    13217    14342 
   243    490  1       gi|5    15382    15470 
   243    731 -1       gi|7    34739    35865 
   244    379  1      gi|40    36283    37707 
   244    785 -1      gi|75    14989    16040 
   245    381  1      gi|40    39353    39996 
   245    871  1      gi|81    36012    36655 
   246    385  1      gi|41    14434    15769 
   246    846  1      gi|80     6617     7889 
   247    386  1      gi|41    15425    17194 
   247    876 -1       gi|9    10935    12707 
   248    391  1      gi|41    28401    29456 
   248    406  1      gi|43     2503     3470 
   249    392  1      gi|41    29507    29701 
   249    420 -1      gi|44    22592    22786 
   250    393  1      gi|41    30289    31535 
   250    659  1      gi|64    31765    33060 
   251    398  1      gi|42    10963    11043 
   252    399  1      gi|42    12740    13013 
   252    448 -1      gi|47    15940    16236 
   253    400  1      gi|42    13270    14183 
   253    858  1      gi|81     4987     5596 
   254    401  1      gi|42    16784    17522 
   254    509 -1      gi|51    26889    27047 
   254    664  1      gi|65     5063     5782 
   255    403  1      gi|42    33132    35740 
   255    602 -1       gi|6      107     2810 
   256    409  1      gi|43    12701    13535 
   256    571  1      gi|57     2527     3344 
   257    411  1      gi|43    17739    18952 
   257    499 -1      gi|50    15662    17048 
   257    569 -1      gi|56    38522    39854 
   258    412  1      gi|43    19722    19865 
   258    642  1      gi|63     2146     2289 
   259    414  1      gi|43    35394    36451 
   259    868  1      gi|81    27211    28271 
   260    417  1      gi|44    13859    13926 
   260    713 -1      gi|69    17023    17092 
   261    421  1      gi|44    24037    25560 
   261    608  1       gi|6    20039    21560 
   261    679  1      gi|66    18328    18522 
   262    423  1      gi|44    35590    36631 
   262    669 -1      gi|66       63     1098 
   263    424  1      gi|44    37281    37389 
   263    833 -1       gi|8     9933    10056 
   264    426  1      gi|45    11037    11155 
   264    829 -1       gi|8     1327     1442 
   265    429  1      gi|45    19514    19650 
   265    435 -1      gi|46     7665     7801 
   266    434  1      gi|45    39172    39946 
   266    513  1      gi|52      628     1322 
   267    436  1      gi|46     8762     8835 
   268    437  1      gi|46    10343    10470 
   268    638 -1      gi|62    34961    35088 
   269    438  1      gi|46    10754    13291 
   270    442  1      gi|46    38307    38397 
   270    723  1       gi|7    19646    19742 
   271    444  1      gi|47     3034     3241 
   271    489  1       gi|5    13740    13962 
   272    445  1      gi|47     4119     4324 
   272    708 -1      gi|68    32989    33221 
   273    450  1      gi|47    22149    22271 
   273    826  1      gi|79    27555    27676 
   274    460  1      gi|48    16674    16824 
   274    539  1      gi|54    14465    14633 
   275    461  1      gi|48    22896    22988 
   275    707 -1      gi|68    32462    32563 
   276    462  1      gi|48    23155    23226 
   276    550  1      gi|55    15170    15247 
   277    464  1      gi|48    27676    27895 
   277    684 -1      gi|66    28653    29380 
   277    838  1       gi|8    25205    25920 
   278    465  1      gi|48    30202    30687 
   278    553  1      gi|55    31649    32128 
   279    466  1      gi|48    36983    37094 
   279    832  1       gi|8     4075     4182 
   280    468  1      gi|49     9345    10454 
   280    686 -1      gi|66    31146    32241 
   281    473  1      gi|49    17840    19347 
   282    474  1      gi|49    23178    23858 
   282    875 -1       gi|9     8300     9052 
   282    476  1      gi|49    27781    28174 
   283    475  1      gi|49    23995    26816 
   283    874 -1       gi|9     5065     7882 
   284    479  1      gi|49    35702    35862 
   284    919  1      gi|46    35105    35294 
   284    511  1      gi|51    33411    33612 
   284    920 -1      gi|32    11058    11132 
   285    480  1      gi|49    36834    37554 
   285    794 -1      gi|75    36666    37289 
   286    482  1       gi|5     4166     4295 
   286    704 -1      gi|68    25921    26039 
   287    483  1       gi|5     4367     4541 
   287    802  1      gi|76    30223    30381 
   288    484  1       gi|5     4616     5014 
   288    654  1      gi|64     4210     4603 
   289    485  1       gi|5     6132     6408 
   289    616 -1      gi|60    33176    33776 
   289    636 -1      gi|62    31776    32153 
   289    926  1      gi|63    38527    38792 
   290    486  1       gi|5     9199     9283 
   291    488  1       gi|5    12477    12628 
   291    777 -1      gi|74    36503    36645 
   292    492  1       gi|5    19608    19707 
   292    565 -1      gi|56    20134    20246 
   293    496  1      gi|50     3636     5948 
   293    878  1       gi|9    13374    15729 
   294    498  1      gi|50    14894    15115 
   294    531 -1      gi|53    29937    30137 
   295    502  1      gi|50    25660    26553 
   295    763  1      gi|73    17055    17956 
   296    503  1      gi|50    30182    30281 
   296    801  1      gi|76    28178    28271 
   297    506  1      gi|51     8725     8862 
   297    772  1      gi|74    18727    19655 
   297    816 -1      gi|79      103     1024 
   298    510  1      gi|51    29314    29583 
   298    586  1      gi|58    27874    28138 
   299    514  1      gi|52     1375     2671 
   299    857  1      gi|81       18     1353 
   300    515  1      gi|52     7415     7701 
   300    578 -1      gi|57    37057    37358 
   301    518  1      gi|52    16354    16724 
   301    803 -1      gi|76    31800    32168 
   302    520  1      gi|52    23795    23969 
   302    576  1      gi|57    34667    34844 
   303    529  1      gi|53    11972    12865 
   303    651 -1      gi|63    30621    31508 
   304    530  1      gi|53    21373    22096 
   305    532  1      gi|53    34478    35740 
   305    732  1       gi|7    36398    37627 
   305    765  1      gi|73    38330    38499 
   306    536  1      gi|54     8333     8974 
   306    564 -1      gi|56    18970    19310 
   306    692  1      gi|67     8495     8930 
   307    540  1      gi|54    15347    15489 
   307    547  1      gi|55      668      819 
   308    542  1      gi|54    24179    24257 
   309    543  1      gi|54    24838    25479 
   310    548  1      gi|55      890      969 
   310    866 -1      gi|81    23046    23136 
   311    549  1      gi|55     5285     6853 
   311    810 -1      gi|77    36219    37851 
   312    551  1      gi|55    21882    21965 
   312    666  1      gi|65     8363     8455 
   313    555  1      gi|56     2420     3525 
   313    873 -1       gi|9     3500     4621 
   314    556  1      gi|56     4342     6050 
   314    872 -1       gi|9     1589     3489 
   314    557  1      gi|56     5469     6661 
   315    559  1      gi|56     7413     9955 
   315    850  1      gi|80    15772    16708 
   316    562  1      gi|56    18349    18429 
   316    828 -1      gi|79    38298    38373 
   317    563  1      gi|56    18716    18805 
   317    745 -1      gi|71    16992    17083 
   318    566  1      gi|56    23771    23967 
   318    774 -1      gi|74    32749    32978 
   319    567  1      gi|56    24506    24677 
   319    746  1      gi|71    18742    19261 
   319    648 -1      gi|63    21224    21728 
   320    568  1      gi|56    35961    36035 
   320    594  1      gi|59     3640     3709 
   321    572  1      gi|57     3624     4532 
   321    773 -1      gi|74    20309    21226 
   322    574  1      gi|57    19499    19785 
   322    870  1      gi|81    35427    35708 
   323    580  1      gi|57    39689    39995 
   323    613  1      gi|60    13206    13527 
   324    587  1      gi|58    28980    29103 
   324    744  1      gi|71     9010     9136 
   325    596  1      gi|59     9174    10143 
   325    728  1       gi|7    29997    30928 
   326    597  1      gi|59    11877    12057 
   326    819 -1      gi|79    12327    12893 
   327    600  1      gi|59    32865    32925 
   327    778 -1      gi|74    37300    37358 
   328    609  1       gi|6    29912    30617 
   328    706  1      gi|68    31316    32004 
   329    610  1       gi|6    35243    36735 
   329    884  1       gi|9    28823    30311 
   330    612  1      gi|60      674      939 
   330    751 -1      gi|72    17131    17395 
   331    619  1      gi|61    21544    21708 
   331    807 -1      gi|77    10222    10393 
   332    620  1      gi|61    22662    23497 
   332    739  1      gi|70    32604    33451 
   333    624  1      gi|61    25879    26311 
   334    625  1      gi|61    31621    31781 
   334    718 -1       gi|7     5437     5595 
   335    627  1      gi|61    34332    36082 
   335    768  1      gi|74     7315     9123 
   336    629  1      gi|62     3037     3150 
   336    836  1       gi|8    23638    23738 
   337    637  1      gi|62    33568    33954 
   338    649  1      gi|63    21941    24167 
   338    748 -1      gi|71    24632    26712 
   339    655  1      gi|64    11880    13004 
   340    656  1      gi|64    21612    21750 
   340    694 -1      gi|67    12210    12342 
   341    662  1      gi|65     2057     2131 
   342    667  1      gi|65     8561     9198 
   342    789 -1      gi|75    28422    29037 
   343    676  1      gi|66    10466    11990 
   343    722  1       gi|7    13187    14988 
   343    677 -1      gi|66    13335    15184 
   344    689  1      gi|66    37883    37950 
   344    724 -1       gi|7    20273    20343 
   345    695  1      gi|67    15995    16076 
   345    719 -1       gi|7     7517     7592 
   346    697  1      gi|67    21498    21826 
   346    775 -1      gi|74    34307    34632 
   347    700  1      gi|67    31975    32051 
   347    760 -1      gi|73    15023    15103 
   348    701  1      gi|67    32604    32769 
   348    735 -1      gi|70     6976     7141 
   349    703  1      gi|68     7539     7584 
   349    806  1      gi|77     6598     6644 
   350    715  1      gi|69    27381    27549 
   350    784 -1      gi|75    11248    11425 
   351    737  1      gi|70    10647    10694 
   352    755  1      gi|72    35878    35982 
   352    848  1      gi|80    12003    12103 
   353    758  1      gi|72    39068    40000 
   354    764  1      gi|73    37654    37882 
   355    770  1      gi|74    11633    13204 
   355    783  1      gi|75     8925    10481 
   356    771  1      gi|74    13594    15347 
   357    811  1      gi|77    38702    39743 
   358    812  1      gi|78     2733     3938 
   358    869 -1      gi|81    30974    32174 
   359    830  1       gi|8     2084     2823 
   359    853  1      gi|80    23270    24370 
   360    839  1       gi|8    26105    26833 
   360    923  1      gi|41    17329    18088 
   360    924  1       gi|9    12332    13054 
   361    852  1      gi|80    18652    18728 
   361    902 -1      gi|12    27322    27527 
   361    903  1      gi|37    18812    18894 
   362    880  1       gi|9    22820    24603 
   363    907  1       gi|3    26990    27126 
   364    915  1      gi|66    31902    32327 
   364    918 -1      gi|41     3083     3459 
