1 gi|1 467 613
2 gi|1 2300 2493
3 gi|1 3088 4852
4 gi|1 6623 6727
5 gi|1 7116 7632
6 gi|1 7803 7934
7 gi|1 10822 11301
8 gi|1 13867 14805
9 gi|1 17900 18947
10 gi|1 19933 20049
11 gi|1 24017 24395
12 gi|1 24793 25911
13 gi|1 26300 27181
14 gi|1 27381 27697
15 gi|1 33081 33402
16 gi|1 37908 39139
17 gi|10 640 694
18 gi|10 4595 6897
19 gi|10 10526 10873
20 gi|10 21521 22607
21 gi|10 34694 36745
22 gi|10 38762 39154
23 gi|11 6271 7622
24 gi|11 10572 13398
25 gi|11 14629 15774
26 gi|11 16170 16323
27 gi|11 22725 23098
28 gi|11 23285 23922
29 gi|11 26618 26763
30 gi|11 31797 33190
31 gi|11 36155 36883
32 gi|12 1876 2459
33 gi|12 2338 3014
34 gi|12 10323 10460
35 gi|12 10575 11646
36 gi|12 14977 15090
37 gi|12 19297 19334
38 gi|12 27272 27529
39 gi|12 27566 27671
40 gi|12 28096 28310
41 gi|12 30456 30871
42 gi|12 31751 32409
43 gi|12 34154 34685
44 gi|12 35155 35449
45 gi|12 35352 35570
46 gi|12 35708 35944
47 gi|12 36800 36897
48 gi|12 38721 39036
49 gi|12 39070 39166
50 gi|13 511 2130
51 gi|13 2351 3699
52 gi|13 3493 7111
53 gi|13 8703 8878
54 gi|13 11648 13096
55 gi|13 14538 15750
56 gi|13 24750 24892
57 gi|13 25575 26705
58 gi|13 28119 28711
59 gi|13 34333 35808
60 gi|13 37462 38575
61 gi|13 38663 40000
62 gi|14 2427 2635
63 gi|14 10618 11173
64 gi|14 16061 16368
65 gi|14 22265 22337
66 gi|14 30429 35188
67 gi|14 37517 38971
68 gi|15 67 256
69 gi|15 281 1373
70 gi|15 4635 6576
71 gi|15 8836 8937
72 gi|15 12310 12802
73 gi|15 29738 29889
74 gi|15 30588 30755
75 gi|15 31217 31470
76 gi|15 31586 32129
77 gi|15 32230 33691
78 gi|15 33939 34081
79 gi|16 858 964
80 gi|16 1743 1872
81 gi|16 10850 11447
82 gi|16 14069 14215
83 gi|16 14984 15080
84 gi|16 16514 19017
85 gi|16 18554 19719
86 gi|16 30693 30754
87 gi|16 32039 32666
88 gi|16 35454 35550
89 gi|16 35811 35852
90 gi|16 37765 37821
91 gi|17 2094 3981
92 gi|17 14336 14407
93 gi|17 14731 15916
94 gi|17 15872 17261
95 gi|17 20437 21371
96 gi|17 24129 25076
97 gi|17 27957 30133
98 gi|17 30140 33043
99 gi|17 33711 34640
100 gi|17 35539 35776
101 gi|18 183 276
102 gi|18 1239 1941
103 gi|18 2825 3163
104 gi|18 3972 4268
105 gi|18 5672 6046
106 gi|18 13288 13464
107 gi|18 13888 14067
108 gi|18 14085 14336
109 gi|18 16012 16086
110 gi|18 18805 18918
111 gi|18 19396 19526
112 gi|18 22768 23027
113 gi|18 29759 30899
114 gi|18 31806 32852
115 gi|18 33391 33965
116 gi|19 551 973
117 gi|19 1330 2656
118 gi|19 7721 8224
119 gi|19 13810 16060
120 gi|19 16604 16906
121 gi|19 17211 18175
122 gi|19 19556 19911
123 gi|19 20416 20452
124 gi|19 20930 22356
125 gi|19 23743 24561
126 gi|19 30365 30598
127 gi|19 37707 37756
128 gi|19 39080 40000
129 gi|2 11 408
130 gi|2 913 1000
131 gi|2 2250 3439
132 gi|2 3284 4190
133 gi|2 5205 5383
134 gi|2 7310 7436
135 gi|2 7831 8023
136 gi|2 11373 11522
137 gi|2 24150 24250
138 gi|2 25704 25787
139 gi|2 31182 31526
140 gi|2 38104 38227
141 gi|2 39619 39820
142 gi|20 7123 7900
143 gi|20 8349 8432
144 gi|20 11763 11892
145 gi|20 13998 15342
146 gi|20 20917 21673
147 gi|20 21939 22919
148 gi|20 29280 30675
149 gi|20 32335 33788
150 gi|20 35431 35623
151 gi|20 37886 39758
152 gi|21 638 1211
153 gi|21 2167 2266
154 gi|21 5081 5189
155 gi|21 6219 6655
156 gi|21 16415 16522
157 gi|21 25985 26402
158 gi|21 26865 28500
159 gi|21 29673 35373
160 gi|21 38331 39997
161 gi|22 3238 3376
162 gi|22 6482 6711
163 gi|22 11790 11925
164 gi|22 13745 15001
165 gi|22 38618 38758
166 gi|23 5216 5465
167 gi|23 5788 7275
168 gi|23 10314 11183
169 gi|23 13350 14488
170 gi|23 13960 17007
171 gi|23 20647 24156
172 gi|23 24409 25277
173 gi|23 33518 33666
174 gi|23 35120 35175
175 gi|23 35655 35866
176 gi|23 39458 39807
177 gi|24 1 1755
178 gi|24 6787 7535
179 gi|24 9770 9856
180 gi|24 9950 10116
181 gi|24 17254 17529
182 gi|24 18105 23797
183 gi|24 24593 24789
184 gi|24 25484 25586
185 gi|24 28828 28868
186 gi|24 28911 28965
187 gi|24 28991 29656
188 gi|24 30103 30135
189 gi|24 30284 30834
190 gi|24 31632 31749
191 gi|24 31973 32131
192 gi|24 38504 38606
193 gi|24 39081 39830
194 gi|25 722 835
195 gi|25 2033 2115
196 gi|25 3264 5299
197 gi|25 10411 10572
198 gi|25 24042 24516
199 gi|25 30610 30776
200 gi|25 34272 35692
201 gi|25 36646 36831
202 gi|25 38147 38497
203 gi|25 38871 39636
204 gi|26 8462 9220
205 gi|26 10989 13566
206 gi|26 16905 19208
207 gi|26 21152 22520
208 gi|26 22574 22620
209 gi|26 22744 24287
210 gi|26 24419 24502
211 gi|26 25118 26252
212 gi|26 26648 27639
213 gi|26 27874 27939
214 gi|26 35626 35736
215 gi|26 35928 36108
216 gi|26 39483 39843
217 gi|27 48 3458
218 gi|27 3528 5122
219 gi|27 4959 6334
220 gi|27 7017 12519
221 gi|27 18885 18922
222 gi|27 21330 22764
223 gi|27 30733 31994
224 gi|27 32292 33583
225 gi|28 788 2023
226 gi|28 7022 7118
227 gi|28 11298 11765
228 gi|28 12862 13015
229 gi|28 16089 17563
230 gi|28 25284 25527
231 gi|28 26817 26907
232 gi|28 36046 36681
233 gi|28 36828 37265
234 gi|29 2394 4102
235 gi|29 7852 7985
236 gi|29 10703 10856
237 gi|29 13232 14966
238 gi|29 16565 17152
239 gi|29 20624 20801
240 gi|29 20748 21376
241 gi|29 31493 31620
242 gi|29 37656 38153
243 gi|29 38243 38409
244 gi|3 3156 4124
245 gi|3 3999 5322
246 gi|3 5350 6568
247 gi|3 9253 10168
248 gi|3 10407 12056
249 gi|3 12192 12913
250 gi|3 15545 16088
251 gi|3 16289 16931
252 gi|3 22036 22099
253 gi|3 23055 23563
254 gi|3 25902 26053
255 gi|3 26181 26739
256 gi|3 26886 27126
257 gi|3 27700 27874
258 gi|3 36338 36415
259 gi|3 39647 39973
260 gi|30 6401 6522
261 gi|30 7066 7147
262 gi|30 7908 9077
263 gi|30 11711 12644
264 gi|30 13409 13511
265 gi|30 20317 20386
266 gi|30 20528 20650
267 gi|30 24182 24319
268 gi|30 31293 32036
269 gi|30 32516 34450
270 gi|31 3713 4216
271 gi|31 6554 6755
272 gi|31 6936 7042
273 gi|31 8033 8501
274 gi|31 20578 20660
275 gi|31 20906 21016
276 gi|31 23701 24918
277 gi|32 2802 2943
278 gi|32 3049 3439
279 gi|32 8711 9652
280 gi|32 10038 10201
281 gi|32 11023 11132
282 gi|32 17926 18004
283 gi|32 18853 19042
284 gi|32 19411 21206
285 gi|32 21227 21338
286 gi|32 21319 22640
287 gi|32 22745 23841
288 gi|32 24100 25021
289 gi|32 25642 27045
290 gi|32 33347 34512
291 gi|32 34586 34962
292 gi|32 38108 39999
293 gi|33 136 272
294 gi|33 2044 3825
295 gi|33 7679 7763
296 gi|33 10090 10149
297 gi|33 13260 14411
298 gi|33 14498 15649
299 gi|33 19709 21666
300 gi|33 28063 29356
301 gi|33 31167 32221
302 gi|33 35190 35267
303 gi|34 2708 3467
304 gi|34 3858 4203
305 gi|34 15973 16176
306 gi|34 16346 18489
307 gi|34 20207 21355
308 gi|34 21644 21806
309 gi|34 21983 25341
310 gi|34 31982 33199
311 gi|34 33324 34434
312 gi|35 1260 3118
313 gi|35 3179 4223
314 gi|35 7005 8318
315 gi|35 8830 10134
316 gi|35 14813 16209
317 gi|35 17644 18578
318 gi|35 19744 20129
319 gi|35 20310 20772
320 gi|35 21441 22333
321 gi|35 22744 23223
322 gi|35 32304 32457
323 gi|35 35386 35669
324 gi|36 1692 1840
325 gi|36 3737 4467
326 gi|36 5832 6898
327 gi|36 7091 7144
328 gi|36 7231 8205
329 gi|36 8071 10399
330 gi|36 13435 15695
331 gi|36 17726 17876
332 gi|36 20370 21276
333 gi|36 27500 27903
334 gi|36 34104 34199
335 gi|36 34427 34758
336 gi|36 36731 38736
337 gi|37 1066 1799
338 gi|37 3204 3299
339 gi|37 14951 16797
340 gi|37 18788 18899
341 gi|37 19305 22139
342 gi|37 24183 25524
343 gi|37 34038 34960
344 gi|37 36789 37800
345 gi|37 38720 40000
346 gi|38 1151 1229
347 gi|38 2338 2476
348 gi|38 11042 12177
349 gi|38 12207 12243
350 gi|38 14974 15055
351 gi|38 15076 16616
352 gi|38 21518 21619
353 gi|38 23024 23934
354 gi|38 29460 31401
355 gi|39 1591 1721
356 gi|39 7691 7885
357 gi|39 11046 11290
358 gi|39 14319 14464
359 gi|39 17509 17601
360 gi|39 18252 18609
361 gi|39 19083 19156
362 gi|39 25399 26206
363 gi|39 27769 29512
364 gi|39 35240 35414
365 gi|39 38704 38785
366 gi|4 31 1043
367 gi|4 5888 6422
368 gi|4 13596 14993
369 gi|4 14588 15650
370 gi|4 31987 33636
371 gi|4 39495 40000
372 gi|40 1380 2654
373 gi|40 5566 6374
374 gi|40 13217 14342
375 gi|40 21399 21455
376 gi|40 23572 24712
377 gi|40 26915 27498
378 gi|40 32577 32768
379 gi|40 36283 37707
380 gi|40 38195 38710
381 gi|40 39353 39996
382 gi|41 1754 3459
383 gi|41 3975 6230
384 gi|41 12117 12629
385 gi|41 14434 15769
386 gi|41 15425 17194
387 gi|41 17321 18125
388 gi|41 21453 21645
389 gi|41 22867 22924
390 gi|41 23233 24436
391 gi|41 28401 29456
392 gi|41 29507 29701
393 gi|41 30289 31535
394 gi|41 36823 37011
395 gi|41 38645 38765
396 gi|42 4840 4981
397 gi|42 6266 7529
398 gi|42 10963 11043
399 gi|42 12740 13013
400 gi|42 13266 14183
401 gi|42 16784 17522
402 gi|42 28231 29180
403 gi|42 33132 35740
404 gi|43 1 167
405 gi|43 709 2105
406 gi|43 2503 3470
407 gi|43 6190 6629
408 gi|43 10150 11631
409 gi|43 12701 13535
410 gi|43 13665 14629
411 gi|43 17739 18952
412 gi|43 19722 19865
413 gi|43 23890 24431
414 gi|43 35394 36451
415 gi|43 39652 39993
416 gi|44 5808 5977
417 gi|44 13859 13926
418 gi|44 18797 18859
419 gi|44 20928 21044
420 gi|44 22592 22786
421 gi|44 24037 25560
422 gi|44 26086 27422
423 gi|44 35590 36631
424 gi|44 37281 37389
425 gi|45 4879 8117
426 gi|45 11037 11155
427 gi|45 14482 14630
428 gi|45 15851 16160
429 gi|45 19514 19650
430 gi|45 25698 26747
431 gi|45 27889 28498
432 gi|45 33846 34250
433 gi|45 35081 36066
434 gi|45 39172 39946
435 gi|46 7665 7801
436 gi|46 8762 8835
437 gi|46 10343 10470
438 gi|46 10754 13291
439 gi|46 18876 18962
440 gi|46 35105 35330
441 gi|46 36248 36303
442 gi|46 38307 38397
443 gi|47 2378 2994
444 gi|47 3034 3241
445 gi|47 4119 4324
446 gi|47 7263 7580
447 gi|47 7707 7961
448 gi|47 15940 16239
449 gi|47 18319 19578
450 gi|47 22149 22271
451 gi|47 30607 30745
452 gi|47 37941 39989
453 gi|48 4711 4799
454 gi|48 4810 6742
455 gi|48 6750 6801
456 gi|48 6875 8817
457 gi|48 9001 10836
458 gi|48 11172 11426
459 gi|48 12546 14226
460 gi|48 16674 16824
461 gi|48 22896 22988
462 gi|48 23155 23226
463 gi|48 26505 26600
464 gi|48 27676 27895
465 gi|48 30202 30687
466 gi|48 36983 37094
467 gi|49 1148 4988
468 gi|49 9345 10454
469 gi|49 11278 12537
470 gi|49 12947 13874
471 gi|49 14321 14448
472 gi|49 17123 17333
473 gi|49 17840 19347
474 gi|49 23178 23858
475 gi|49 23995 26816
476 gi|49 27781 28174
477 gi|49 31490 31663
478 gi|49 35019 35089
479 gi|49 35702 35862
480 gi|49 36830 37554
481 gi|5 655 768
482 gi|5 4166 4295
483 gi|5 4367 4541
484 gi|5 4616 5014
485 gi|5 6132 6408
486 gi|5 9195 9284
487 gi|5 9609 9995
488 gi|5 12477 12628
489 gi|5 13740 13962
490 gi|5 15382 15470
491 gi|5 15699 15797
492 gi|5 19608 19707
493 gi|5 32138 34262
494 gi|5 37726 37984
495 gi|5 38571 38719
496 gi|50 3636 5948
497 gi|50 12137 12254
498 gi|50 14894 15115
499 gi|50 15662 17048
500 gi|50 20516 20718
501 gi|50 21786 23940
502 gi|50 25660 26553
503 gi|50 30182 30281
504 gi|51 819 1008
505 gi|51 2076 3539
506 gi|51 8725 8862
507 gi|51 17764 19209
508 gi|51 20634 20740
509 gi|51 26889 27047
510 gi|51 29314 29583
511 gi|51 33411 33614
512 gi|51 38969 39234
513 gi|52 628 1322
514 gi|52 1375 2671
515 gi|52 7415 7701
516 gi|52 9508 10048
517 gi|52 11335 13616
518 gi|52 16354 16724
519 gi|52 17591 18619
520 gi|52 23795 23969
521 gi|52 27595 27740
522 gi|52 33704 34890
523 gi|52 39055 39339
524 gi|53 1458 2789
525 gi|53 3239 4313
526 gi|53 5550 5625
527 gi|53 6273 7098
528 gi|53 7522 8446
529 gi|53 11972 12865
530 gi|53 21373 22096
531 gi|53 29937 30137
532 gi|53 34478 35740
533 gi|53 35894 36014
534 gi|53 36010 36041
535 gi|53 39653 39822
536 gi|54 8333 8974
537 gi|54 10788 11005
538 gi|54 12745 12839
539 gi|54 14465 14633
540 gi|54 15347 15489
541 gi|54 15427 15721
542 gi|54 24179 24257
543 gi|54 24838 25479
544 gi|54 28516 28990
545 gi|54 35701 35786
546 gi|54 38891 38980
547 gi|55 668 819
548 gi|55 890 969
549 gi|55 5285 6853
550 gi|55 15170 15247
551 gi|55 21882 21965
552 gi|55 29093 30576
553 gi|55 31649 32128
554 gi|55 39744 39965
555 gi|56 2420 3525
556 gi|56 4342 6050
557 gi|56 5469 6661
558 gi|56 7318 7412
559 gi|56 7413 9955
560 gi|56 13657 13785
561 gi|56 14274 15438
562 gi|56 18349 18429
563 gi|56 18716 18805
564 gi|56 18970 19310
565 gi|56 20134 20246
566 gi|56 23771 23967
567 gi|56 24506 24677
568 gi|56 35961 36040
569 gi|56 38522 39854
570 gi|57 151 1288
571 gi|57 2527 3344
572 gi|57 3624 4532
573 gi|57 9271 14019
574 gi|57 19499 19785
575 gi|57 29444 32435
576 gi|57 34667 34844
577 gi|57 35669 36298
578 gi|57 37057 37358
579 gi|57 38485 38603
580 gi|57 39689 39995
581 gi|58 9586 9707
582 gi|58 10736 11294
583 gi|58 15086 16501
584 gi|58 16583 16994
585 gi|58 24367 24542
586 gi|58 27874 28138
587 gi|58 28980 29103
588 gi|58 31767 32710
589 gi|58 32942 33292
590 gi|58 36067 36593
591 gi|58 36825 37249
592 gi|58 38139 38719
593 gi|58 38955 39288
594 gi|59 3640 3709
595 gi|59 8936 9077
596 gi|59 9174 10143
597 gi|59 11877 12057
598 gi|59 30406 30504
599 gi|59 30966 32757
600 gi|59 32865 32925
601 gi|59 34322 34519
602 gi|6 107 2810
603 gi|6 6348 6644
604 gi|6 9786 10359
605 gi|6 10718 10941
606 gi|6 13477 13857
607 gi|6 13868 14108
608 gi|6 20039 21560
609 gi|6 29912 30617
610 gi|6 35243 36735
611 gi|6 38556 38636
612 gi|60 674 939
613 gi|60 13206 13527
614 gi|60 19961 20357
615 gi|60 22330 23884
616 gi|60 33176 33783
617 gi|60 39329 39913
618 gi|61 14199 15431
619 gi|61 21544 21708
620 gi|61 22662 23497
621 gi|61 23739 24504
622 gi|61 25169 25371
623 gi|61 25742 25911
624 gi|61 25879 26315
625 gi|61 31621 31781
626 gi|61 33024 34190
627 gi|61 34332 36082
628 gi|61 36700 36777
629 gi|62 3037 3150
630 gi|62 3650 3728
631 gi|62 13173 14951
632 gi|62 17145 17455
633 gi|62 19684 19832
634 gi|62 26751 27914
635 gi|62 28521 28906
636 gi|62 31776 32153
637 gi|62 33568 33954
638 gi|62 34961 35088
639 gi|62 39515 40000
640 gi|63 66 403
641 gi|63 628 1637
642 gi|63 2146 2289
643 gi|63 3492 5059
644 gi|63 5273 5600
645 gi|63 7119 8010
646 gi|63 12580 13344
647 gi|63 16283 16613
648 gi|63 21224 21728
649 gi|63 21941 24167
650 gi|63 28146 29049
651 gi|63 30621 31508
652 gi|63 36245 37781
653 gi|63 38120 38792
654 gi|64 4210 4603
655 gi|64 11880 13004
656 gi|64 21611 21750
657 gi|64 21825 21988
658 gi|64 27822 27921
659 gi|64 31765 33060
660 gi|64 38202 38380
661 gi|65 625 1972
662 gi|65 2057 2131
663 gi|65 4188 4342
664 gi|65 5063 5782
665 gi|65 6431 8334
666 gi|65 8363 8455
667 gi|65 8561 9198
668 gi|65 20077 20241
669 gi|66 63 1098
670 gi|66 1229 4623
671 gi|66 5000 6136
672 gi|66 7146 7424
673 gi|66 8801 8991
674 gi|66 9030 9152
675 gi|66 9417 9483
676 gi|66 10466 11990
677 gi|66 13335 15184
678 gi|66 16494 17773
679 gi|66 18328 18522
680 gi|66 20946 21890
681 gi|66 21963 23216
682 gi|66 22687 25470
683 gi|66 25562 26820
684 gi|66 28653 29380
685 gi|66 29737 30830
686 gi|66 31146 32241
687 gi|66 31902 33636
688 gi|66 34065 35575
689 gi|66 37883 37950
690 gi|66 38044 38214
691 gi|67 2457 2499
692 gi|67 8495 8930
693 gi|67 12088 12165
694 gi|67 12210 12344
695 gi|67 15995 16076
696 gi|67 16872 17139
697 gi|67 21498 21826
698 gi|67 23313 23698
699 gi|67 27301 29098
700 gi|67 31975 32051
701 gi|67 32604 32769
702 gi|68 6897 6978
703 gi|68 7539 7584
704 gi|68 25921 26039
705 gi|68 28462 28570
706 gi|68 31316 32004
707 gi|68 32462 32563
708 gi|68 32989 33221
709 gi|69 4142 4462
710 gi|69 5833 6280
711 gi|69 8387 8631
712 gi|69 13376 13408
713 gi|69 17023 17092
714 gi|69 20281 22131
715 gi|69 27381 27549
716 gi|69 35805 36740
717 gi|7 2229 2697
718 gi|7 5437 5595
719 gi|7 7517 7592
720 gi|7 9750 10516
721 gi|7 10993 11132
722 gi|7 13187 14988
723 gi|7 19646 19742
724 gi|7 20273 20343
725 gi|7 20343 21355
726 gi|7 26089 28169
727 gi|7 29139 29962
728 gi|7 29997 30928
729 gi|7 31229 32637
730 gi|7 33536 34517
731 gi|7 34739 35865
732 gi|7 36398 37627
733 gi|70 519 2884
734 gi|70 3606 4319
735 gi|70 6976 7141
736 gi|70 10049 10452
737 gi|70 10647 10694
738 gi|70 19569 19710
739 gi|70 32604 33451
740 gi|70 36792 36881
741 gi|71 1550 6839
742 gi|71 6840 7325
743 gi|71 8107 8295
744 gi|71 9010 9136
745 gi|71 16992 17083
746 gi|71 18742 19261
747 gi|71 22801 24810
748 gi|71 24632 26712
749 gi|71 26971 27173
750 gi|72 14035 14206
751 gi|72 17131 17395
752 gi|72 17754 17960
753 gi|72 27557 27707
754 gi|72 29093 29285
755 gi|72 35878 35982
756 gi|72 36256 36406
757 gi|72 37707 37895
758 gi|72 39068 40000
759 gi|73 11183 11497
760 gi|73 15023 15103
761 gi|73 15503 15592
762 gi|73 15964 16080
763 gi|73 17055 17956
764 gi|73 37654 37882
765 gi|73 38330 38499
766 gi|74 1 5289
767 gi|74 5653 6651
768 gi|74 7315 9123
769 gi|74 9237 11143
770 gi|74 11633 13204
771 gi|74 13594 15347
772 gi|74 18727 19655
773 gi|74 20309 21226
774 gi|74 32749 32978
775 gi|74 34307 34632
776 gi|74 36309 36533
777 gi|74 36503 36645
778 gi|74 37300 37358
779 gi|75 76 1309
780 gi|75 3431 3568
781 gi|75 6855 7496
782 gi|75 7828 8537
783 gi|75 8925 10481
784 gi|75 11248 11425
785 gi|75 14989 16040
786 gi|75 18322 18578
787 gi|75 23316 25240
788 gi|75 27414 27686
789 gi|75 28422 29037
790 gi|75 29101 29229
791 gi|75 30764 32041
792 gi|75 33881 33945
793 gi|75 34790 34938
794 gi|75 36666 37289
795 gi|76 3334 3744
796 gi|76 8752 8827
797 gi|76 13649 13752
798 gi|76 14529 14639
799 gi|76 15670 17637
800 gi|76 25206 25695
801 gi|76 28178 28271
802 gi|76 30223 30381
803 gi|76 31800 32168
804 gi|76 36353 38633
805 gi|77 1 2906
806 gi|77 6598 6644
807 gi|77 10222 10393
808 gi|77 26157 26238
809 gi|77 29628 30796
810 gi|77 36219 37851
811 gi|77 38702 39743
812 gi|78 2733 3938
813 gi|78 4019 4121
814 gi|78 4989 5055
815 gi|78 32818 33014
816 gi|79 103 1024
817 gi|79 5826 7831
818 gi|79 10250 12380
819 gi|79 12327 12893
820 gi|79 13389 14752
821 gi|79 16173 16234
822 gi|79 16250 17885
823 gi|79 17897 19844
824 gi|79 25320 25378
825 gi|79 26033 26340
826 gi|79 27555 27676
827 gi|79 28039 32026
828 gi|79 38298 38373
829 gi|8 1327 1442
830 gi|8 2084 2823
831 gi|8 2570 3635
832 gi|8 4075 4182
833 gi|8 9933 10056
834 gi|8 16103 17049
835 gi|8 20362 20586
836 gi|8 23638 23738
837 gi|8 24078 24204
838 gi|8 25205 25920
839 gi|8 26105 26834
840 gi|8 26975 27823
841 gi|8 27888 28000
842 gi|8 34516 36806
843 gi|8 37566 38328
844 gi|80 940 989
845 gi|80 4741 6647
846 gi|80 6617 7889
847 gi|80 9583 10469
848 gi|80 12003 12103
849 gi|80 15122 15700
850 gi|80 15772 16708
851 gi|80 17324 17690
852 gi|80 18651 18728
853 gi|80 23270 24370
854 gi|80 29123 29276
855 gi|80 29736 29871
856 gi|80 30541 31025
857 gi|81 18 1353
858 gi|81 4987 5596
859 gi|81 7094 7746
860 gi|81 7910 8415
861 gi|81 8426 8820
862 gi|81 8843 8918
863 gi|81 12690 14107
864 gi|81 19135 19346
865 gi|81 20849 22501
866 gi|81 23046 23136
867 gi|81 23761 23893
868 gi|81 27211 28271
869 gi|81 30974 32174
870 gi|81 35427 35708
871 gi|81 36012 36655
872 gi|9 1589 3489
873 gi|9 3500 4621
874 gi|9 5065 7882
875 gi|9 8300 9052
876 gi|9 10935 12707
877 gi|9 12332 13090
878 gi|9 13374 15729
879 gi|9 20602 21312
880 gi|9 22820 24603
881 gi|9 25117 26330
882 gi|9 26886 27133
883 gi|9 28569 28770
884 gi|9 28823 30311
885 gi|9 32461 32528
886 gi|9 35722 35798
887 gi|9 36246 38074
