1864 1935 gi|1 2 558 
1866 5705 gi|1 1993 2687 
1868 271 gi|1 5722 6508 
1870 301 gi|1 5782 5991 
1872 360 gi|1 5784 6417 
1874 349 gi|1 5784 6284 
1876 266 gi|1 5795 6353 
1878 363 gi|1 5806 5962 
1880 383 gi|1 5832 6425 
1882 354 gi|1 5837 5994 
1884 309 gi|1 5877 5989 
1886 401 gi|1 5879 6387 
1888 253 gi|1 5880 5964 
1890 283 gi|1 6190 6343 
1892 3401 gi|1 16247 18451 
1894 333 gi|1 29367 29668 
1896 2185 gi|1 31963 33079 
1898 719 gi|1 33190 33540 
1900 517 gi|1 34375 35732 
1902 762 gi|1 34467 35736 
1904 615 gi|1 34804 35736 
1906 537 gi|1 36596 37278 
1908 259 gi|1 38779 38874 
1910 254 gi|1 38783 38862 
1912 406 gi|1 38944 39330 
1914 259 gi|1 39011 39280 
1916 363 gi|1 39085 39333 
1918 253 gi|1 39092 39300 
1036 420 gi|10 8657 9692 
1038 261 gi|10 8996 9604 
1040 750 gi|10 15054 15658 
1042 495 gi|10 16075 16515 
371 1670 gi|10 21586 22112 
413 1655 gi|10 21586 22112 
1044 330 gi|10 23628 24152 
1046 266 gi|10 24347 24416 
703 352 gi|10 24347 24416 
1048 283 gi|10 30826 30988 
776 1792 gi|11 127 3862 
778 2069 gi|11 7752 8972 
780 344 gi|11 8357 8672 
782 583 gi|11 10377 10628 
784 675 gi|11 10388 10728 
786 613 gi|11 10388 10628 
788 1220 gi|11 10391 10661 
790 783 gi|11 10401 10565 
792 1210 gi|11 10405 10772 
794 1199 gi|11 10478 10773 
796 331 gi|11 10481 10553 
798 1149 gi|11 10492 10661 
800 750 gi|11 10492 10661 
804 726 gi|11 10492 10661 
806 308 gi|11 10492 10628 
802 551 gi|11 10492 10605 
808 549 gi|11 10494 10628 
810 285 gi|11 10498 10553 
812 285 gi|11 10498 10553 
814 1169 gi|11 10534 10768 
816 1154 gi|11 10538 10746 
818 280 gi|11 10542 10627 
820 872 gi|11 10545 10768 
822 529 gi|11 10545 10627 
824 619 gi|11 10548 10717 
832 539 gi|11 10549 10690 
826 334 gi|11 10549 10661 
830 259 gi|11 10549 10661 
828 376 gi|11 10549 10608 
834 339 gi|11 10554 10608 
836 339 gi|11 10554 10608 
838 364 gi|11 10594 10719 
840 426 gi|11 10598 10678 
842 256 gi|11 10604 10747 
844 535 gi|11 10605 10746 
846 933 gi|11 10607 10920 
852 791 gi|11 10607 10768 
848 748 gi|11 10607 10721 
850 460 gi|11 10607 10718 
854 443 gi|11 10607 10673 
856 269 gi|11 10630 10757 
858 412 gi|11 10648 10768 
860 537 gi|11 10652 10747 
862 421 gi|11 10658 10717 
864 355 gi|11 10659 10760 
866 465 gi|11 10659 10757 
868 354 gi|11 10668 10728 
870 354 gi|11 10668 10728 
872 267 gi|11 10685 10721 
874 544 gi|11 10686 10853 
876 371 gi|11 10718 10772 
878 309 gi|11 10763 10847 
655 318 gi|11 10765 10847 
880 344 gi|11 10765 10847 
882 352 gi|11 10766 10847 
884 259 gi|11 10770 10822 
886 268 gi|11 10771 10824 
888 281 gi|11 10775 10826 
890 288 gi|11 10775 10826 
892 273 gi|11 10775 10823 
894 281 gi|11 28984 29120 
896 353 gi|11 30165 30257 
898 406 gi|11 30184 30284 
912 524 gi|11 30184 30272 
900 387 gi|11 30184 30234 
902 362 gi|11 30184 30234 
904 386 gi|11 30184 30234 
906 366 gi|11 30184 30234 
908 418 gi|11 30184 30234 
910 434 gi|11 30184 30234 
914 256 gi|11 30241 30377 
227 405 gi|11 30270 30353 
916 303 gi|11 30270 30329 
918 352 gi|11 30277 30325 
920 2539 gi|11 30735 32494 
922 980 gi|11 33226 34013 
924 2003 gi|11 33256 34035 
926 1005 gi|11 34268 35234 
928 1917 gi|11 34343 35212 
930 465 gi|11 36867 37286 
932 372 gi|11 39964 40171 
1050 4750 gi|12 4976 8706 
1052 300 gi|12 12493 12730 
1054 743 gi|12 24141 24290 
1056 676 gi|12 24141 24214 
1058 731 gi|12 24217 24297 
1060 731 gi|12 24217 24297 
1062 705 gi|12 24217 24297 
1064 375 gi|12 24910 25499 
1066 677 gi|12 24911 25540 
1068 264 gi|12 25157 25259 
1070 431 gi|12 26671 27386 
1072 416 gi|12 34180 34331 
1074 675 gi|12 34280 35029 
1076 369 gi|12 34280 34452 
1078 563 gi|12 34865 35195 
1080 714 gi|12 35625 35832 
669 728 gi|12 35641 35832 
1082 1267 gi|12 36500 36943 
1084 265 gi|12 36615 36664 
1086 463 gi|12 37222 37504 
1088 1735 gi|12 37631 37987 
1090 3408 gi|12 37697 40149 
1092 4262 gi|12 37881 39235 
430 299 gi|13 22942 23282 
432 975 gi|13 23346 23940 
434 262 gi|13 27078 27259 
436 260 gi|13 27111 27269 
438 250 gi|13 27111 27216 
440 272 gi|13 29975 30113 
442 287 gi|13 29977 30198 
444 275 gi|13 30002 30106 
446 345 gi|13 30022 30258 
448 263 gi|13 30773 31073 
450 280 gi|13 39488 39738 
82 272 gi|14 2410 2543 
84 255 gi|14 2410 2537 
86 308 gi|14 2427 2633 
88 292 gi|14 2430 2573 
439 250 gi|14 2442 2550 
245 690 gi|14 2661 3119 
90 330 gi|14 2911 3193 
92 258 gi|14 2998 3099 
94 293 gi|14 6847 7117 
96 294 gi|14 6849 7008 
98 311 gi|14 6849 6983 
100 328 gi|14 6880 7015 
102 11960 gi|14 7057 8517 
104 12049 gi|14 7069 8489 
255 12111 gi|14 7109 8499 
106 12061 gi|14 7136 8490 
108 12058 gi|14 7150 8508 
110 12052 gi|14 7162 8491 
112 12051 gi|14 7162 8488 
118 11910 gi|14 7164 8779 
116 11966 gi|14 7164 8590 
114 12031 gi|14 7164 8490 
735 12013 gi|14 7166 8579 
247 974 gi|14 8509 8938 
437 260 gi|14 11968 12128 
120 301 gi|14 11985 12231 
122 313 gi|14 11987 12149 
124 282 gi|14 11987 12121 
126 374 gi|14 12018 12153 
128 386 gi|14 15478 15541 
132 309 gi|14 15478 15536 
134 309 gi|14 15478 15536 
130 289 gi|14 15478 15530 
136 260 gi|14 15483 15536 
1039 261 gi|14 24909 25499 
138 402 gi|14 27215 27964 
140 755 gi|14 31409 32554 
875 544 gi|15 1008 1165 
456 358 gi|15 1008 1146 
454 409 gi|15 1008 1110 
458 321 gi|15 1008 1094 
452 464 gi|15 1008 1092 
460 508 gi|15 1028 1091 
462 348 gi|15 1040 1093 
464 2078 gi|15 3060 3986 
466 2022 gi|15 4356 5832 
468 421 gi|15 4541 5073 
470 293 gi|15 4575 4991 
472 1556 gi|15 4594 5889 
474 967 gi|15 18239 18352 
645 923 gi|15 18239 18352 
476 289 gi|15 18248 18353 
478 764 gi|15 18251 18352 
480 258 gi|15 18252 18322 
484 354 gi|15 18252 18321 
482 263 gi|15 18252 18317 
883 352 gi|15 18259 18337 
889 281 gi|15 18260 18311 
486 284 gi|15 18262 18320 
488 259 gi|15 18264 18319 
490 421 gi|15 18265 18352 
492 646 gi|15 18416 18484 
494 646 gi|15 18416 18484 
496 339 gi|15 18416 18462 
785 675 gi|15 18420 18810 
506 375 gi|15 18429 18507 
498 384 gi|15 18429 18505 
797 331 gi|15 18429 18498 
500 355 gi|15 18429 18489 
502 371 gi|15 18429 18489 
504 414 gi|15 18429 18489 
508 355 gi|15 18430 18489 
829 376 gi|15 18430 18489 
510 429 gi|15 18431 18489 
512 1189 gi|15 18485 18641 
514 910 gi|15 18485 18639 
659 960 gi|15 18485 18639 
516 429 gi|15 18551 18705 
522 1353 gi|15 18590 18810 
518 922 gi|15 18590 18807 
520 910 gi|15 18590 18799 
851 460 gi|15 18590 18705 
524 393 gi|15 18591 18705 
831 259 gi|15 18591 18705 
526 572 gi|15 18593 18807 
528 305 gi|15 18600 18705 
530 255 gi|15 18600 18704 
532 607 gi|15 18604 18800 
534 1586 gi|15 18626 18836 
536 551 gi|15 18636 18721 
538 308 gi|15 18649 18705 
540 401 gi|15 18654 18844 
542 477 gi|15 18710 18807 
544 331 gi|15 18711 18821 
135 309 gi|15 18746 18804 
546 279 gi|15 18758 18823 
647 273 gi|15 33254 33332 
548 316 gi|15 34644 35048 
550 374 gi|15 34646 34830 
552 1119 gi|15 36476 36782 
554 322 gi|15 36504 36612 
556 340 gi|15 36508 36688 
560 306 gi|15 36509 36634 
558 251 gi|15 36509 36555 
562 879 gi|15 36510 36772 
564 456 gi|15 36518 36725 
566 1055 gi|15 36541 36770 
815 1169 gi|15 36544 36772 
568 511 gi|15 36548 36634 
570 830 gi|15 36553 36744 
572 515 gi|15 36553 36668 
863 421 gi|15 36553 36612 
574 1068 gi|15 36554 36772 
843 256 gi|15 36555 36697 
576 325 gi|15 36557 36742 
805 726 gi|15 36557 36723 
578 564 gi|15 36557 36668 
580 272 gi|15 36558 36697 
582 424 gi|15 36558 36697 
584 273 gi|15 36563 36612 
586 273 gi|15 36563 36612 
588 690 gi|15 36603 36727 
590 516 gi|15 36607 36688 
592 415 gi|15 36607 36682 
807 308 gi|15 36613 36742 
598 637 gi|15 36656 36772 
596 483 gi|15 36656 36742 
594 261 gi|15 36656 36725 
600 364 gi|15 36663 36761 
602 449 gi|15 36669 36723 
909 418 gi|15 36671 36721 
604 259 gi|15 36677 36781 
606 306 gi|15 38118 38179 
608 256 gi|15 39887 40154 
750 2300 gi|16 4 1543 
748 2609 gi|16 4 1510 
754 1394 gi|16 4 716 
752 739 gi|16 4 675 
756 746 gi|16 13 494 
758 850 gi|16 662 1507 
760 1990 gi|16 700 1541 
762 838 gi|16 711 1547 
764 643 gi|16 735 878 
766 256 gi|16 9719 9785 
91 330 gi|16 12977 13239 
95 293 gi|16 16110 16364 
121 301 gi|16 16133 16364 
768 257 gi|16 16198 16281 
83 272 gi|16 16234 16378 
85 255 gi|16 19738 19882 
770 280 gi|16 36275 36872 
772 261 gi|16 36330 37146 
774 331 gi|16 36787 36924 
142 314 gi|17 3878 3964 
144 272 gi|17 3913 3974 
146 262 gi|17 12528 12632 
148 376 gi|17 19588 19945 
150 1000 gi|17 21668 22878 
152 515 gi|17 21924 22860 
154 1055 gi|17 24853 26170 
158 646 gi|17 29870 29938 
495 646 gi|17 29870 29938 
156 339 gi|17 29870 29916 
871 354 gi|17 29874 29938 
160 356 gi|17 29883 29938 
162 313 gi|17 29883 29938 
164 372 gi|17 29883 29938 
166 304 gi|17 29883 29938 
168 329 gi|17 29883 29938 
813 285 gi|17 29883 29938 
170 318 gi|17 29884 29938 
837 339 gi|17 29884 29938 
172 385 gi|17 29885 29938 
587 273 gi|17 29889 29938 
174 2579 gi|17 30052 30358 
667 2394 gi|17 30052 30358 
176 2509 gi|17 30052 30357 
178 252 gi|17 30659 30895 
180 482 gi|17 30712 31800 
182 395 gi|17 30717 31073 
184 330 gi|17 30717 30959 
186 384 gi|17 30795 31278 
188 258 gi|17 30801 30909 
190 343 gi|17 32724 32861 
192 1803 gi|17 35700 37138 
194 5028 gi|17 37507 39296 
0 2599 gi|18 2999 4448 
2 2760 gi|18 3021 4447 
4 464 gi|18 5443 7009 
6 370 gi|18 7500 7806 
8 1104 gi|18 7523 8238 
10 385 gi|18 7533 7836 
1913 406 gi|18 7569 7979 
12 324 gi|18 7594 7811 
14 337 gi|18 7623 7890 
16 387 gi|18 7630 7897 
18 268 gi|18 7633 7881 
20 362 gi|18 7636 7868 
1879 363 gi|18 7659 7815 
22 269 gi|18 7664 7888 
24 265 gi|18 7715 7983 
26 309 gi|18 16149 16281 
28 729 gi|18 16662 17705 
30 267 gi|18 23558 23849 
32 352 gi|18 23607 24110 
34 314 gi|18 23712 23841 
38 349 gi|18 23716 23807 
36 267 gi|18 23716 23787 
40 383 gi|18 24271 25025 
42 280 gi|18 24273 24597 
44 455 gi|18 24276 24788 
46 426 gi|18 24278 24553 
48 289 gi|18 24328 24508 
50 297 gi|18 24397 24666 
143 314 gi|18 31521 31602 
54 277 gi|18 31543 31638 
52 281 gi|18 31543 31621 
56 277 gi|18 31547 31638 
58 388 gi|18 31548 31653 
62 293 gi|18 31556 31745 
60 330 gi|18 31556 31622 
64 333 gi|18 31563 31622 
66 295 gi|18 31566 31746 
68 258 gi|18 31581 31627 
70 295 gi|18 31703 31768 
72 273 gi|18 31703 31745 
74 257 gi|18 31705 31751 
76 281 gi|18 39881 40178 
78 550 gi|18 39914 40177 
80 788 gi|18 39966 40178 
765 643 gi|18 40028 40171 
306 437 gi|19 2430 3050 
308 267 gi|19 6587 6727 
310 267 gi|19 9946 10071 
312 256 gi|19 9985 10066 
314 256 gi|19 10465 10599 
316 273 gi|19 10530 10610 
318 265 gi|19 10809 11042 
443 287 gi|19 10816 11022 
320 335 gi|19 11431 12019 
9 1104 gi|19 13382 14100 
1873 360 gi|19 13390 13984 
322 450 gi|19 13457 14065 
324 376 gi|19 13464 14149 
326 368 gi|19 13737 14041 
328 401 gi|19 13749 13996 
1917 363 gi|19 13802 14047 
330 319 gi|19 13808 13995 
332 466 gi|19 13811 14036 
5 464 gi|19 14361 15869 
334 290 gi|19 14686 14876 
336 277 gi|19 24125 24264 
338 2368 gi|19 24375 25490 
340 572 gi|19 25488 26083 
342 2170 gi|19 26154 27532 
344 290 gi|19 30161 30789 
141 755 gi|19 38813 39959 
392 892 gi|2 10 954 
394 1085 gi|2 3442 4689 
396 2323 gi|2 12852 13919 
398 6082 gi|2 13835 15329 
400 344 gi|2 13929 14557 
402 1282 gi|2 14925 15301 
404 740 gi|2 15157 15329 
406 333 gi|2 19922 20005 
408 4000 gi|2 19925 20431 
410 47518 gi|2 20215 26962 
412 1655 gi|2 24584 25072 
414 2512 gi|2 26814 27277 
416 11965 gi|2 27260 28695 
418 2040 gi|2 27268 27531 
420 1679 gi|2 28458 28817 
422 5919 gi|2 28796 29558 
424 7977 gi|2 28797 30142 
426 979 gi|2 29533 29690 
428 610 gi|2 29890 30142 
931 465 gi|20 1805 2257 
934 429 gi|20 5895 6144 
936 31467 gi|20 7211 10782 
942 30445 gi|20 7211 10484 
938 1624 gi|20 7211 7404 
940 1255 gi|20 7211 7404 
944 615 gi|20 7315 7404 
946 49672 gi|20 7340 12662 
948 1126 gi|20 7341 7483 
950 29915 gi|20 7343 10739 
952 342 gi|20 7354 7404 
954 462 gi|20 10440 10592 
956 1231 gi|20 10596 10739 
958 477 gi|20 10710 10863 
960 16667 gi|20 10871 12660 
962 16280 gi|20 10912 12660 
964 16499 gi|20 10913 12839 
966 307 gi|20 12645 12848 
968 835 gi|20 12662 12854 
970 429 gi|20 12663 12858 
972 373 gi|20 12675 12795 
974 302 gi|20 12686 12848 
976 273 gi|20 12686 12796 
978 319 gi|20 25468 25818 
980 252 gi|20 30424 30508 
982 283 gi|20 31727 32057 
986 417 gi|20 32575 32628 
984 411 gi|20 32575 32627 
272 289 gi|21 826 946 
1 2599 gi|21 1340 2775 
274 4127 gi|21 1384 2711 
276 406 gi|21 2061 2710 
935 429 gi|21 4989 5241 
278 912 gi|21 5441 6484 
280 371 gi|21 7238 7532 
282 278 gi|21 12970 13095 
284 351 gi|21 12987 13102 
286 509 gi|21 13021 13105 
288 422 gi|21 13023 13092 
292 431 gi|21 13028 13106 
294 341 gi|21 13028 13106 
290 452 gi|21 13028 13105 
296 456 gi|21 13179 13392 
298 251 gi|21 18107 18394 
300 296 gi|21 20045 20140 
302 425 gi|21 20049 20097 
304 425 gi|21 20049 20097 
1901 517 gi|22 211 1573 
988 552 gi|22 344 1179 
990 1004 gi|22 354 1179 
992 564 gi|22 4028 4690 
979 319 gi|22 4965 5302 
994 413 gi|22 5066 5311 
996 371 gi|22 5105 5302 
1000 278 gi|22 5949 6107 
998 496 gi|22 5949 6102 
1004 276 gi|22 5950 6107 
1002 322 gi|22 5950 6085 
1006 280 gi|22 5951 6122 
1008 376 gi|22 5952 6099 
1010 259 gi|22 6026 6085 
199 276 gi|22 6038 6083 
1012 1168 gi|22 6395 7410 
1014 505 gi|22 14507 15024 
1016 3709 gi|22 14630 15712 
1018 287 gi|22 14633 15001 
1020 962 gi|22 14672 15021 
1022 583 gi|22 14678 15035 
1024 742 gi|22 14693 15161 
1026 712 gi|22 14780 15019 
1028 342 gi|22 14789 15004 
1030 272 gi|22 15303 15490 
921 2539 gi|22 15893 17638 
1032 501 gi|22 18445 19058 
1034 1081 gi|22 35514 36607 
1130 464 gi|23 1376 1796 
549 316 gi|23 1388 1768 
1132 687 gi|23 1474 1840 
1134 540 gi|23 2385 2849 
1136 268 gi|23 8666 8735 
1138 305 gi|23 19313 19462 
1316 12018 gi|24 6187 7667 
107 12061 gi|24 6250 7609 
1318 12130 gi|24 6253 7615 
1320 12062 gi|24 6265 7608 
1322 12032 gi|24 6282 7700 
1324 12028 gi|24 6282 7689 
1328 12038 gi|24 6285 7653 
1330 12034 gi|24 6285 7614 
739 12026 gi|24 6285 7611 
267 12061 gi|24 6285 7609 
1326 12049 gi|24 6285 7607 
681 353 gi|24 8590 9259 
1332 481 gi|24 8600 9250 
1334 272 gi|24 8922 8998 
727 564 gi|24 12583 12721 
933 372 gi|24 14786 14992 
1336 529 gi|24 15039 15340 
1338 289 gi|24 15471 15559 
1340 282 gi|24 15502 15577 
715 260 gi|24 15517 15554 
1342 262 gi|24 15518 15577 
1344 250 gi|24 15522 15560 
1346 2584 gi|24 15608 16420 
1348 330 gi|24 18860 18913 
1350 326 gi|24 18860 18910 
1352 266 gi|24 18860 18903 
1354 263 gi|24 21793 21873 
1356 266 gi|24 24536 24603 
301 296 gi|24 24562 24646 
1358 294 gi|24 24568 24603 
1360 348 gi|24 27572 27815 
1362 436 gi|24 27581 27839 
1364 276 gi|24 27714 27815 
1366 282 gi|24 28031 28158 
1368 275 gi|24 28358 28647 
327 368 gi|24 28399 28694 
1370 330 gi|24 28402 28627 
1372 254 gi|24 28414 28705 
1374 318 gi|24 28444 28635 
1376 342 gi|24 28526 28675 
1378 264 gi|24 28527 29036 
1380 305 gi|24 29343 29434 
241 533 gi|25 2198 2630 
1382 307 gi|25 2231 2627 
1384 372 gi|25 2388 2656 
237 297 gi|25 3166 3289 
3 2760 gi|25 3318 4720 
275 4127 gi|25 3372 4696 
1386 297 gi|25 3382 4594 
195 5028 gi|25 9886 11673 
101 328 gi|25 11979 12115 
127 374 gi|25 11979 12115 
89 292 gi|25 11981 12122 
1388 268 gi|25 12538 12651 
1390 636 gi|25 14802 16641 
1392 552 gi|25 15384 16611 
1394 347 gi|25 16937 17943 
1396 400 gi|25 30294 31058 
1895 333 gi|25 32701 32999 
1398 2782 gi|25 37305 37926 
435 262 gi|25 38793 38961 
1400 345 gi|25 40012 40172 
271 254 gi|26 4277 4372 
1087 463 gi|26 5673 5955 
2174 1695 gi|26 9264 10784 
2176 255 gi|26 9517 9970 
297 456 gi|26 15751 15964 
2178 353 gi|26 16149 16230 
2180 373 gi|26 16195 16291 
2182 505 gi|26 16215 16375 
2184 441 gi|26 16257 16426 
2186 289 gi|26 23326 23893 
2188 823 gi|26 37713 38415 
1402 1153 gi|27 5554 6618 
1404 263 gi|27 6254 6436 
1406 758 gi|27 9360 9770 
1408 307 gi|27 10883 11303 
29 729 gi|27 11366 12397 
1410 420 gi|27 13946 14064 
1412 420 gi|27 13946 14064 
1414 330 gi|27 14041 14132 
1416 568 gi|27 14042 14161 
1418 498 gi|27 14043 14128 
1420 280 gi|27 14045 14125 
287 509 gi|27 14047 14131 
1422 406 gi|27 14050 14128 
1424 381 gi|27 14058 14134 
1426 549 gi|27 14060 14135 
1428 547 gi|27 24801 29754 
1430 251 gi|27 24914 25178 
1432 314 gi|27 30265 30388 
1434 301 gi|27 33213 33290 
1436 1902 gi|27 37602 37874 
1438 2012 gi|27 37605 37881 
665 1999 gi|27 37605 37881 
1920 494 gi|28 6255 6833 
425 7977 gi|28 8531 9801 
363 628 gi|28 8604 8747 
365 5583 gi|28 9074 9803 
367 961 gi|28 10495 10784 
417 11965 gi|28 10547 11982 
369 1958 gi|28 11710 11984 
415 2512 gi|28 12180 12662 
409 4000 gi|28 17559 18073 
373 1461 gi|28 17559 17775 
383 458 gi|28 18250 18320 
375 269 gi|28 18278 18319 
381 415 gi|28 18883 18961 
377 263 gi|28 18913 18953 
379 907 gi|28 19153 19315 
385 1102 gi|28 21914 22186 
387 7500 gi|28 22098 23045 
399 6082 gi|28 22881 24385 
1922 860 gi|28 22936 24235 
1924 2613 gi|28 26102 27181 
1926 5223 gi|28 26172 27189 
1928 4632 gi|28 26273 27207 
1930 379 gi|28 28973 29943 
1065 375 gi|28 29309 29899 
353 334 gi|28 32677 33189 
1140 250 gi|29 8 385 
219 395 gi|29 113 391 
1142 317 gi|29 132 331 
357 260 gi|29 173 327 
1144 286 gi|29 4288 5167 
1146 371 gi|29 8330 8449 
1148 282 gi|29 8379 8533 
1150 447 gi|29 8380 8530 
1152 774 gi|29 8462 8549 
1154 740 gi|29 8462 8542 
1156 273 gi|29 8477 8670 
1158 468 gi|29 9902 10603 
1160 510 gi|29 11880 12481 
1162 975 gi|29 11904 12242 
1164 384 gi|29 12102 12259 
1166 263 gi|29 12360 12612 
1168 409 gi|29 12434 12623 
1170 289 gi|29 12471 12647 
1909 259 gi|29 15418 15512 
1172 294 gi|29 15764 16045 
1174 256 gi|29 15818 15887 
1176 1038 gi|29 19367 20139 
1178 441 gi|29 20538 20774 
1180 580 gi|29 33831 34382 
637 729 gi|29 33850 34482 
1182 535 gi|29 33934 34338 
1184 412 gi|29 39532 40020 
346 291 gi|3 264 375 
348 345 gi|3 2560 2810 
350 1903 gi|3 2913 4248 
352 334 gi|3 9823 10326 
354 332 gi|3 10939 11236 
356 260 gi|3 29775 29930 
358 582 gi|3 37077 38755 
1258 931 gi|30 205 862 
1260 475 gi|30 525 863 
1262 530 gi|30 588 938 
1264 766 gi|30 615 938 
1027 712 gi|30 615 863 
1266 439 gi|30 615 861 
1268 250 gi|30 615 861 
1270 351 gi|30 633 854 
1272 895 gi|30 11902 12009 
1274 850 gi|30 11906 12009 
2175 1695 gi|30 12391 13910 
1276 261 gi|30 12512 12592 
1278 16404 gi|30 20863 22788 
1280 16759 gi|30 20970 22845 
961 16667 gi|30 21039 22845 
1282 48987 gi|30 21040 26442 
937 31467 gi|30 22813 26308 
1284 30335 gi|30 22813 26181 
1286 31108 gi|30 22856 26175 
1288 1135 gi|30 26035 26177 
1290 342 gi|30 26114 26164 
1292 2784 gi|30 26393 26720 
939 1624 gi|30 26393 26586 
1298 470 gi|30 26393 26459 
1294 488 gi|30 26393 26455 
1296 470 gi|30 26393 26453 
1300 3098 gi|30 26671 27287 
941 1255 gi|30 26671 26843 
1304 476 gi|30 26671 26746 
1302 482 gi|30 26671 26734 
1306 470 gi|30 26671 26731 
1308 626 gi|30 26928 27016 
945 615 gi|30 26928 27016 
1310 410 gi|30 26928 26996 
1312 402 gi|30 26928 26988 
1314 402 gi|30 26928 26988 
1435 301 gi|30 34374 34451 
299 251 gi|31 2971 3255 
1440 372 gi|31 10884 11500 
2187 289 gi|31 10964 11503 
1442 1137 gi|31 14675 15022 
1444 642 gi|31 14678 14865 
517 429 gi|31 14682 14810 
1446 374 gi|31 14690 14827 
793 1210 gi|31 14696 15070 
1450 600 gi|31 14725 14816 
1448 272 gi|31 14725 14814 
635 260 gi|31 14725 14798 
571 830 gi|31 14732 14930 
809 549 gi|31 14734 14865 
1452 318 gi|31 14737 14810 
1454 790 gi|31 14747 14880 
1456 425 gi|31 14753 14810 
799 1149 gi|31 14756 14926 
577 325 gi|31 14789 14982 
1458 591 gi|31 14790 14865 
499 384 gi|31 14806 14881 
1460 345 gi|31 14806 14861 
161 356 gi|31 14806 14861 
1462 961 gi|31 14812 14982 
825 619 gi|31 14812 14982 
1466 251 gi|31 14851 14931 
1464 528 gi|31 14851 14929 
1468 292 gi|31 14866 14903 
1470 1080 gi|31 14867 15075 
849 748 gi|31 14867 14981 
511 429 gi|31 14867 14925 
1472 377 gi|31 14867 14920 
173 385 gi|31 14867 14920 
565 456 gi|31 14869 15075 
1474 320 gi|31 14869 14982 
521 910 gi|31 14870 15075 
1476 594 gi|31 14910 15070 
1478 411 gi|31 14910 15070 
1480 345 gi|31 14915 14997 
1482 437 gi|31 14927 14982 
1484 358 gi|31 14927 14982 
603 449 gi|31 14927 14982 
903 362 gi|31 14929 14980 
1486 327 gi|31 14982 15103 
1488 299 gi|31 14989 15074 
847 933 gi|31 16061 16382 
1490 640 gi|31 16206 16341 
553 1119 gi|31 16209 16516 
453 464 gi|31 16218 16295 
1494 270 gi|31 16218 16271 
1492 344 gi|31 16218 16269 
1496 1837 gi|31 16219 16543 
1498 753 gi|31 16221 16382 
531 255 gi|31 16228 16322 
1500 348 gi|31 16230 16365 
581 272 gi|31 16240 16382 
1502 270 gi|31 16244 16322 
1504 378 gi|31 16246 16382 
783 583 gi|31 16249 16499 
1506 464 gi|31 16249 16322 
1508 527 gi|31 16268 16429 
827 334 gi|31 16270 16382 
899 406 gi|31 16272 16370 
535 1586 gi|31 16303 16519 
1510 567 gi|31 16305 16509 
1512 623 gi|31 16305 16477 
1514 592 gi|31 16313 16398 
595 261 gi|31 16326 16394 
1516 281 gi|31 16326 16382 
1518 376 gi|31 16331 16479 
1520 475 gi|31 16387 16478 
1522 348 gi|31 16388 16479 
131 289 gi|31 16423 16475 
1524 264 gi|31 16435 16486 
231 300 gi|31 20985 21111 
1526 250 gi|31 21000 21109 
917 303 gi|31 21043 21107 
455 409 gi|31 25551 25644 
1528 701 gi|31 25569 25675 
1530 487 gi|31 25570 25642 
575 1068 gi|31 25572 25792 
821 872 gi|31 25572 25792 
1532 1115 gi|31 25574 25831 
529 305 gi|31 25581 25672 
1534 407 gi|31 25583 25681 
1536 877 gi|31 25610 25743 
1538 310 gi|31 25614 25672 
1540 465 gi|31 25617 25672 
789 1220 gi|31 25619 25890 
1542 721 gi|31 25619 25826 
573 515 gi|31 25619 25737 
901 387 gi|31 25621 25671 
1544 983 gi|31 25646 25903 
845 535 gi|31 25646 25790 
1546 500 gi|31 25654 25755 
1548 290 gi|31 25654 25739 
1550 271 gi|31 25660 25732 
509 355 gi|31 25671 25732 
1552 319 gi|31 25671 25725 
171 318 gi|31 25671 25725 
1554 469 gi|31 25674 25788 
519 922 gi|31 25675 25889 
865 355 gi|31 25700 25792 
1558 337 gi|31 25703 25914 
1556 976 gi|31 25703 25895 
501 355 gi|31 25728 25788 
1560 318 gi|31 25728 25783 
163 313 gi|31 25728 25783 
1562 333 gi|31 25789 25889 
1564 507 gi|31 25791 25887 
1566 406 gi|31 25792 25872 
613 257 gi|31 25826 25890 
129 386 gi|31 25827 25891 
1568 269 gi|31 25841 26024 
1570 250 gi|31 27846 27939 
1094 431 gi|32 1418 1841 
1096 297 gi|32 2558 2714 
1098 290 gi|32 4164 4252 
1141 250 gi|32 8986 9351 
1100 290 gi|32 35752 35890 
1102 1582 gi|32 37199 37567 
697 1907 gi|32 37219 37563 
1104 1106 gi|32 37276 37578 
1106 319 gi|32 37485 37562 
1047 266 gi|32 37494 37563 
1108 283 gi|32 38120 38187 
1110 824 gi|32 39830 40175 
1112 586 gi|32 39866 40178 
1114 646 gi|32 39916 40178 
1116 455 gi|32 39948 40175 
1118 606 gi|32 39951 40178 
1120 532 gi|32 39961 40178 
1122 503 gi|32 39966 40175 
1124 451 gi|32 39977 40178 
1126 416 gi|32 39977 40177 
1128 555 gi|32 39980 40178 
2098 256 gi|33 3857 3929 
321 335 gi|33 12135 12730 
615 1007 gi|33 14776 14919 
1925 2613 gi|33 15129 16190 
1927 5223 gi|33 16327 17353 
1929 4632 gi|33 17423 18345 
2100 5598 gi|33 18609 19296 
2102 2427 gi|33 18836 19212 
2104 2376 gi|33 19159 19717 
2106 256 gi|33 19201 19239 
433 975 gi|33 19723 20299 
2108 285 gi|33 21134 21168 
2110 2640 gi|33 21147 22506 
2112 1553 gi|33 23758 25140 
2114 307 gi|33 29048 29383 
1403 1153 gi|34 5 1095 
1702 626 gi|34 31498 32018 
1704 302 gi|34 38543 38677 
1706 454 gi|34 38762 38862 
1125 451 gi|35 764 966 
1127 416 gi|35 1749 1951 
1121 532 gi|35 3158 3375 
1117 455 gi|35 4435 4662 
1115 646 gi|35 5529 5815 
1113 586 gi|35 6596 6931 
1129 555 gi|35 7764 7969 
1119 606 gi|35 8816 9047 
1123 503 gi|35 9898 10108 
2006 15637 gi|35 10874 12658 
1077 369 gi|35 12459 12631 
2008 1334 gi|35 13027 13250 
1079 563 gi|35 13059 13398 
2010 357 gi|35 13544 14045 
1111 824 gi|35 13846 14198 
2012 818 gi|35 16990 17853 
753 739 gi|35 17056 17719 
763 838 gi|35 17068 17897 
751 2300 gi|35 17858 19403 
2014 1037 gi|35 18048 18705 
757 746 gi|35 18057 18539 
77 281 gi|35 18552 18813 
2016 1875 gi|35 18720 19666 
749 2609 gi|35 18766 20389 
81 788 gi|35 19407 19616 
2018 532 gi|35 19626 20576 
759 850 gi|35 19746 20623 
1041 750 gi|35 35884 36494 
1043 495 gi|35 36148 36582 
2020 859 gi|35 37260 37899 
2022 422 gi|35 37329 37838 
1875 349 gi|35 37332 37806 
2024 258 gi|35 37344 37728 
2026 340 gi|35 37387 37811 
2028 317 gi|35 37391 37809 
2030 488 gi|35 37424 37913 
2032 350 gi|35 37447 37811 
183 395 gi|35 37455 37811 
2034 507 gi|35 37465 37913 
2036 407 gi|35 37595 37811 
2038 336 gi|35 37626 37735 
2040 274 gi|35 37627 37738 
2042 520 gi|35 37628 37875 
2044 595 gi|35 38289 39391 
1357 266 gi|36 1260 1330 
1740 13373 gi|36 1290 2816 
303 425 gi|36 1294 1342 
1411 420 gi|36 1337 1448 
723 268 gi|36 2550 2708 
985 411 gi|36 2755 2807 
1742 935 gi|36 2821 3039 
1744 499 gi|36 2823 3343 
1746 330 gi|36 2826 3168 
1748 335 gi|36 2834 3000 
1750 296 gi|36 2837 3343 
1752 1006 gi|36 2839 3039 
1756 1704 gi|36 2841 3500 
1754 452 gi|36 2841 3183 
1758 257 gi|36 2841 2913 
1760 471 gi|36 2851 3261 
1762 258 gi|36 2854 2952 
1766 366 gi|36 2855 2952 
1764 359 gi|36 2855 2912 
1768 563 gi|36 2857 3346 
1770 352 gi|36 2857 3227 
1780 318 gi|36 2858 3346 
1774 432 gi|36 2858 3345 
1778 328 gi|36 2858 3168 
1772 877 gi|36 2858 3084 
1776 351 gi|36 2858 2914 
1782 351 gi|36 2858 2914 
1784 301 gi|36 2859 3168 
1786 776 gi|36 2886 3197 
1788 329 gi|36 2894 3261 
1790 326 gi|36 2921 3344 
1792 900 gi|36 2922 3188 
1794 270 gi|36 2929 3149 
1796 726 gi|36 2931 3344 
1798 851 gi|36 2937 3197 
1800 309 gi|36 2942 3261 
1802 293 gi|36 3002 3227 
1804 553 gi|36 3093 3224 
1806 293 gi|36 3093 3188 
1808 357 gi|36 3116 3343 
1810 30267 gi|36 3117 6756 
1812 483 gi|36 3117 3344 
1814 250 gi|36 3118 3188 
1055 743 gi|36 3131 3276 
1816 1437 gi|36 3202 3356 
1153 774 gi|36 3275 3361 
1285 30335 gi|36 3354 6799 
1818 29316 gi|36 3354 6501 
1299 470 gi|36 3354 3421 
947 49672 gi|36 3357 8679 
1307 470 gi|36 3360 3421 
1315 402 gi|36 3360 3421 
1820 342 gi|36 3371 3421 
959 477 gi|36 6457 6609 
1822 1231 gi|36 6613 6756 
955 462 gi|36 6727 6880 
1281 16759 gi|36 6888 8745 
1824 16397 gi|36 6929 8903 
1826 16401 gi|36 6930 8676 
1828 259 gi|36 8634 8686 
1830 458 gi|36 10406 11692 
1832 278 gi|36 10444 11655 
153 515 gi|36 10684 11620 
1834 289 gi|36 11737 11847 
621 320 gi|36 11742 11847 
1836 322 gi|36 11747 11853 
559 251 gi|36 11841 11887 
1391 636 gi|36 18702 20508 
1395 347 gi|36 20833 21843 
1177 1038 gi|36 20916 21685 
643 2098 gi|36 28258 28557 
475 967 gi|36 28309 28423 
1838 289 gi|36 28318 28426 
1840 1840 gi|36 28321 28557 
481 258 gi|36 28322 28393 
1844 364 gi|36 28322 28392 
1842 258 gi|36 28322 28388 
881 344 gi|36 28327 28408 
891 288 gi|36 28330 28382 
1846 296 gi|36 28331 28391 
1848 421 gi|36 28336 28423 
513 1189 gi|36 28441 28597 
1850 2677 gi|36 28653 29018 
661 13344 gi|36 28656 30295 
1852 6178 gi|36 29030 29791 
1437 1902 gi|36 29030 29328 
175 2579 gi|36 29486 29792 
1081 714 gi|36 30093 30301 
1854 658 gi|36 30200 30314 
1856 288 gi|36 30209 30287 
1858 280 gi|36 30215 30263 
677 278 gi|36 30218 30263 
1860 1507 gi|36 32133 33267 
1862 433 gi|36 32320 32695 
695 1977 gi|37 1937 2398 
1103 1582 gi|37 2032 2402 
2011 357 gi|37 2249 2726 
1186 386 gi|37 2320 2397 
2009 1334 gi|37 2991 3221 
1075 675 gi|37 3019 3795 
2007 15637 gi|37 3594 5384 
1188 346 gi|37 12155 12326 
1171 289 gi|37 12173 12333 
1165 384 gi|37 12173 12324 
773 261 gi|37 13955 14751 
1190 7038 gi|37 20942 22982 
1192 261 gi|37 21257 21365 
1194 3443 gi|37 21920 22967 
1109 283 gi|37 23342 23407 
1105 1106 gi|37 25077 25365 
699 1038 gi|37 25092 25330 
1147 371 gi|37 26183 26308 
1196 384 gi|37 26231 26561 
1198 293 gi|37 26373 26602 
1817 1437 gi|37 26373 26527 
1057 676 gi|37 26374 26447 
1202 312 gi|37 26382 26839 
1200 411 gi|37 26382 26832 
1204 448 gi|37 26385 26779 
1206 2334 gi|37 26417 26979 
1208 1612 gi|37 26434 26979 
1210 328 gi|37 26444 26618 
1212 276 gi|37 26446 26961 
1155 740 gi|37 26446 26526 
1761 471 gi|37 26452 26865 
1214 275 gi|37 26452 26654 
1216 329 gi|37 26452 26654 
1218 418 gi|37 26456 26851 
1222 340 gi|37 26456 26649 
1220 322 gi|37 26456 26569 
1224 633 gi|37 26458 26839 
1226 348 gi|37 26460 26831 
1228 387 gi|37 26498 26961 
1747 330 gi|37 26521 26851 
969 835 gi|37 26524 26700 
1230 455 gi|37 26529 26851 
1232 452 gi|37 26530 26961 
1234 356 gi|37 26530 26872 
1236 312 gi|37 26589 26926 
1238 725 gi|37 26627 26977 
1240 344 gi|37 26704 26839 
1242 296 gi|37 26719 26931 
1244 401 gi|37 26721 26971 
1246 317 gi|37 26762 26890 
1248 292 gi|37 26795 26989 
1250 322 gi|37 26798 26929 
1063 705 gi|37 26806 26886 
977 273 gi|37 26813 26924 
545 331 gi|37 27288 27390 
1252 357 gi|37 27288 27378 
1523 348 gi|37 27288 27377 
1567 406 gi|37 27288 27366 
1489 299 gi|37 27291 27373 
1254 395 gi|37 27297 27364 
1256 319 gi|37 34379 34557 
1610 469 gi|38 8770 8917 
1612 3481 gi|38 24538 25397 
1757 1704 gi|38 24538 25220 
1289 1135 gi|38 24538 24675 
949 1126 gi|38 24538 24675 
1311 410 gi|38 24612 24678 
1303 482 gi|38 24612 24676 
1295 488 gi|38 24612 24675 
1799 851 gi|38 24683 24920 
1614 479 gi|38 24683 24766 
1616 553 gi|38 24684 25027 
1618 1035 gi|38 24685 25423 
1620 879 gi|38 24687 25421 
1622 893 gi|38 24690 25416 
1783 351 gi|38 24690 24746 
1624 3940 gi|38 24692 25423 
1628 505 gi|38 24692 25419 
1626 992 gi|38 24692 25080 
1199 293 gi|38 24692 24932 
1630 453 gi|38 24692 24859 
1213 276 gi|38 24697 25218 
1632 676 gi|38 24712 25300 
1231 455 gi|38 24712 25046 
1634 363 gi|38 24720 25063 
1743 935 gi|38 24728 24958 
1217 329 gi|38 24731 24927 
1767 366 gi|38 24731 24841 
1636 908 gi|38 24732 25415 
1638 372 gi|38 24732 25309 
1640 554 gi|38 24735 25423 
1642 473 gi|38 24761 25002 
1646 620 gi|38 24784 25419 
1644 768 gi|38 24784 25396 
1648 380 gi|38 24784 25359 
1745 499 gi|38 24784 25337 
1650 276 gi|38 24858 25045 
1652 621 gi|38 24864 25413 
1654 276 gi|38 24866 24977 
1229 387 gi|38 24871 25359 
1656 328 gi|38 24906 25421 
973 373 gi|38 24908 25040 
1658 354 gi|38 24964 25137 
1660 487 gi|38 24967 25220 
967 307 gi|38 25053 25238 
1662 449 gi|38 25110 25301 
1223 340 gi|38 25111 25305 
1664 356 gi|38 25143 25317 
1813 483 gi|38 25147 25413 
1666 389 gi|38 25148 25413 
1241 344 gi|38 25181 25326 
1803 293 gi|38 25190 25415 
1249 292 gi|38 25220 25416 
1668 438 gi|38 25230 25411 
1670 897 gi|38 25245 25447 
965 16499 gi|38 25255 27174 
1672 304 gi|38 25323 25417 
1674 514 gi|38 25329 25423 
1759 257 gi|38 25341 25413 
1283 48987 gi|38 25426 30802 
1676 17038 gi|38 25426 27262 
1827 16401 gi|38 25426 27174 
1829 259 gi|38 27123 27173 
1678 30672 gi|38 27180 30534 
1680 324 gi|38 27180 27283 
1682 312 gi|38 27180 27262 
1684 384 gi|38 27185 27280 
1807 293 gi|38 27187 27287 
1686 282 gi|38 27187 27268 
1823 1231 gi|38 27261 27404 
957 1231 gi|38 27261 27404 
943 30445 gi|38 27399 30668 
1819 29316 gi|38 27399 30540 
1301 3098 gi|38 30473 31079 
1293 2784 gi|38 30473 30802 
1309 626 gi|38 30473 30562 
1291 342 gi|38 30753 30802 
1688 339 gi|38 30753 30802 
1821 342 gi|38 30753 30802 
953 342 gi|38 30753 30802 
1690 301 gi|38 30786 30877 
1692 278 gi|38 30799 30877 
1694 414 gi|38 30800 30857 
1351 326 gi|38 30806 30856 
1696 383 gi|38 30880 30970 
657 418 gi|38 30880 30970 
1849 421 gi|38 30880 30967 
491 421 gi|38 30880 30967 
1698 285 gi|38 30911 30975 
395 1085 gi|38 34179 35420 
925 2003 gi|38 38155 38908 
1700 2330 gi|38 38156 39926 
929 1917 gi|38 39041 39926 
1481 345 gi|39 1609 1697 
1515 592 gi|39 1609 1697 
1572 409 gi|39 1609 1697 
537 551 gi|39 1609 1697 
1574 505 gi|39 1622 1699 
593 415 gi|39 1623 1699 
1551 271 gi|39 1629 1699 
1576 343 gi|39 1629 1697 
855 443 gi|39 1629 1697 
1539 310 gi|39 1629 1688 
1457 425 gi|39 1629 1686 
1578 279 gi|39 1629 1685 
1580 516 gi|39 1630 1749 
1503 270 gi|39 1630 1720 
1487 327 gi|39 5889 6001 
1582 469 gi|39 5892 5987 
543 477 gi|39 5892 5987 
1565 507 gi|39 5892 5984 
1521 475 gi|39 5892 5981 
1584 286 gi|39 5892 5977 
1255 395 gi|39 5900 5969 
279 912 gi|39 6256 7294 
1571 250 gi|39 8764 8852 
1586 427 gi|39 13589 14181 
719 329 gi|39 14515 14669 
1588 358 gi|39 14588 14717 
1590 278 gi|39 14593 14669 
1592 271 gi|39 21277 21381 
469 421 gi|39 23842 24365 
1594 367 gi|39 23884 24297 
1596 335 gi|39 24089 24694 
1598 296 gi|39 24097 24289 
1145 286 gi|39 26314 27160 
1053 300 gi|39 28643 28872 
1600 348 gi|39 29888 29986 
1845 364 gi|39 29912 29986 
485 354 gi|39 29912 29986 
653 327 gi|39 29912 29986 
1699 285 gi|39 29920 29986 
1847 296 gi|39 29920 29982 
487 284 gi|39 29920 29980 
887 268 gi|39 29927 29983 
1602 2842 gi|39 30777 31790 
1604 662 gi|39 32096 32586 
1606 547 gi|39 32587 32908 
1608 275 gi|39 36239 36284 
216 430 gi|4 23278 23604 
218 395 gi|4 23401 23680 
220 302 gi|4 23406 23604 
222 329 gi|4 25501 25906 
224 461 gi|4 26890 26980 
226 405 gi|4 26891 26977 
228 258 gi|4 26905 26979 
230 300 gi|4 26917 27028 
232 455 gi|4 26918 27036 
234 268 gi|4 26947 27015 
236 297 gi|4 27085 27211 
238 298 gi|4 27145 28143 
240 533 gi|4 27744 28174 
242 575 gi|4 27783 28140 
244 690 gi|4 39682 40153 
246 974 gi|4 39751 40174 
1017 3709 gi|40 6777 7871 
1932 987 gi|40 7307 7890 
1934 391 gi|40 7373 7667 
1938 603 gi|40 7477 7809 
1936 639 gi|40 7477 7803 
1265 766 gi|40 7484 7798 
1940 417 gi|40 7498 7714 
1942 295 gi|40 7502 7735 
1944 264 gi|40 11695 11802 
1031 272 gi|40 11698 11889 
1261 475 gi|40 11810 12137 
1946 503 gi|40 11829 12138 
1948 273 gi|40 11878 12128 
1950 324 gi|40 11892 12172 
1952 286 gi|40 11895 11940 
1021 962 gi|40 11896 12241 
1954 610 gi|40 11898 12216 
1956 472 gi|40 11967 12219 
1958 558 gi|40 12771 13479 
641 478 gi|40 15105 15486 
1960 312 gi|40 15112 15535 
1183 535 gi|40 15160 15540 
1185 412 gi|40 20674 21144 
1962 292 gi|40 21813 22123 
1601 348 gi|40 23272 23356 
651 4479 gi|40 23287 23894 
1841 1840 gi|40 23287 23520 
479 764 gi|40 23287 23387 
879 309 gi|40 23292 23372 
1697 383 gi|40 23297 23387 
1843 258 gi|40 23297 23357 
483 263 gi|40 23297 23357 
893 273 gi|40 23297 23346 
1964 278 gi|40 23298 23390 
1966 273 gi|40 23299 23354 
515 910 gi|40 23405 23574 
1851 2677 gi|40 23489 23855 
1855 658 gi|40 23847 23964 
671 663 gi|40 23847 23941 
1859 280 gi|40 23865 23913 
675 280 gi|40 23865 23913 
1968 990 gi|40 25562 26377 
1970 617 gi|40 26772 28197 
1972 943 gi|40 26855 28232 
1974 340 gi|40 27135 27737 
1277 261 gi|40 31900 31981 
1976 368 gi|40 32069 32478 
471 293 gi|40 32091 32504 
1978 438 gi|40 32136 32491 
1599 296 gi|40 32321 32505 
685 292 gi|40 36512 36792 
1980 331 gi|40 36512 36711 
239 298 gi|40 38865 39857 
1982 376 gi|40 39312 39704 
1385 372 gi|40 39438 39703 
1899 719 gi|41 569 911 
1407 758 gi|41 3479 3910 
59 388 gi|41 5954 6063 
1708 281 gi|41 5971 6063 
1710 274 gi|41 5971 6055 
1712 286 gi|41 5975 6055 
1714 281 gi|41 5975 6051 
1716 266 gi|41 5981 6055 
145 272 gi|41 5997 6063 
1011 259 gi|41 6005 6063 
1718 303 gi|41 24134 24616 
1193 261 gi|41 27183 27291 
1720 11996 gi|41 27952 29380 
1724 12065 gi|41 28005 29379 
1722 12068 gi|41 28005 29356 
731 11951 gi|41 28008 29480 
1726 12019 gi|41 28008 29374 
119 11910 gi|41 28009 29622 
1728 12049 gi|41 28009 29348 
1730 12031 gi|41 28009 29333 
1732 11942 gi|41 28010 29549 
263 12043 gi|41 28010 29369 
1329 12038 gi|41 28011 29365 
1705 302 gi|41 30041 30193 
1734 2033 gi|41 33621 34512 
1736 1029 gi|41 34504 35353 
1655 276 gi|41 39828 39935 
1738 263 gi|41 39876 39936 
1157 273 gi|41 39880 40051 
737 11955 gi|42 3278 4806 
251 11959 gi|42 3334 4783 
1317 12018 gi|42 3339 4820 
103 11960 gi|42 3342 4789 
2046 12017 gi|42 3359 4787 
2048 12064 gi|42 3395 4766 
2050 12041 gi|42 3411 4840 
2052 12063 gi|42 3433 4806 
1729 12049 gi|42 3435 4775 
2056 12004 gi|42 3437 4806 
2054 12031 gi|42 3437 4759 
1179 441 gi|42 5931 6170 
1611 469 gi|42 20242 20388 
1397 400 gi|42 23390 24121 
2058 337 gi|42 32160 32249 
2526 257 gi|43 25 442 
1337 529 gi|43 43 350 
981 252 gi|43 4593 4674 
2528 722 gi|43 5929 6710 
2530 444 gi|43 6043 6685 
2031 488 gi|43 6182 6700 
45 455 gi|43 6214 6725 
2532 330 gi|43 6323 6515 
2534 498 gi|43 6328 6669 
19 268 gi|43 6346 6600 
2536 257 gi|43 6408 6656 
2538 275 gi|43 6408 6515 
1375 318 gi|43 6412 6603 
2540 732 gi|43 7101 7790 
2542 339 gi|43 7102 7606 
15 337 gi|43 7410 7678 
329 401 gi|43 7425 7670 
2544 365 gi|43 7426 7579 
2546 346 gi|43 7432 7540 
2548 257 gi|43 7442 7633 
2550 389 gi|43 7445 7602 
1885 309 gi|43 7448 7566 
43 280 gi|43 7466 7791 
2552 271 gi|43 7472 7700 
2554 335 gi|43 7472 7586 
2556 283 gi|43 7472 7563 
2558 402 gi|43 7490 7664 
41 383 gi|43 11629 12395 
2560 445 gi|43 11694 12291 
2027 340 gi|43 11819 12264 
1363 436 gi|43 12055 12316 
2562 322 gi|43 12067 12289 
2564 376 gi|43 12690 13397 
33 352 gi|43 12734 13250 
2566 336 gi|43 12740 13161 
2025 258 gi|43 12763 13161 
51 297 gi|43 12986 13249 
2568 380 gi|43 13041 13245 
2570 351 gi|43 26176 26350 
1421 280 gi|43 30783 30856 
2572 1071 gi|43 32515 33297 
2060 398 gi|44 1348 2583 
323 450 gi|44 5204 5800 
2062 317 gi|44 5211 5641 
2064 486 gi|44 5246 5887 
7 370 gi|44 5552 5861 
2559 402 gi|44 5552 5726 
37 267 gi|44 5552 5623 
1963 292 gi|44 13184 13494 
223 329 gi|44 14304 14712 
217 430 gi|44 14388 14708 
1143 317 gi|44 14525 14724 
1589 358 gi|44 19006 19122 
721 483 gi|44 19042 19189 
2066 413 gi|44 19042 19120 
2068 1278 gi|44 19539 20478 
1603 2842 gi|44 33483 34502 
1605 662 gi|44 34090 34567 
1607 547 gi|44 34692 35022 
915 256 gi|45 114 247 
2070 258 gi|45 131 219 
225 461 gi|45 138 225 
1527 250 gi|45 163 268 
2072 407 gi|45 163 242 
1721 11996 gi|45 1593 3036 
2074 12004 gi|45 1593 2997 
253 12032 gi|45 1597 2992 
2049 12064 gi|45 1638 2997 
733 11985 gi|45 1641 3068 
1321 12062 gi|45 1648 2992 
2076 11954 gi|45 1660 3148 
2078 12070 gi|45 1664 2991 
2080 12012 gi|45 1666 3046 
117 11966 gi|45 1667 3109 
2082 12055 gi|45 1668 2991 
2084 2123 gi|45 7950 9019 
1367 282 gi|45 9273 9399 
2086 254 gi|45 12646 12897 
895 281 gi|45 20960 21096 
2088 1320 gi|45 22152 23363 
2090 559 gi|45 22641 23373 
2092 579 gi|45 25052 25379 
1095 431 gi|45 26588 27008 
1861 1507 gi|45 38366 39494 
2094 451 gi|45 38444 39053 
351 1903 gi|46 3292 4611 
2450 1015 gi|46 3303 4571 
2452 765 gi|46 3494 4568 
2454 272 gi|46 4697 5427 
2456 1832 gi|46 4728 6079 
2458 425 gi|46 4757 5089 
2035 507 gi|46 4760 5208 
2460 290 gi|46 4815 5173 
2462 369 gi|46 4855 5390 
17 387 gi|46 4858 5131 
2466 312 gi|46 4862 5462 
2464 325 gi|46 4862 5395 
2468 261 gi|46 4870 5038 
1881 383 gi|46 4901 5474 
2470 250 gi|46 4927 5038 
1377 342 gi|46 4937 5086 
2472 389 gi|46 4940 5400 
2545 365 gi|46 4942 5092 
2474 356 gi|46 4942 5073 
2533 330 gi|46 4943 5139 
2476 274 gi|46 4954 5031 
35 314 gi|46 4957 5082 
2478 257 gi|46 4958 5052 
147 262 gi|46 5230 5341 
1833 278 gi|46 7259 8476 
2480 549 gi|46 7308 8444 
2482 324 gi|46 11008 11148 
2484 302 gi|46 11035 11148 
1389 268 gi|46 11661 11774 
1195 3443 gi|46 13275 14309 
1191 7038 gi|46 14742 16802 
781 344 gi|46 20567 20878 
2486 271 gi|46 20630 20857 
2488 304 gi|46 22438 22589 
713 324 gi|46 22485 22591 
2490 263 gi|46 22498 22566 
1343 262 gi|46 22504 22561 
2492 617 gi|46 22651 23246 
2494 317 gi|46 22660 23097 
179 252 gi|46 22717 22947 
1173 294 gi|46 24435 24715 
2496 1067 gi|46 24460 25137 
2498 668 gi|46 24497 24802 
1371 330 gi|46 24502 24721 
2041 274 gi|46 24614 24726 
1339 289 gi|46 26680 26763 
2500 449 gi|46 26683 26820 
705 920 gi|46 26686 26948 
711 254 gi|46 26696 26758 
2502 258 gi|46 26699 26792 
1341 282 gi|46 26705 26779 
155 1055 gi|46 29631 30937 
1971 617 gi|46 33404 34795 
2504 3201 gi|46 33439 34815 
2091 559 gi|46 33471 34197 
2506 314 gi|46 34036 34178 
2508 2237 gi|46 34987 36671 
2510 318 gi|46 37105 37221 
2512 266 gi|46 37131 37295 
285 351 gi|46 37131 37261 
1423 406 gi|46 37131 37208 
2514 325 gi|46 37141 37221 
771 280 gi|47 22104 22679 
2240 355 gi|47 26756 27027 
2242 313 gi|47 26891 26995 
2244 254 gi|47 26903 26998 
2246 268 gi|47 26929 27012 
2515 325 gi|47 26929 27011 
2248 349 gi|47 26929 27007 
1427 549 gi|47 26929 27006 
289 422 gi|47 26929 27001 
2527 257 gi|47 27335 27742 
2250 294 gi|47 29910 29985 
767 256 gi|47 29910 29976 
1719 303 gi|47 30912 31392 
2105 2376 gi|47 31630 32123 
2252 2665 gi|47 32138 32683 
2103 2427 gi|47 32138 32516 
2107 256 gi|47 32553 32591 
431 299 gi|47 33808 34151 
2254 254 gi|47 34438 34538 
1189 346 gi|47 34518 34705 
1169 409 gi|47 34523 34732 
1163 975 gi|47 34536 34879 
2256 878 gi|47 34557 34890 
2258 316 gi|47 34949 35553 
2260 640 gi|47 35929 36061 
1335 272 gi|48 12792 12868 
69 258 gi|48 20549 20594 
75 257 gi|48 20549 20594 
2320 303 gi|48 20555 20594 
2322 349 gi|48 21503 21700 
2324 531 gi|48 21548 21700 
63 293 gi|48 21568 21761 
53 281 gi|48 21568 21648 
1005 276 gi|48 21576 21725 
2326 764 gi|48 21578 21761 
2328 329 gi|48 21589 21701 
2330 313 gi|48 21590 21762 
201 391 gi|48 21595 21744 
2332 512 gi|48 21605 21761 
1713 286 gi|48 21622 21700 
67 295 gi|48 21637 21812 
61 330 gi|48 21637 21700 
2334 617 gi|48 21642 21861 
1001 278 gi|48 21645 21786 
2336 263 gi|48 21656 21831 
203 253 gi|48 21661 21710 
2338 478 gi|48 21671 21831 
1717 266 gi|48 21688 21761 
2340 434 gi|48 21700 21835 
1007 280 gi|48 21705 21867 
2342 409 gi|48 21732 21825 
777 1792 gi|48 31948 35656 
2509 2237 gi|48 37921 39600 
1051 4750 gi|49 5546 9271 
2573 1071 gi|49 10457 11237 
1137 268 gi|49 14909 14990 
1135 540 gi|49 17655 18128 
307 437 gi|49 25231 25852 
1097 297 gi|49 25597 25764 
2451 1015 gi|49 30403 31671 
2453 765 gi|49 31878 32943 
2096 268 gi|49 35935 36139 
1883 354 gi|49 36015 36163 
360 256 gi|5 12610 12652 
429 610 gi|5 17341 17536 
362 628 gi|5 17418 17537 
427 979 gi|5 17507 17657 
423 5919 gi|5 17931 18691 
364 5583 gi|5 17965 18693 
421 1679 gi|5 19301 19671 
366 961 gi|5 19387 19671 
368 1958 gi|5 19544 19817 
419 2040 gi|5 19544 19809 
411 47518 gi|5 19850 26605 
370 1670 gi|5 21747 22235 
372 1461 gi|5 26390 26605 
407 333 gi|5 26853 26941 
374 269 gi|5 26910 26955 
376 263 gi|5 26911 26955 
378 907 gi|5 27603 27762 
380 415 gi|5 28721 28800 
382 458 gi|5 28725 28793 
384 1102 gi|5 30778 31031 
386 7500 gi|5 31180 32143 
405 740 gi|5 31963 32147 
388 447 gi|5 32018 32068 
390 745 gi|5 39239 40178 
717 587 gi|50 3691 3804 
2067 413 gi|50 3719 3799 
1591 278 gi|50 3724 3800 
1441 372 gi|50 6441 7058 
2571 351 gi|50 8967 9142 
2457 1832 gi|50 15087 16396 
2288 259 gi|50 15124 15713 
1369 275 gi|50 15132 15422 
2290 383 gi|50 15172 15403 
2023 422 gi|50 15203 15699 
2292 334 gi|50 15222 15777 
2549 257 gi|50 15268 15440 
187 384 gi|50 15301 15785 
1365 276 gi|50 15304 15405 
2567 336 gi|50 15306 15715 
2294 250 gi|50 15319 15490 
27 309 gi|50 15622 15754 
2296 257 gi|50 15677 15789 
1741 13373 gi|50 18947 20471 
305 425 gi|50 18951 18999 
1359 294 gi|50 18952 18987 
1413 420 gi|50 18994 19105 
725 278 gi|50 20207 20364 
987 417 gi|50 20411 20464 
1659 354 gi|50 20520 20722 
1635 363 gi|50 20705 21046 
1235 356 gi|50 20819 21135 
1795 270 gi|50 20914 21095 
1203 312 gi|50 20918 21355 
1773 877 gi|50 20921 21135 
1237 312 gi|50 20960 21259 
1633 676 gi|50 20997 21541 
1781 318 gi|50 20997 21470 
1205 448 gi|50 20997 21387 
1239 725 gi|50 21068 21397 
1627 992 gi|50 21109 21467 
1207 2334 gi|50 21113 21657 
1793 900 gi|50 21143 21387 
1639 372 gi|50 21150 21694 
1657 328 gi|50 21220 21694 
1785 301 gi|50 21245 21541 
1801 309 gi|50 21257 21555 
1637 908 gi|50 21314 21997 
1755 452 gi|50 21316 21639 
1227 348 gi|50 21332 21694 
1209 1612 gi|50 21392 21961 
1789 329 gi|50 21449 21859 
1629 505 gi|50 21480 22239 
1059 731 gi|50 21496 21576 
1201 411 gi|50 21504 22000 
1779 328 gi|50 21507 21845 
1619 1035 gi|50 21569 22343 
1275 850 gi|50 21655 21758 
1197 384 gi|50 21669 21994 
1647 620 gi|50 21788 22427 
1791 326 gi|50 21795 22240 
1061 731 gi|50 21800 21880 
1641 554 gi|50 21873 22561 
1809 357 gi|50 21876 22137 
1775 432 gi|50 21893 22429 
1273 895 gi|50 21959 22065 
1621 879 gi|50 21960 22707 
1151 447 gi|50 21980 22137 
1683 312 gi|50 22063 22144 
1797 726 gi|50 22076 22511 
1225 633 gi|50 22079 22477 
1617 553 gi|50 22080 22434 
1243 296 gi|50 22080 22302 
1771 352 gi|50 22081 22468 
1649 380 gi|50 22119 22702 
1685 384 gi|50 22148 22241 
1623 893 gi|50 22164 22868 
1245 401 gi|50 22180 22434 
1739 263 gi|50 22180 22240 
1681 324 gi|50 22246 22342 
1625 3940 gi|50 22257 22947 
1763 258 gi|50 22278 22387 
1221 322 gi|50 22367 22474 
1613 3481 gi|50 22370 23197 
1769 563 gi|50 22371 22869 
1751 296 gi|50 22434 22947 
975 302 gi|50 22451 22618 
1645 768 gi|50 22455 23039 
1653 621 gi|50 22533 23041 
971 429 gi|50 22628 22798 
1233 452 gi|50 22630 23034 
1219 418 gi|50 22644 23019 
1149 282 gi|50 22720 22869 
1787 776 gi|50 22760 23048 
1753 1006 gi|50 22793 23003 
1811 30267 gi|50 22795 26376 
1661 487 gi|50 22795 23044 
1667 389 gi|50 22795 23039 
1215 275 gi|50 22805 23000 
1663 449 gi|50 22811 22996 
1211 328 gi|50 22876 23054 
1669 438 gi|50 22878 23053 
1765 359 gi|50 22890 22947 
1687 282 gi|50 22958 23039 
1675 514 gi|50 22959 23055 
1777 351 gi|50 22985 23041 
1305 476 gi|50 23043 23118 
1679 30672 gi|50 23057 26455 
1287 31108 gi|50 23057 26376 
951 29915 gi|50 23057 26376 
1297 470 gi|50 23057 23118 
1313 402 gi|50 23057 23118 
1689 339 gi|50 23068 23118 
1643 473 gi|50 26329 26570 
1805 553 gi|50 26350 26499 
1671 897 gi|50 26355 26544 
1749 335 gi|50 26368 26555 
1631 453 gi|50 26374 26544 
1651 276 gi|50 26375 26552 
1665 356 gi|50 26375 26549 
1251 322 gi|50 26376 26507 
1615 479 gi|50 26376 26458 
1247 317 gi|50 26432 26562 
1677 17038 gi|50 26468 28300 
1673 304 gi|50 26468 26563 
1815 250 gi|50 26473 26544 
1825 16397 gi|50 26556 28588 
1279 16404 gi|50 26556 28461 
963 16280 gi|50 26556 28301 
1593 271 gi|50 29654 29758 
215 923 gi|50 31110 32258 
2298 790 gi|50 33826 34289 
2493 617 gi|50 33843 34440 
2497 1067 gi|50 33878 34555 
2300 257 gi|50 33971 34145 
775 331 gi|50 34005 34126 
2471 250 gi|50 34033 34142 
2039 336 gi|50 34039 34148 
2302 297 gi|50 34046 34143 
2304 251 gi|50 34145 34269 
1891 283 gi|50 34354 34504 
1911 254 gi|50 34410 34494 
1415 330 gi|51 3413 3504 
1984 251 gi|51 3416 3499 
295 341 gi|51 3416 3499 
1986 314 gi|51 3417 3527 
2247 268 gi|51 3433 3511 
1867 5705 gi|51 5435 6126 
1401 345 gi|51 6388 6549 
1865 1935 gi|51 6557 7113 
1988 1166 gi|51 11414 12079 
1907 537 gi|51 13690 14372 
1990 580 gi|51 15762 16072 
1992 537 gi|51 15924 16087 
2339 478 gi|51 15924 16085 
1003 322 gi|51 15924 16047 
2183 505 gi|51 15925 16085 
2323 349 gi|51 15932 16117 
2333 512 gi|51 15932 16086 
1994 372 gi|51 15932 16051 
1996 377 gi|51 15934 16024 
2181 373 gi|51 15947 16036 
2179 353 gi|51 15947 16024 
2483 324 gi|51 15949 16077 
2343 409 gi|51 15986 16085 
1998 384 gi|51 15991 16086 
1715 281 gi|51 15993 16068 
2000 305 gi|51 15994 16085 
65 333 gi|51 15997 16056 
71 295 gi|51 16013 16082 
2321 303 gi|51 16015 16055 
1161 510 gi|51 16047 16634 
2002 251 gi|51 16111 16192 
1167 263 gi|51 16289 16537 
2257 878 gi|51 16309 16613 
2004 335 gi|51 16643 16754 
1107 319 gi|51 19233 19314 
1187 386 gi|51 19233 19314 
701 337 gi|51 19233 19314 
189 258 gi|51 20622 20728 
2295 250 gi|51 20634 20805 
317 273 gi|51 20995 21072 
1139 305 gi|51 31375 31538 
1429 547 gi|51 31466 36436 
1431 251 gi|51 33429 33693 
1433 314 gi|51 36783 36900 
355 332 gi|52 1493 1800 
2089 1320 gi|52 6897 8116 
1975 340 gi|52 7101 7739 
2507 314 gi|52 7398 7539 
2164 292 gi|52 10672 10746 
2166 834 gi|52 14034 15010 
281 371 gi|52 18692 18993 
2168 261 gi|52 21599 21805 
1071 431 gi|52 21618 22323 
1931 379 gi|52 23021 23980 
1067 677 gi|52 23313 23939 
1973 943 gi|52 27052 28394 
2505 3201 gi|52 27120 28490 
663 6232 gi|52 29000 29775 
1853 6178 gi|52 29000 29767 
177 2509 gi|52 29000 29305 
1439 2012 gi|52 29469 29774 
2455 272 gi|53 1610 2378 
2116 259 gi|53 1717 1953 
333 466 gi|53 1734 1956 
13 324 gi|53 1745 1955 
2118 257 gi|53 1752 1953 
2120 442 gi|53 1756 1961 
1373 254 gi|53 1760 2038 
2293 334 gi|53 1780 2356 
2122 339 gi|53 1781 1963 
1877 266 gi|53 1797 2347 
2551 389 gi|53 1841 1996 
2124 301 gi|53 1851 1956 
2063 317 gi|53 1861 2324 
2126 309 gi|53 1877 2375 
159 646 gi|53 5955 6023 
493 646 gi|53 5955 6023 
2128 339 gi|53 5955 6001 
869 354 gi|53 5959 6023 
1461 345 gi|53 5968 6023 
1561 318 gi|53 5968 6023 
2130 329 gi|53 5968 6023 
2132 372 gi|53 5968 6023 
2134 304 gi|53 5968 6023 
811 285 gi|53 5968 6023 
1553 319 gi|53 5969 6023 
835 339 gi|53 5969 6023 
1473 377 gi|53 5970 6023 
585 273 gi|53 5974 6023 
2136 255 gi|53 7615 7712 
319 265 gi|53 8015 8253 
447 345 gi|53 8055 8291 
449 263 gi|53 8816 9124 
441 272 gi|53 8863 9001 
2138 289 gi|53 14452 14586 
1383 307 gi|53 14828 15221 
243 575 gi|53 14828 15185 
1983 376 gi|53 14978 15382 
2140 630 gi|53 19054 19344 
2142 1052 gi|53 19064 19344 
2144 339 gi|53 23378 24481 
2146 381 gi|53 23933 24482 
2061 398 gi|53 29140 30357 
2169 261 gi|53 33495 33702 
191 343 gi|53 35154 35291 
983 283 gi|53 35169 35499 
687 6665 gi|53 36236 37064 
2148 6674 gi|53 36269 37029 
2150 6631 gi|53 36282 37043 
769 257 gi|53 37023 37105 
1951 324 gi|54 2031 2338 
1941 417 gi|54 2054 2297 
2154 297 gi|54 2054 2297 
2152 450 gi|54 2054 2279 
1029 342 gi|54 2055 2297 
2156 265 gi|54 2057 2302 
2158 319 gi|54 2235 2375 
1381 305 gi|54 2385 2477 
2160 1588 gi|54 9127 10600 
2162 264 gi|54 24602 24728 
1893 3401 gi|54 26784 28976 
397 2323 gi|54 34361 35427 
273 289 gi|54 36159 36279 
2059 337 gi|54 36850 36931 
2251 294 gi|54 36853 36927 
1085 265 gi|55 1095 1145 
1083 1267 gi|55 1717 2179 
1089 1735 gi|55 1875 2231 
2216 413 gi|55 2126 2231 
2218 679 gi|55 2214 2632 
2220 680 gi|55 5638 5856 
207 49056 gi|55 5667 11226 
2222 20528 gi|55 8874 11226 
2224 2492 gi|55 11194 11773 
213 1679 gi|55 11194 11660 
1091 3408 gi|55 11789 14199 
2226 2233 gi|55 11971 13299 
2228 6793 gi|55 14231 16884 
2230 1466 gi|55 15215 15700 
2232 1488 gi|55 17244 17901 
2234 332 gi|55 24369 24470 
1691 301 gi|55 24395 24487 
1353 266 gi|55 24424 24467 
2163 264 gi|55 26674 26809 
1831 458 gi|55 27172 28454 
151 1000 gi|55 27194 28404 
2481 549 gi|55 27256 28392 
2236 813 gi|55 28583 29392 
157 339 gi|55 30128 30174 
2129 339 gi|55 30128 30174 
497 339 gi|55 30128 30174 
1469 292 gi|55 30142 30179 
873 267 gi|55 30143 30179 
2238 373 gi|55 30324 30430 
1693 278 gi|55 30355 30434 
2019 532 gi|55 38948 39861 
2013 818 gi|55 38954 39820 
755 1394 gi|55 38982 39680 
2017 1875 gi|55 39019 39952 
761 1990 gi|55 39043 39866 
2015 1037 gi|55 39181 39837 
79 550 gi|55 39685 39953 
1387 297 gi|56 2312 3529 
277 406 gi|56 2887 3533 
1945 264 gi|56 5085 5191 
2115 307 gi|56 5699 6036 
2428 595 gi|56 5727 6035 
1023 583 gi|56 10770 11126 
2430 525 gi|56 10776 11109 
1939 603 gi|56 10777 11114 
1955 610 gi|56 10783 11109 
2432 795 gi|56 10784 11151 
2159 319 gi|56 10797 10931 
2434 276 gi|56 10861 11109 
1267 439 gi|56 10863 11109 
1405 263 gi|56 19370 19552 
2189 823 gi|56 34185 34883 
2145 339 gi|56 35558 36613 
181 482 gi|56 38883 39937 
2467 312 gi|56 39324 39933 
2297 257 gi|56 39357 39482 
2436 285 gi|56 39387 39982 
1257 319 gi|56 39399 39578 
2438 338 gi|56 39589 39874 
2440 290 gi|56 39750 39934 
2291 383 gi|56 39754 39984 
2119 257 gi|56 39758 39976 
1863 433 gi|57 102 490 
2095 451 gi|57 369 987 
1703 626 gi|57 9139 9659 
2306 494 gi|57 13139 13845 
2117 259 gi|57 13183 13423 
2308 319 gi|57 13203 13962 
1871 301 gi|57 13252 13449 
2029 317 gi|57 13253 13669 
2439 338 gi|57 13299 13598 
2310 441 gi|57 13302 13785 
2555 335 gi|57 13327 13438 
2473 389 gi|57 13329 13785 
25 265 gi|57 13329 13594 
2539 275 gi|57 13332 13439 
2312 276 gi|57 14918 15528 
125 282 gi|57 19268 19397 
99 311 gi|57 19268 19397 
93 258 gi|57 21895 21996 
1737 1029 gi|57 23273 24128 
1735 2033 gi|57 25634 26520 
2314 1124 gi|57 34519 35708 
1989 1166 gi|57 36389 37061 
2093 579 gi|58 27 378 
1399 2782 gi|58 2491 3115 
2461 290 gi|58 4784 5146 
2170 266 gi|58 4837 5030 
1915 259 gi|58 4841 5105 
2123 339 gi|58 4846 5035 
2172 321 gi|58 4846 5029 
2441 290 gi|58 4848 5029 
311 267 gi|58 4939 5067 
1887 401 gi|58 4944 5428 
315 256 gi|58 5302 5436 
2137 255 gi|58 5302 5402 
221 302 gi|58 34759 34972 
2161 1588 gi|59 7632 9094 
2190 481 gi|59 10493 11196 
1263 530 gi|59 12305 12646 
1015 505 gi|59 12327 12854 
1937 639 gi|59 12328 12651 
2192 408 gi|59 12331 12654 
2431 525 gi|59 12332 12662 
2194 278 gi|59 12343 12571 
1957 472 gi|59 12410 12654 
2196 290 gi|59 18438 18534 
2139 289 gi|59 21542 21682 
1049 283 gi|59 23514 23676 
235 268 gi|59 29166 29234 
2167 834 gi|59 33219 34214 
2099 256 gi|59 38412 38481 
2113 1553 gi|60 6519 7899 
2111 2640 gi|60 9512 10877 
2261 640 gi|60 10806 10941 
1181 580 gi|60 12248 12760 
1961 312 gi|60 12297 12718 
639 585 gi|60 12354 12740 
2255 254 gi|60 14400 14502 
2109 285 gi|60 14438 14472 
349 345 gi|60 14924 15174 
2253 2665 gi|60 16269 16862 
2101 5598 gi|60 16403 17092 
2198 541 gi|60 19871 20278 
1159 468 gi|60 23102 23824 
2200 395 gi|60 32288 32736 
2202 409 gi|60 33822 34198 
1379 264 gi|61 8213 8737 
2237 813 gi|61 22842 23650 
2309 319 gi|61 24660 25420 
2400 2619 gi|61 24737 26423 
2437 285 gi|61 24819 25421 
2402 277 gi|61 24837 24914 
2037 407 gi|61 25156 25372 
2563 322 gi|61 25175 25393 
2404 672 gi|61 27024 27347 
2406 263 gi|61 28712 28772 
2408 1633 gi|61 31191 31525 
2141 630 gi|61 31307 31614 
691 6650 gi|61 33707 34496 
2149 6674 gi|61 33707 34468 
2410 6659 gi|61 33707 34458 
347 291 gi|62 12222 12330 
2442 271 gi|62 12296 12398 
779 2069 gi|62 18010 19213 
2487 271 gi|62 18376 18597 
2147 381 gi|62 20257 20832 
2444 5132 gi|62 23566 25758 
1133 687 gi|62 23657 24020 
467 2022 gi|62 24131 25583 
1979 438 gi|62 24404 24753 
1597 335 gi|62 24575 25213 
2177 255 gi|62 28925 29368 
1969 990 gi|62 29675 30496 
1073 416 gi|62 31122 31277 
2565 376 gi|62 35241 35951 
2541 732 gi|62 35266 35952 
2446 385 gi|62 35271 35584 
2459 425 gi|62 35289 35627 
11 385 gi|62 35294 35596 
2531 444 gi|62 35300 35927 
2043 520 gi|62 35330 35577 
31 267 gi|62 35337 35628 
2125 301 gi|62 35465 35572 
47 426 gi|62 36068 36343 
2529 722 gi|62 36081 36857 
2448 321 gi|62 36127 36299 
1919 253 gi|62 36164 36372 
2561 445 gi|62 36165 36762 
2097 268 gi|62 36168 36372 
2171 266 gi|62 36180 36377 
2543 339 gi|62 36243 36770 
23 269 gi|63 2624 2848 
2495 317 gi|63 13609 14049 
2299 790 gi|63 13611 14075 
2499 668 gi|63 13680 13985 
2344 286 gi|63 13712 13932 
2469 261 gi|63 13761 13929 
2346 257 gi|63 13763 13863 
345 290 gi|63 17322 17947 
445 275 gi|63 17709 17813 
2121 442 gi|63 17713 17924 
2477 274 gi|63 17724 17801 
2348 291 gi|63 17726 17896 
1393 552 gi|63 18350 19587 
2350 302 gi|63 23432 24477 
2313 276 gi|63 28182 28795 
1069 264 gi|63 28435 28537 
2401 2619 gi|63 30004 31684 
2307 494 gi|63 30048 30757 
2352 266 gi|63 30101 30187 
2465 325 gi|63 30109 30645 
2033 350 gi|63 30278 30645 
2569 380 gi|63 30438 30646 
2537 257 gi|63 30454 30699 
2553 271 gi|63 30455 30656 
2301 257 gi|63 30463 30643 
1175 256 gi|63 30526 30595 
2405 672 gi|63 32305 32629 
1933 987 gi|63 35528 36096 
1025 742 gi|63 35621 36051 
2193 408 gi|63 35624 35955 
2433 795 gi|63 35627 35994 
1947 503 gi|63 35705 36012 
1259 931 gi|63 35707 36349 
2354 323 gi|63 35708 35954 
2155 297 gi|63 35715 35940 
2087 254 gi|63 37072 37328 
2085 2123 gi|64 232 1296 
139 402 gi|64 5301 6043 
2204 274 gi|64 6681 6874 
1033 501 gi|64 7215 7783 
1897 2185 gi|64 18970 20086 
2191 481 gi|64 25240 25940 
2206 824 gi|64 29010 30007 
1905 615 gi|64 29035 29964 
991 1004 gi|64 29174 29996 
2501 449 gi|65 80 209 
709 486 gi|65 87 206 
2489 304 gi|65 98 256 
707 297 gi|65 99 231 
2503 258 gi|65 105 205 
2491 263 gi|65 105 184 
1345 250 gi|65 133 170 
2351 302 gi|65 404 1465 
2243 313 gi|65 1455 1557 
283 278 gi|65 1489 1630 
1425 381 gi|65 1490 1565 
2356 359 gi|65 1490 1563 
2358 338 gi|65 1490 1543 
2360 272 gi|65 1497 1557 
2203 409 gi|65 2773 3151 
1013 1168 gi|65 6183 7196 
393 892 gi|65 13917 14866 
149 376 gi|65 16991 17348 
1131 464 gi|65 19051 19458 
2445 5132 gi|65 19054 21259 
551 374 gi|65 19250 19431 
1977 368 gi|65 19806 20207 
473 1556 gi|65 19842 21147 
1595 367 gi|65 19843 20256 
2362 277 gi|65 21305 21389 
451 280 gi|65 21833 22083 
2364 360 gi|65 25424 25688 
1949 273 gi|65 26243 26503 
2195 278 gi|65 26269 26503 
2157 265 gi|65 26281 26508 
1019 287 gi|65 26282 26658 
1943 295 gi|65 26282 26521 
1271 351 gi|65 26282 26503 
2005 335 gi|65 27799 27908 
2366 496 gi|65 30525 30846 
923 980 gi|65 32224 33010 
1701 2330 gi|65 32256 33963 
927 1005 gi|65 33061 33985 
2429 595 gi|66 4684 4992 
2127 309 gi|66 5457 5911 
325 376 gi|66 5497 6160 
2065 486 gi|66 5533 6175 
2347 257 gi|66 5833 5932 
2414 277 gi|66 9920 10024 
2412 369 gi|66 9920 10016 
619 447 gi|66 9922 10025 
2416 425 gi|66 9928 10024 
2418 500 gi|66 9931 10025 
1837 322 gi|66 9932 10037 
2420 295 gi|66 9933 10011 
2422 278 gi|66 9934 9990 
2201 395 gi|66 15137 15576 
2424 254 gi|66 15968 16050 
2361 272 gi|66 15990 16050 
2426 307 gi|66 24359 24556 
1037 420 gi|66 28345 29371 
609 256 gi|67 9178 9445 
2262 351 gi|67 20725 20915 
623 274 gi|67 20751 20807 
2423 278 gi|67 20753 20808 
2264 292 gi|67 20754 20810 
457 358 gi|67 20759 20881 
2266 752 gi|67 20769 21023 
1443 1137 gi|67 20780 21117 
795 1199 gi|67 20803 21094 
567 1055 gi|67 20810 21099 
1533 1115 gi|67 20810 21061 
1499 753 gi|67 20810 20964 
2268 669 gi|67 20810 20925 
2270 462 gi|67 20838 20908 
1475 320 gi|67 20854 20965 
803 551 gi|67 20854 20965 
1555 469 gi|67 20854 20964 
1517 281 gi|67 20854 20908 
1579 279 gi|67 20854 20908 
539 308 gi|67 20854 20908 
1463 961 gi|67 20856 21024 
801 750 gi|67 20856 21024 
579 564 gi|67 20856 20965 
1483 437 gi|67 20856 20909 
907 366 gi|67 20858 20907 
817 1154 gi|67 20882 21090 
1505 378 gi|67 20885 21023 
2272 555 gi|67 20890 20967 
507 375 gi|67 20904 20982 
167 304 gi|67 20904 20959 
2135 304 gi|67 20904 20959 
1543 721 gi|67 20910 21114 
525 393 gi|67 20910 21023 
2274 400 gi|67 20949 21054 
1577 343 gi|67 20954 21023 
1455 790 gi|67 20964 21090 
1537 877 gi|67 20964 21090 
589 690 gi|67 20966 21090 
2276 443 gi|67 20967 21040 
1509 527 gi|67 20968 21122 
2278 444 gi|67 20968 21122 
839 364 gi|67 20968 21090 
905 386 gi|67 20972 21022 
861 537 gi|67 20996 21090 
2280 650 gi|67 21005 21172 
2282 305 gi|67 21005 21098 
505 414 gi|67 21019 21079 
165 372 gi|67 21019 21074 
2133 372 gi|67 21019 21074 
2284 275 gi|67 21150 21245 
631 272 gi|67 21171 21261 
2286 263 gi|67 21171 21248 
2421 295 gi|67 21171 21245 
21 362 gi|67 27641 27870 
313 256 gi|67 27737 27818 
2479 257 gi|67 27738 27832 
2557 283 gi|67 27738 27829 
2197 290 gi|67 27738 27825 
1889 253 gi|67 27738 27823 
39 349 gi|67 27740 27831 
391 745 gi|67 33755 34696 
2435 276 gi|68 420 689 
1269 250 gi|68 422 689 
2355 323 gi|68 422 689 
2153 450 gi|68 453 675 
1935 391 gi|68 497 791 
1953 286 gi|68 647 692 
2372 326 gi|68 11411 11482 
605 259 gi|68 11423 11529 
877 371 gi|68 11428 11482 
463 348 gi|68 11430 11483 
1493 344 gi|68 11431 11482 
2374 253 gi|68 11436 11530 
1347 2584 gi|68 22703 23506 
465 2078 gi|68 23779 24705 
193 1803 gi|68 30184 31615 
2365 360 gi|68 34903 35138 
2207 824 gi|68 37355 38358 
1903 762 gi|68 37380 38656 
989 552 gi|68 37513 38347 
2363 277 gi|68 39663 39740 
2335 617 gi|69 4017 4255 
2341 434 gi|69 4017 4156 
1995 372 gi|69 4017 4148 
2327 764 gi|69 4023 4215 
1009 376 gi|69 4023 4172 
197 352 gi|69 4041 4223 
1993 537 gi|69 4048 4225 
2485 302 gi|69 4058 4171 
1711 274 gi|69 4062 4147 
2325 531 gi|69 4063 4215 
55 277 gi|69 4063 4161 
73 273 gi|69 4082 4125 
999 496 gi|69 4089 4244 
205 390 gi|69 4110 4165 
1999 384 gi|69 4119 4214 
1709 281 gi|69 4131 4225 
57 277 gi|69 4132 4226 
2345 286 gi|69 13188 13411 
2353 266 gi|69 14557 14643 
2403 277 gi|69 14566 14643 
2449 321 gi|69 14970 15127 
49 289 gi|69 14971 15135 
2077 11954 gi|69 18244 19784 
2208 11978 gi|69 18357 19841 
2210 12045 gi|69 18424 19783 
2047 12017 gi|69 18427 19848 
1723 12068 gi|69 18431 19783 
1319 12130 gi|69 18445 19807 
249 11990 gi|69 18452 19922 
105 12049 gi|69 18452 19844 
747 12010 gi|69 18453 19839 
2212 12051 gi|69 18453 19778 
2214 12049 gi|69 18453 19775 
673 372 gi|69 22860 23000 
1857 288 gi|69 22922 23000 
1495 270 gi|69 27346 27397 
2315 1124 gi|69 29810 30993 
2305 251 gi|69 32119 32240 
361 256 gi|69 32450 32491 
679 557 gi|69 34490 35412 
1333 481 gi|69 34596 35258 
248 11990 gi|7 5590 7055 
250 11959 gi|7 5619 7073 
252 12032 gi|7 5649 7055 
254 12111 gi|7 5675 7062 
256 12021 gi|7 5685 7062 
258 12016 gi|7 5692 7061 
260 12074 gi|7 5728 7054 
264 11977 gi|7 5731 7267 
262 12043 gi|7 5731 7091 
268 12031 gi|7 5732 7058 
266 12061 gi|7 5732 7056 
270 254 gi|7 36783 36887 
1967 273 gi|70 6426 6480 
489 259 gi|70 6426 6480 
2259 316 gi|70 6520 7131 
2376 257 gi|70 7303 7381 
2413 369 gi|70 7313 7406 
625 329 gi|70 7325 7381 
2265 292 gi|70 7328 7384 
1733 11942 gi|70 7776 9298 
729 11968 gi|70 7825 9303 
2057 12004 gi|70 7913 9297 
2378 12042 gi|70 7917 9302 
2380 12070 gi|70 7974 9305 
113 12051 gi|70 7975 9301 
261 12074 gi|70 7975 9301 
2083 12055 gi|70 7975 9298 
1327 12049 gi|70 7975 9297 
2215 12049 gi|70 7975 9297 
2382 12033 gi|70 7975 9297 
2069 1278 gi|70 12967 13906 
309 267 gi|70 14527 14663 
2513 266 gi|70 16224 16376 
2249 349 gi|70 16289 16366 
2384 443 gi|70 16295 16381 
1419 498 gi|70 16301 16383 
1985 251 gi|70 16302 16380 
293 431 gi|70 16302 16380 
2359 338 gi|70 16317 16368 
2165 292 gi|70 24509 24582 
2386 253 gi|70 27917 28117 
2417 425 gi|70 27996 28091 
627 552 gi|70 28001 28188 
2287 263 gi|70 28001 28078 
2388 883 gi|70 28002 28257 
2390 255 gi|70 28060 28238 
2392 428 gi|70 28076 28233 
1491 640 gi|70 28100 28234 
1447 374 gi|70 28103 28234 
1529 701 gi|70 28115 28221 
459 321 gi|70 28115 28190 
859 412 gi|70 28118 28234 
599 637 gi|70 28118 28233 
2269 669 gi|70 28120 28234 
2375 253 gi|70 28122 28212 
2394 427 gi|70 28161 28218 
2277 443 gi|70 28162 28234 
555 322 gi|70 28165 28270 
1485 358 gi|70 28165 28219 
913 524 gi|70 28167 28253 
611 264 gi|70 28217 28282 
547 279 gi|70 28217 28281 
2396 285 gi|70 28217 28276 
1525 264 gi|70 28217 28266 
1569 269 gi|70 28219 28403 
1587 427 gi|70 29872 30461 
2199 541 gi|70 30932 31344 
2398 865 gi|70 32363 32624 
2516 6140 gi|71 3569 4473 
2518 353 gi|71 9977 10129 
617 966 gi|71 9982 10192 
2263 351 gi|71 9989 10241 
2377 257 gi|71 9989 10067 
2285 275 gi|71 9990 10089 
1835 289 gi|71 9998 10110 
2419 500 gi|71 10010 10103 
2389 883 gi|71 10013 10286 
2520 928 gi|71 10071 10288 
1501 348 gi|71 10130 10280 
857 269 gi|71 10130 10265 
1535 407 gi|71 10130 10241 
601 364 gi|71 10130 10241 
533 607 gi|71 10132 10286 
1451 600 gi|71 10145 10240 
1559 337 gi|71 10150 10324 
2522 515 gi|71 10157 10299 
561 306 gi|71 10157 10294 
819 280 gi|71 10157 10241 
1513 623 gi|71 10159 10286 
2283 305 gi|71 10159 10258 
1549 290 gi|71 10159 10241 
591 516 gi|71 10159 10241 
897 353 gi|71 10161 10264 
1479 411 gi|71 10162 10279 
2275 400 gi|71 10162 10275 
841 426 gi|71 10162 10241 
1467 251 gi|71 10162 10240 
1575 505 gi|71 10165 10242 
2524 465 gi|71 10174 10257 
607 306 gi|71 15397 15458 
1355 263 gi|71 19243 19324 
343 2170 gi|71 26815 28138 
341 572 gi|71 28519 29138 
339 2368 gi|71 30288 31409 
337 277 gi|71 31974 32119 
2229 6793 gi|72 3 2653 
2233 1488 gi|72 2632 3269 
2231 1466 gi|72 3265 3750 
997 371 gi|72 6452 6648 
689 6675 gi|72 16222 16994 
2411 6659 gi|72 16224 16973 
2151 6631 gi|72 16227 16987 
1093 4262 gi|72 17068 18400 
2227 2233 gi|72 17072 18393 
2219 679 gi|72 17758 18174 
2217 413 gi|72 18294 18399 
2225 2492 gi|72 18391 18962 
211 31342 gi|72 18682 22299 
2223 20528 gi|72 19943 22299 
993 564 gi|72 23641 24303 
995 413 gi|72 24706 24953 
2221 680 gi|72 25940 26155 
209 474 gi|72 25940 26085 
1035 1081 gi|72 31318 32407 
2427 307 gi|72 36632 36853 
2367 496 gi|72 37926 38247 
2003 251 gi|72 38867 38948 
2407 263 gi|72 38917 38978 
2316 416 gi|73 5302 5438 
693 261 gi|73 5350 5520 
87 308 gi|73 11523 11754 
97 294 gi|73 11523 11658 
123 313 gi|73 11523 11657 
2409 1633 gi|73 16848 17183 
2143 1052 gi|73 16965 17228 
1417 568 gi|73 17268 17399 
1987 314 gi|73 17288 17393 
2241 355 gi|73 17292 17544 
2511 318 gi|73 17296 17418 
2357 359 gi|73 17310 17382 
2385 443 gi|73 17311 17395 
291 452 gi|73 17315 17393 
2425 254 gi|73 17316 17401 
1409 307 gi|73 24913 25319 
2267 752 gi|73 27351 27572 
1445 642 gi|73 27367 27571 
2393 428 gi|73 27372 27531 
1581 516 gi|73 27384 27514 
2373 326 gi|73 27390 27460 
1531 487 gi|73 27408 27485 
1497 1837 gi|73 27410 27732 
563 879 gi|73 27410 27674 
853 791 gi|73 27410 27572 
461 508 gi|73 27410 27473 
583 424 gi|73 27431 27572 
833 539 gi|73 27431 27572 
1545 983 gi|73 27432 27682 
787 613 gi|73 27440 27677 
2525 465 gi|73 27455 27543 
1471 1080 gi|73 27457 27666 
2279 444 gi|73 27459 27619 
523 1353 gi|73 27460 27677 
597 483 gi|73 27494 27584 
2271 462 gi|73 27494 27572 
1507 464 gi|73 27494 27571 
2523 515 gi|73 27495 27679 
1453 318 gi|73 27495 27572 
1573 409 gi|73 27505 27588 
2395 427 gi|73 27515 27572 
1541 465 gi|73 27517 27572 
911 434 gi|73 27521 27571 
2318 388 gi|73 27571 27676 
1583 469 gi|73 27577 27674 
1253 357 gi|73 27578 27670 
133 309 gi|73 27613 27671 
2397 285 gi|73 27625 27684 
633 736 gi|73 27676 27797 
2521 928 gi|73 27680 27935 
2391 255 gi|73 27680 27857 
527 572 gi|73 27727 27940 
867 465 gi|73 27739 27846 
1449 272 gi|73 27754 27846 
1557 976 gi|73 27759 27946 
569 511 gi|73 27766 27849 
823 529 gi|73 27766 27846 
1459 591 gi|73 27766 27841 
1511 567 gi|73 27768 27964 
557 340 gi|73 27768 27942 
2281 650 gi|73 27768 27918 
1547 500 gi|73 27768 27868 
2273 555 gi|73 27768 27845 
791 783 gi|73 27770 27931 
1477 594 gi|73 27771 27927 
1465 528 gi|73 27771 27846 
503 371 gi|73 27782 27842 
169 329 gi|73 27782 27837 
2131 329 gi|73 27782 27837 
1585 286 gi|73 27845 27930 
137 260 gi|73 27884 27937 
1981 331 gi|73 28775 28993 
683 439 gi|73 28830 29053 
1869 271 gi|73 28883 29655 
2021 859 gi|73 29061 29708 
2311 441 gi|73 29086 29558 
2463 369 gi|73 29092 29627 
2289 259 gi|73 29130 29722 
2535 498 gi|73 29364 29690 
185 330 gi|73 29378 29620 
2547 346 gi|73 29390 29498 
2447 385 gi|73 29430 29743 
1361 348 gi|73 29436 29678 
2173 321 gi|73 29437 29623 
331 319 gi|73 29439 29626 
2303 297 gi|73 29440 29537 
2045 595 gi|73 30123 31227 
335 290 gi|73 30416 30606 
401 344 gi|73 31589 32270 
1923 860 gi|73 31690 32997 
1045 330 gi|73 31718 32254 
1101 290 gi|73 31736 31879 
1099 290 gi|73 32164 32252 
403 1282 gi|73 32644 33031 
389 447 gi|73 32947 32997 
1921 494 gi|73 38067 38643 
2381 12070 gi|74 7734 9067 
743 12040 gi|74 7737 9068 
2368 12061 gi|74 7738 9068 
111 12052 gi|74 7739 9069 
2079 12070 gi|74 7739 9066 
1323 12032 gi|74 7740 9164 
2213 12051 gi|74 7740 9066 
1727 12019 gi|74 7741 9112 
265 11977 gi|74 7743 9266 
2055 12031 gi|74 7744 9066 
2081 12012 gi|74 10916 12317 
2051 12041 gi|74 10929 12354 
1725 12065 gi|74 10929 12320 
2211 12045 gi|74 10957 12320 
1331 12034 gi|74 10984 12314 
269 12031 gi|74 10988 12314 
115 12031 gi|74 10990 12316 
745 12025 gi|74 10992 12318 
2370 12052 gi|74 10992 12316 
2383 12033 gi|74 10992 12314 
2517 6140 gi|75 2811 3711 
2387 253 gi|75 6064 6231 
2519 353 gi|75 6064 6207 
629 429 gi|75 6064 6167 
2415 277 gi|75 6091 6176 
2399 865 gi|75 6217 6491 
2245 254 gi|75 13540 13626 
1959 558 gi|75 23217 23928 
1609 275 gi|75 24987 25036 
2443 271 gi|75 25592 25704 
541 401 gi|75 34986 35178 
1519 376 gi|75 34986 35137 
2319 388 gi|75 35040 35145 
1563 333 gi|75 35044 35142 
477 289 gi|75 38352 38458 
1839 289 gi|75 38354 38458 
649 273 gi|75 38354 38458 
1965 278 gi|75 38354 38444 
885 259 gi|75 38391 38444 
2075 12004 gi|76 250 1654 
2209 11978 gi|76 261 1730 
259 12016 gi|76 273 1657 
109 12058 gi|76 313 1670 
2379 12042 gi|76 320 1710 
741 12043 gi|76 320 1654 
2369 12061 gi|76 320 1649 
2053 12063 gi|76 321 1687 
1325 12028 gi|76 322 1734 
1731 12031 gi|76 323 1647 
2371 12052 gi|76 323 1647 
1707 454 gi|76 3181 3283 
1695 414 gi|76 3191 3248 
2239 373 gi|76 3194 3340 
2235 332 gi|76 3194 3334 
1349 330 gi|76 3197 3250 
229 258 gi|76 8832 8911 
233 455 gi|76 8833 8960 
2073 407 gi|76 8834 8914 
2071 258 gi|76 8836 8925 
919 352 gi|76 8837 8886 
2317 416 gi|76 21438 21578 
2349 291 gi|76 22598 22765 
2475 356 gi|76 22678 22809 
2205 274 gi|76 24507 24694 
2337 263 gi|76 24904 25083 
2331 313 gi|76 24904 25077 
1997 377 gi|76 24916 25011 
1991 580 gi|76 24932 25202 
2185 441 gi|76 24964 25118 
2329 329 gi|76 24964 25077 
2001 305 gi|76 24982 25072 
359 582 gi|76 35173 36854 
610 264 gi|8 521 581 
612 257 gi|8 531 589 
614 1007 gi|8 4113 4252 
616 966 gi|8 8476 8681 
618 447 gi|8 8487 8594 
620 320 gi|8 8497 8601 
622 274 gi|8 8501 8558 
624 329 gi|8 8502 8558 
626 552 gi|8 8503 8689 
628 429 gi|8 8503 8620 
630 272 gi|8 8503 8586 
632 736 gi|8 8557 8678 
634 260 gi|8 8636 8711 
636 729 gi|8 8842 9464 
638 585 gi|8 8843 9247 
640 478 gi|8 8871 9255 
642 2098 gi|8 15556 15845 
644 923 gi|8 15600 15712 
646 273 gi|8 15607 15685 
648 273 gi|8 15609 15715 
650 4479 gi|8 15612 16215 
652 327 gi|8 15613 15681 
654 318 gi|8 15618 15697 
656 418 gi|8 15622 15712 
658 960 gi|8 15730 15899 
660 13344 gi|8 15817 17466 
662 6232 gi|8 16205 16962 
664 1999 gi|8 16206 16511 
666 2394 gi|8 16670 16963 
668 728 gi|8 17264 17457 
670 663 gi|8 17371 17466 
672 372 gi|8 17380 17520 
674 280 gi|8 17386 17434 
676 278 gi|8 17389 17434 
678 557 gi|8 17401 18347 
680 353 gi|8 17563 18247 
682 439 gi|8 20766 20994 
684 292 gi|8 20828 21088 
686 6665 gi|8 22711 23547 
688 6675 gi|8 22734 23508 
690 6650 gi|8 22753 23558 
692 261 gi|8 33232 33397 
694 1977 gi|8 34212 34697 
696 1907 gi|8 34333 34697 
698 1038 gi|8 34423 34696 
700 337 gi|8 34619 34696 
702 352 gi|8 34628 34697 
704 920 gi|8 34759 35017 
706 297 gi|8 34877 35010 
708 486 gi|8 34892 35017 
710 254 gi|8 34911 34977 
712 324 gi|8 34912 35017 
714 260 gi|8 34941 34977 
716 587 gi|8 35078 35191 
718 329 gi|8 35082 35245 
720 483 gi|8 35083 35250 
722 268 gi|8 35137 35296 
724 278 gi|8 35137 35296 
726 564 gi|8 35285 35421 
728 11968 gi|8 37499 38993 
730 11951 gi|8 37520 38986 
732 11985 gi|8 37579 39005 
734 12013 gi|8 37591 38982 
736 11955 gi|8 37600 39143 
738 12026 gi|8 37653 38982 
740 12043 gi|8 37654 38989 
257 12021 gi|8 37655 39021 
742 12040 gi|8 37658 38990 
746 12010 gi|8 37660 39039 
744 12025 gi|8 37660 38986 
196 352 gi|9 14603 14782 
198 276 gi|9 14603 14649 
200 391 gi|9 14629 14783 
202 253 gi|9 14726 14783 
204 390 gi|9 14726 14782 
206 49056 gi|9 19127 24686 
208 474 gi|9 19168 19316 
210 31342 gi|9 22334 25947 
212 1679 gi|9 25667 26126 
214 923 gi|9 33782 34930 
