#  fam    ele   dir  sequence    start     end
     1      1  1       gi|1     3691     3804 
     1    568 -1      gi|66    35081    35296 
     1     83  1      gi|17    14515    14717 
     1    609 -1      gi|70    19006    19189 
     2      2  1       gi|1     6441     7058 
     2    409  1      gi|51    10884    11501 
     2    249  1      gi|36    23326    23893 
     3      3  1       gi|1     8871     9142 
     3    505  1      gi|60    26176    26350 
     3    537  1      gi|63    24512    24714 
     4      4  1       gi|1     9435     9534 
     4    714 -1      gi|39    37130    37295 
     4    176  1      gi|29    16224    16379 
     5      5  1       gi|1    15087    16396 
     5     59  1      gi|14    16149    16281 
     5    272  1      gi|39     4697     6079 
     5    661  1      gi|73    20622    20805 
     5    525  1      gi|62     1610     2378 
     5    634  1      gi|72    12528    12632 
     6      6  1       gi|1    18947    20467 
     6    129  1      gi|23    32575    32627 
     6    681  1      gi|75     1260     2811 
     6    365 -1      gi|48    13946    14064 
     7      7  1       gi|1    20819    22000 
     8      8  1       gi|1    21795    22511 
     8    141 -1      gi|26    11904    12009 
     8    682  1      gi|75     2835     3361 
     8    233 -1      gi|35    24141    24290 
     8      9  1       gi|1    22371    23054 
     8     11  1       gi|1    26350    26555 
     9     10  1       gi|1    22795    26376 
     9    683  1      gi|75     3117     8903 
     9     12  1       gi|1    26556    28588 
    10     13  1       gi|1    31110    32258 
    10    343 -1      gi|45    33782    34930 
    11     14  1       gi|1    33826    34555 
    11     52 -1      gi|13    32119    32240 
    11    279  1      gi|39    22655    23246 
    11    280  1      gi|39    24435    25137 
    11    327 -1      gi|43    13610    14075 
    11    461 -1      gi|57    36787    36924 
    11     47 -1      gi|13    14883    15131 
    11    492 -1       gi|6    15764    16045 
    11     45 -1      gi|13    13188    13411 
    12     15  1      gi|10     2292     3529 
    12    397 -1      gi|50     3318     4720 
    12     55  1      gi|14     2999     4447 
    12     35  1      gi|12     1340     2775 
    13     16  1      gi|10     5085     5191 
    13    412  1      gi|52    11696    11889 
    13    390 -1       gi|5    14507    15712 
    13    411  1      gi|52     6777     7890 
    13    715  1       gi|4    12330    12854 
    14     17  1      gi|10     5699     6035 
    14    130  1      gi|24     4684     4992 
    14    263 -1      gi|37    29048    29383 
    15     18  1      gi|10    10776    11151 
    15    334  1      gi|43    35528    36349 
    16     19  1      gi|10    19370    19552 
    16    361 -1      gi|48     5554     6618 
    16    335  1      gi|44        5     1095 
    17     20  1      gi|10    34185    34883 
    17    250  1      gi|36    37713    38415 
    18     21  1      gi|10    35558    36613 
    18    532  1      gi|62    23378    24481 
    18    307  1      gi|41    20257    20832 
    19     22  1      gi|10    38883    39984 
    19    325 -1      gi|42    34379    34557 
    19    645 -1      gi|72    30712    31800 
    20     23  1      gi|11        1      387 
    20    641 -1      gi|72    29885    29961 
    20    719 -1      gi|73      105      177 
    20     99 -1      gi|19    18434    18484 
    20    526 -1      gi|62     5973     6023 
    21     25  1      gi|11     5546     9271 
    21    231  1      gi|35     4976     8706 
    22     26  1      gi|11    10457    11237 
    22    508  1      gi|60    32515    33297 
    23     27  1      gi|11    13916    14321 
    23    507 -1      gi|60    30970    31375 
    24     28  1      gi|11    14909    14990 
    24     95  1      gi|18     8666     8735 
    25     29  1      gi|11    17655    18128 
    25     93  1      gi|18     2385     2849 
    26     30  1      gi|11    25231    25852 
    26    206  1      gi|32     2558     2714 
    26    613  1      gi|71     2430     3050 
    27     31  1      gi|11    30403    31669 
    27    727  1      gi|39     3292     4568 
    27     32  1      gi|11    31878    32943 
    27    266  1      gi|38     2913     4248 
    27    728  1      gi|39     4570     4611 
    28     33  1      gi|11    35935    36163 
    29     34  1      gi|12      826      946 
    29     71  1      gi|15    36159    36279 
    30     36  1      gi|12     4989     5241 
    30    123 -1      gi|23     5895     6144 
    31     37  1      gi|12     5441     6484 
    31     81  1      gi|17     6256     7294 
    32     38  1      gi|12     7238     7532 
    32    575  1      gi|67    18692    18993 
    33     39  1      gi|12    12970    13100 
    33    511 -1      gi|61     1455     1630 
    33    710 -1      gi|48    14045    14125 
    34     40  1      gi|12    13179    13392 
    34    245 -1      gi|36    15751    15964 
    35     41  1      gi|12    18107    18394 
    35    408 -1      gi|51     2971     3255 
    36     42  1      gi|12    20045    20140 
    36    380  1      gi|49    24536    24646 
    37     43  1      gi|12    39772    40066 
    37    302  1      gi|40    18121    18423 
    38     44  1      gi|13     4017     4255 
    38    227  1      gi|34    21503    21864 
    38    388  1       gi|5     5950     6122 
    39     46  1      gi|13    14557    14643 
    39    332  1      gi|43    30004    31684 
    39    586  1      gi|69    24660    26423 
    40     48  1      gi|13    18244    19922 
    40    151 -1      gi|27      250     1730 
    40    173  1      gi|29     7776     9301 
    40    570  1      gi|66    37499    39143 
    40    675 -1      gi|74    27952    29622 
    41     50  1      gi|13    27343    27397 
    41    677 -1      gi|74    30202    30628 
    41    223 -1      gi|33    37548    37826 
    41    686  1      gi|75    11836    11887 
    42     51  1      gi|13    29810    30993 
    42    440  1      gi|54    34519    35708 
    43     53  1      gi|13    34490    35412 
    43    563 -1      gi|66    17401    18347 
    43    372 -1      gi|49     8595     9254 
    43    224  1      gi|34    12792    12868 
    44     54  1      gi|14     1714     1781 
    44    639  1      gi|72    29669    29805 
    44    246  1      gi|36    16037    16128 
    44    735 -1      gi|67    28502    30582 
    44    640  1      gi|72    29801    29869 
    44    729  1      gi|66    15817    17462 
    44    733  1      gi|75    28245    30292 
    44    370 -1      gi|48    37604    37878 
    44    644  1      gi|72    30459    30562 
    44    732 -1      gi|13    22920    23000 
    44    737 -1      gi|34    27885    28029 
    44    739 -1      gi|35    35638    35832 
    44    643  1      gi|72    30042    30474 
    44    660 -1      gi|73    19315    19381 
    45     56  1      gi|14     5443     7009 
    45    621 -1      gi|71    14361    15869 
    46     57  1      gi|14     7500     8238 
    46    326  1      gi|43     2624     2848 
    46    353 -1      gi|46    38944    39330 
    46    620 -1      gi|71    13382    14149 
    47     60  1      gi|14    16662    17705 
    47    364  1      gi|48    11366    12397 
    48     61  1      gi|14    23558    24110 
    49     62  1      gi|14    24271    25025 
    49    502 -1      gi|60    11629    12395 
    49    381  1      gi|49    27576    27839 
    50     63  1      gi|14    31521    31768 
    50    633  1      gi|72     3878     3969 
    50    668 -1      gi|74     5954     6063 
    51     64  1      gi|14    39881    40178 
    51    201 -1      gi|31    17858    19403 
    51    456  1      gi|57        4     1545 
    51    202 -1      gi|31    18766    20623 
    51    200 -1      gi|31    17056    17897 
    52     65  1      gi|15     2031     2375 
    53     66  1      gi|15     2385     2477 
    53    384  1      gi|49    29343    29434 
    54     67  1      gi|15     9127    10600 
    54    286 -1       gi|4     7632     9094 
    55     68  1      gi|15    26784    28976 
    55    347 -1      gi|46    16247    18451 
    56     69  1      gi|15    33881    34198 
    56    636  1      gi|72    21056    21204 
    56    726 -1      gi|71    32357    32445 
    57     70  1      gi|15    34361    35427 
    57     74 -1      gi|16    12852    13919 
    58     73  1      gi|16       10      954 
    58    514 -1      gi|61    13917    14866 
    59     75  1      gi|16    13835    15329 
    59    170 -1      gi|28    31180    32145 
    59    472 -1      gi|58    22881    24385 
    60     76  1      gi|16    19923    20431 
    60    166 -1      gi|28    26853    26955 
    61     77  1      gi|16    20215    26962 
    61    165 -1      gi|28    19850    26605 
    61    466 -1      gi|58    17559    18073 
    62     78  1      gi|16    26814    27277 
    62    465 -1      gi|58    12180    12662 
    63     79  1      gi|16    27268    28817 
    63    163 -1      gi|28    19301    19671 
    63    164 -1      gi|28    19544    19813 
    64     80  1      gi|16    28796    30142 
    64    160 -1      gi|28    17341    17536 
    64    161 -1      gi|28    17507    17657 
    64    162 -1      gi|28    17931    18691 
    64    463 -1      gi|58     8531     9801 
    65     82  1      gi|17    13589    14181 
    65    178  1      gi|29    29872    30461 
    66     84  1      gi|17    23842    24694 
    67     85  1      gi|17    26314    27160 
    67    486  1       gi|6     4288     5167 
    68     86  1      gi|17    28643    28872 
    68    232 -1      gi|35    12493    12730 
    69     87  1      gi|17    30777    31790 
    69    611  1      gi|70    33483    34567 
    69     88  1      gi|17    32096    32586 
    70     89  1      gi|17    32587    32908 
    70    612  1      gi|70    34692    35022 
    71     90  1      gi|17    36239    36284 
    71    358 -1      gi|47    24987    25036 
    72     91  1      gi|17    39830    40045 
    72    295  1      gi|40     4269     4476 
    73     92  1      gi|18     1376     1840 
    73    100 -1      gi|19    34644    35048 
    74     94  1      gi|18     5943     6155 
    74    297  1      gi|40     9487     9696 
    75     96  1      gi|18    19313    19462 
    75    663  1      gi|73    31375    31538 
    76     97  1      gi|19     3060     3986 
    76    115 -1      gi|20    23779    24705 
    77     98  1      gi|19     4356     5889 
    78    101  1      gi|19    38118    38179 
    78    692  1      gi|76    15397    15458 
    79    102  1      gi|19    39887    40154 
    79    119 -1      gi|22     9178     9445 
    80    103  1       gi|2       84     1360 
    80    495 -1       gi|6    27825    29119 
    81    104  1       gi|2    26756    27027 
    81    356 -1      gi|47    13540    13626 
    81    713 -1      gi|56    17398    17544 
    81    712 -1      gi|56    17295    17395 
    82    105  1       gi|2    29910    29985 
    82    741 -1      gi|15    36852    36928 
    82    709  1       gi|9    32162    32248 
    82    743 -1      gi|57     9726     9789 
    83    106  1       gi|2    30912    31392 
    83    670 -1      gi|74    24134    24616 
    84    107  1       gi|2    31630    32123 
    84    258  1      gi|37    19159    19717 
    85    108  1       gi|2    32138    32683 
    85    218 -1      gi|33    16269    17092 
    85    257  1      gi|37    18609    19296 
    86    109  1       gi|2    34438    34538 
    86    216 -1      gi|33    14400    14502 
    87    110  1       gi|2    34518    34890 
    87    319 -1      gi|42    12155    12326 
    87    490 -1       gi|6    11880    12481 
    87    657  1      gi|73    16047    16634 
    88    111  1       gi|2    34949    35553 
    88    172  1      gi|29     6520     7131 
    89    112  1       gi|2    35929    36275 
    89    744  1      gi|37    21147    22506 
    89    214 -1      gi|33     9512    10941 
    90    113  1      gi|20      420      791 
    91    114  1      gi|20    22703    23506 
    91    377  1      gi|49    15608    16420 
    92    116  1      gi|20    30184    31615 
    92    647  1      gi|72    35700    37138 
    93    117  1      gi|20    34903    35138 
    93    518 -1      gi|61    25424    25688 
    94    118  1      gi|20    37355    38656 
    94    351 -1      gi|46    34375    35734 
    94    430  1      gi|53    29010    30007 
    94    385  1       gi|5      211     1573 
    95    120  1      gi|22    27627    28191 
    95    289 -1       gi|4    18438    18534 
    95    606 -1      gi|70     5162     5887 
    96    121  1      gi|22    33755    34696 
    96    171  1      gi|28    39239    40178 
    97    122  1      gi|23     1805     2257 
    97    483  1      gi|59    36867    37286 
    98    124  1      gi|23     7211    12660 
    98    145 -1      gi|26    20863    22845 
    98    146 -1      gi|26    22813    26308 
    98    147 -1      gi|26    26393    26586 
    98    148 -1      gi|26    26671    26843 
    98    149 -1      gi|26    26928    27016 
    99    125  1      gi|23    12662    12856 
    99    324  1      gi|42    26183    26979 
    99    487  1       gi|6     8330     8542 
   100    126  1      gi|23    25468    25818 
   100    387 -1       gi|5     4965     5302 
   101    127  1      gi|23    30424    30508 
   101    499  1      gi|60     4593     4674 
   102    128  1      gi|23    31727    32057 
   102    534 -1      gi|62    35154    35499 
   102    646  1      gi|72    32724    32861 
   103    131  1      gi|24     5457     6175 
   104    132  1      gi|24    15137    15576 
   104    221 -1      gi|33    32288    32736 
   105    134  1      gi|24    24359    24556 
   105    600 -1       gi|7    36632    36853 
   106    135  1      gi|24    27144    27259 
   106    669  1      gi|74    23773    23885 
   107    136  1      gi|25       27      378 
   107    554 -1      gi|65    25052    25379 
   108    137  1      gi|25     2491     3115 
   108    405 -1      gi|50    37305    37926 
   109    138  1      gi|25     4837     5067 
   109    615 -1      gi|71     9946    10071 
   110    139  1      gi|25    34759    34972 
   110    746 -1      gi|55    23278    23604 
   110    748 -1      gi|70    14304    14709 
   110    443 -1      gi|55    25501    25904 
   111    140  1      gi|26      205      938 
   112    142  1      gi|26    12391    13910 
   112    244 -1      gi|36     9264    10784 
   112    420 -1      gi|52    31900    31981 
   112    309  1      gi|41    28925    29368 
   113    143  1      gi|26    13967    14563 
   113    294 -1      gi|40     2793     3393 
   114    144  1      gi|26    14896    15381 
   114    293 -1      gi|40     1977     2454 
   115    150  1      gi|26    34374    34451 
   115    369 -1      gi|48    33213    33290 
   116    152  1      gi|27     3186     3438 
   116    338 -1      gi|44    38762    38862 
   116    671 -1      gi|74    24633    24854 
   116    378  1      gi|49    18860    18949 
   117    153  1      gi|27     8834     8964 
   117    410 -1      gi|51    20984    21109 
   117    444  1      gi|55    26891    27036 
   117    548  1      gi|65      114      268 
   117    291 -1       gi|4    29166    29234 
   117    479 -1      gi|59    30271    30377 
   118    154  1      gi|27    21438    21578 
   118    447 -1      gi|56     5302     5438 
   119    155  1      gi|27    22598    22809 
   120    156  1      gi|27    24507    24694 
   120    426  1      gi|53     6681     6874 
   121    157  1      gi|27    24904    25202 
   121    656 -1      gi|73    15762    16117 
   121    274 -1      gi|39    11010    11148 
   121    225  1      gi|34    20551    20596 
   122    158  1      gi|27    35173    36854 
   122    270 -1      gi|38    37077    38755 
   123    159  1      gi|27    39723    40142 
   123    300 -1      gi|40    12665    13087 
   124    167  1      gi|28    27603    27762 
   124    469  1      gi|58    19153    19315 
   125    168  1      gi|28    28723    28796 
   125    467  1      gi|58    18250    18320 
   125    468  1      gi|58    18883    18961 
   126    169  1      gi|28    30778    31031 
   126    470  1      gi|58    21914    22186 
   127    174  1      gi|29    12577    14423 
   127    303  1      gi|40    20887    22709 
   127    610 -1      gi|70    19457    20860 
   128    175  1      gi|29    14527    14663 
   128    614 -1      gi|71     6587     6727 
   129    177  1      gi|29    24509    24582 
   129    573  1      gi|67    10672    10746 
   130    179  1      gi|29    30932    31344 
   130    219  1      gi|33    19871    20278 
   131    180  1      gi|29    32363    32624 
   131    355 -1      gi|47     6217     6491 
   132    181  1       gi|3    23346    23940 
   132    259 -1      gi|37    19723    20299 
   133    182  1       gi|3    27078    27259 
   133    406 -1      gi|50    38793    38961 
   134    183  1       gi|3    29977    30258 
   134    527  1      gi|62     8055     8291 
   134    617  1      gi|71    10816    11022 
   135    184  1       gi|3    30773    31073 
   135    528  1      gi|62     8816     9124 
   136    185  1       gi|3    39488    39738 
   136    517 -1      gi|61    21833    22083 
   137    186  1      gi|30     5590     7267 
   137    581  1      gi|68     7741     9266 
   137    371  1      gi|49     6187     7700 
   137    706  1       gi|9     3278     4840 
   137    582 -1      gi|68    10916    12354 
   138    187  1      gi|30    36783    36887 
   138    242 -1      gi|36     4277     4372 
   139    188  1      gi|31      764      966 
   139    212  1      gi|32    39830    40177 
   139    189  1      gi|31     1749     1951 
   139    190  1      gi|31     3158     3375 
   139    191  1      gi|31     4435     4662 
   139    194  1      gi|31     7764     7969 
   139    195  1      gi|31     8816     9047 
   139    196  1      gi|31     9898    10108 
   139    199  1      gi|31    13544    14198 
   139    316 -1      gi|42     2249     2726 
   140    192  1      gi|31     5529     5815 
   141    193  1      gi|31     6596     6931 
   142    197  1      gi|31    10874    12658 
   142    318 -1      gi|42     3594     5384 
   143    198  1      gi|31    13027    13398 
   143    317 -1      gi|42     2991     3795 
   143    237  1      gi|35    34280    35029 
   144    203  1      gi|31    37260    37913 
   144    452  1      gi|56    28775    29743 
   144    346 -1      gi|46     5722     6508 
   144    422 -1      gi|52    36512    36792 
   145    204  1      gi|31    38289    39391 
   145    453  1      gi|56    30123    31227 
   146    205  1      gi|32     1418     1841 
   146    555  1      gi|65    26588    27008 
   147    207  1      gi|32     4164     4252 
   147    454  1      gi|56    31589    33031 
   147    209  1      gi|32    35752    35890 
   148    208  1      gi|32     8986     9351 
   148    485 -1       gi|6        8      388 
   148    747 -1      gi|55    23605    23680 
   149    211  1      gi|32    38120    38187 
   149    322 -1      gi|42    23342    23407 
   150    213  1      gi|33     6519     7899 
   150    262 -1      gi|37    23758    25140 
   151    215  1      gi|33    12248    12760 
   151    415 -1      gi|52    15112    15535 
   151    496 -1       gi|6    33831    34482 
   151    560 -1      gi|66     8842     9464 
   152    217  1      gi|33    14874    15415 
   152    260 -1      gi|37    20290    20838 
   152    265  1      gi|38     2560     2810 
   153    220  1      gi|33    23102    23824 
   153    489 -1       gi|6     9902    10603 
   154    222  1      gi|33    33822    34198 
   154    512 -1      gi|61     2773     3151 
   155    229  1      gi|34    31948    35656 
   155    476 -1      gi|59      127     3862 
   155    360 -1      gi|47    39771    40008 
   156    230  1      gi|34    37921    39600 
   156    284  1      gi|39    34987    36671 
   157    234  1      gi|35    24911    25540 
   157    577 -1      gi|67    23021    23980 
   157    474 -1      gi|58    28973    29943 
   158    235  1      gi|35    26671    27386 
   158    576 -1      gi|67    21618    22323 
   159    236  1      gi|35    34180    34331 
   159    311  1      gi|41    31122    31277 
   160    238  1      gi|35    34865    35195 
   161    240  1      gi|35    37222    37504 
   161    243  1      gi|36     5673     5955 
   162    241  1      gi|35    37881    39235 
   162    594 -1       gi|7    17068    18400 
   163    247  1      gi|36    16132    16230 
   164    248  1      gi|36    16195    16426 
   165    251  1      gi|37    11792    11923 
   165    619 -1      gi|71    12244    12375 
   166    252  1      gi|37    12135    12730 
   166    618 -1      gi|71    11431    12019 
   167    253  1      gi|37    14776    14919 
   167    558  1      gi|66     4113     4252 
   168    254  1      gi|37    15129    16190 
   168    754  1      gi|58    26102    27183 
   168    255  1      gi|37    16327    17349 
   168    755  1      gi|37    17423    18323 
   169    264  1      gi|38      264      375 
   169    304  1      gi|41    12222    12330 
   170    267  1      gi|38     9823    10326 
   170    475 -1      gi|58    32677    33189 
   171    268  1      gi|38    10939    11236 
   171    571 -1      gi|67     1493     1800 
   172    269  1      gi|38    13077    13188 
   172    584 -1      gi|69    19166    19563 
   172    672  1      gi|74    24839    24923 
   173    273  1      gi|39     7259     8476 
   173    684  1      gi|75    10444    11655 
   173    637  1      gi|72    21924    22860 
   174    275  1      gi|39    13275    14309 
   174    321 -1      gi|42    20942    22982 
   174    276  1      gi|39    14742    16802 
   174    674 -1      gi|74    27183    27291 
   175    277  1      gi|39    20567    20878 
   175    477 -1      gi|59     7752     8972 
   175    306  1      gi|41    18010    19213 
   176    278  1      gi|39    22438    22590 
   176    567 -1      gi|66    34720    35017 
   176    281  1      gi|39    26273    26950 
   176    547  1      gi|64    26490    26815 
   176    509 -1      gi|61       82      256 
   177    282  1      gi|39    29631    30937 
   177    638 -1      gi|72    24853    26170 
   178    283  1      gi|39    33404    34815 
   178    419 -1      gi|52    26772    28232 
   179    287  1       gi|4    10493    11196 
   179    429 -1      gi|53    25240    25940 
   180    290  1       gi|4    21542    21682 
   180    529  1      gi|62    14452    14586 
   181    292  1       gi|4    33219    34214 
   181    574 -1      gi|67    14034    15010 
   182    296  1      gi|40     7324     7524 
   182    631  1      gi|71    38123    38323 
   183    298  1      gi|40    10205    11493 
   183    604 -1      gi|70     1261     2583 
   183    533  1      gi|62    29140    30357 
   184    299  1      gi|40    11704    12515 
   184    603 -1      gi|70      168      977 
   185    301  1      gi|40    14712    14955 
   185    605 -1      gi|70     2531     2774 
   186    305  1      gi|41    12296    12398 
   186    359  1      gi|47    25592    25704 
   187    308  1      gi|41    23566    25758 
   187    516  1      gi|61    19054    21259 
   187    421  1      gi|52    32069    32504 
   188    310  1      gi|41    29675    30496 
   188    418  1      gi|52    25562    26377 
   189    312  1      gi|41    35241    35951 
   189    503 -1      gi|60    12690    13397 
   189    501 -1      gi|60     7101     7790 
   190    313  1      gi|41    36068    36857 
   190    500 -1      gi|60     5929     6725 
   190    320  1      gi|42    14206    14270 
   191    314  1      gi|41    37940    38110 
   191    504  1      gi|60    14228    14398 
   192    315  1      gi|42     1937     2398 
   192    566  1      gi|66    34212    34695 
   192    751  1      gi|32    37199    37563 
   192    753  1      gi|73    19233    19314 
   192    752 -1      gi|42    25091    25365 
   193    328  1      gi|43    17322    17947 
   193    629  1      gi|71    30161    30826 
   194    329  1      gi|43    18350    19587 
   194    401 -1      gi|50    14802    16641 
   194    687 -1      gi|75    18702    20508 
   195    330  1      gi|43    23432    24477 
   195    510  1      gi|61      404     1465 
   196    331  1      gi|43    28182    28795 
   196    435 -1      gi|54    14918    15528 
   197    333  1      gi|43    32305    32629 
   197    587  1      gi|69    27024    27347 
   198    336  1      gi|44    31498    32018 
   198    433  1      gi|54     9139     9659 
   199    337  1      gi|44    38543    38677 
   199    676  1      gi|74    30041    30193 
   200    339  1      gi|45    14603    14782 
   201    340  1      gi|45    19168    19316 
   201    598 -1       gi|7    25940    26085 
   202    341  1      gi|45    22334    25947 
   202    595 -1       gi|7    18682    22299 
   203    342  1      gi|45    31078    31405 
   203    536 -1      gi|63    18729    19096 
   204    344  1      gi|46        2      558 
   204    653  1      gi|73     6557     7113 
   205    345  1      gi|46     1993     2687 
   205    651 -1      gi|73     5435     6126 
   206    348  1      gi|46    29367    29668 
   206    404  1      gi|50    32701    32999 
   207    349  1      gi|46    31963    33079 
   207    428 -1      gi|53    18970    20086 
   208    350  1      gi|46    33190    33540 
   208    666 -1      gi|74      569      911 
   209    352  1      gi|46    36596    37278 
   209    655  1      gi|73    13690    14372 
   210    354  1      gi|47     2811     3711 
   210    691 -1      gi|76     3569     4473 
   211    357  1      gi|47    23217    23928 
   211    414  1      gi|52    12771    13479 
   212    362  1      gi|48     9360     9770 
   212    667 -1      gi|74     3479     3910 
   213    363  1      gi|48    10883    11303 
   213    451  1      gi|56    24913    25319 
   214    367  1      gi|48    24801    29754 
   214    664  1      gi|73    31466    36436 
   215    368  1      gi|48    30265    30388 
   215    665  1      gi|73    36783    36900 
   216    373  1      gi|49    12583    12721 
   216    569  1      gi|66    35285    35421 
   217    374  1      gi|49    14786    14992 
   217    484  1      gi|59    39964    40171 
   218    375  1      gi|49    15039    15340 
   218    498  1      gi|60       43      350 
   219    376  1      gi|49    15471    15577 
   220    379  1      gi|49    21793    21873 
   220    693  1      gi|76    19243    19324 
   221    382  1      gi|49    28031    28158 
   221    551 -1      gi|65     9273     9399 
   222    383  1      gi|49    28358    29036 
   222    583  1      gi|69     8213     8737 
   223    386  1       gi|5     4028     4690 
   223    597  1       gi|7    23004    25353 
   223    544  1      gi|64    16205    18575 
   223    592  1       gi|7     5569     6771 
   224    389  1       gi|5     6395     7410 
   224    513 -1      gi|61     6183     7196 
   225    391  1       gi|5    15893    17638 
   225    480 -1      gi|59    30735    32494 
   226    392  1       gi|5    18445    19058 
   226    427  1      gi|53     7215     7783 
   227    393  1       gi|5    34669    35584 
   227    542  1      gi|64    14855    15769 
   228    394  1       gi|5    35514    36607 
   228    599  1       gi|7    31318    32407 
   229    396  1      gi|50     3166     3289 
   229    445 -1      gi|55    27085    28174 
   229    423 -1      gi|52    38865    39857 
   229    756  1      gi|50     2198     2627 
   230    398  1      gi|50     7099     7247 
   231    399  1      gi|50     9886    11673 
   231    648 -1      gi|72    37507    39296 
   232    400  1      gi|50    11953    12139 
   232    750  1      gi|57    16110    16363 
   232    700 -1       gi|8     6848     7117 
   232    749 -1       gi|8    11986    12231 
   232    436  1      gi|54    19268    19397 
   233    402  1      gi|50    16937    17943 
   233    688  1      gi|75    20833    21843 
   233    493 -1       gi|6    19367    20139 
   234    403  1      gi|50    30294    31058 
   234    708  1       gi|9    23390    24121 
   235    407  1      gi|50    40012    40172 
   235    652  1      gi|73     6388     6549 
   236    413  1      gi|52    11810    12241 
   237    416  1      gi|52    20674    21144 
   237    497  1       gi|6    39532    40020 
   238    417  1      gi|52    21813    22123 
   238    607 -1      gi|70    13184    13494 
   239    424  1      gi|53      232     1296 
   239    550  1      gi|65     7950     9019 
   240    425  1      gi|53     5301     6043 
   240    704  1       gi|8    27215    27964 
   241    431  1      gi|54      102      490 
   241    690  1      gi|75    32133    33267 
   241    556 -1      gi|65    38366    39494 
   241    432  1      gi|54      369      987 
   242    434  1      gi|54    13139    13962 
   243    437  1      gi|54    21860    21996 
   243    446 -1      gi|55    39682    40168 
   243    699 -1       gi|8     2661     3193 
   243    458  1      gi|57    12977    13239 
   244    438  1      gi|54    23273    24128 
   244    679 -1      gi|74    34504    35353 
   245    439  1      gi|54    25634    26520 
   245    678 -1      gi|74    33621    34512 
   246    441  1      gi|54    36389    37061 
   246    654 -1      gi|73    11414    12079 
   247    448  1      gi|56    11523    11754 
   247    698  1       gi|8     2410     2633 
   247    460 -1      gi|57    19738    19882 
   248    449  1      gi|56    16848    17228 
   249    455  1      gi|56    38067    38643 
   249    462 -1      gi|58     6255     6833 
   250    464  1      gi|58    10495    11984 
   251    471  1      gi|58    22098    23045 
   252    478  1      gi|59    28984    29120 
   252    552 -1      gi|65    20960    21096 
   253    481  1      gi|59    33226    34013 
   253    523  1      gi|61    32224    33010 
   254    482  1      gi|59    34268    35234 
   254    524  1      gi|61    33061    33985 
   255    488  1       gi|6     8477     8670 
   255    680  1      gi|74    39880    40051 
   256    491  1       gi|6    12360    12647 
   257    494  1       gi|6    20538    20774 
   257    707  1       gi|9     5931     6170 
   258    506  1      gi|60    30781    30856 
   259    515  1      gi|61    16991    17348 
   259    635  1      gi|72    19588    19945 
   260    519  1      gi|61    26243    26658 
   261    520  1      gi|61    26647    26981 
   261    539 -1      gi|64     3374     3753 
   261    541  1      gi|64     7409     7697 
   262    521  1      gi|61    27799    27908 
   262    658 -1      gi|73    16643    16754 
   263    522  1      gi|61    30525    30846 
   263    601 -1       gi|7    37926    38247 
   264    530  1      gi|62    14828    15382 
   265    531  1      gi|62    19059    19344 
   265    589 -1      gi|69    31191    31614 
   266    538  1      gi|64     2081     2874 
   266    602 -1       gi|7    38208    39054 
   266    545  1      gi|64    18555    19363 
   266    546  1      gi|64    25643    26492 
   266    540 -1      gi|64     4617     4808 
   266    588 -1      gi|69    28693    28772 
   267    543  1      gi|64    15787    16461 
   267    596  1       gi|7    22365    23038 
   268    549  1      gi|65     1593     3148 
   269    553  1      gi|65    22152    23363 
   269    572  1      gi|67     6897     8116 
   270    557  1      gi|66      513      582 
   270    716  1      gi|14    11345    11752 
   270    578  1      gi|67    24103    24309 
   270    585 -1      gi|69    23689    23886 
   270    673  1      gi|74    25212    25365 
   270    721 -1      gi|11     4667     4782 
   270    722 -1      gi|66     8467     8671 
   270    724 -1      gi|69    33664    33721 
   270    725  1      gi|71    32133    32353 
   271    561  1      gi|66    15556    15887 
   271    642  1      gi|72    29939    30051 
   272    564  1      gi|66    20766    21088 
   273    579  1      gi|67    27052    28490 
   274    593  1       gi|7    16225    16990 
   274    757 -1      gi|69    33707    34458 
   274    760  1      gi|62    36279    37105 
   274    761 -1      gi|66    22711    23504 
   275    616  1      gi|71    10530    10610 
   275    662 -1      gi|73    20995    21072 
   276    623  1      gi|71    18060    18504 
   276    685 -1      gi|75    11696    11847 
   277    624  1      gi|71    24125    24264 
   277    697 -1      gi|76    31974    32119 
   278    625  1      gi|71    24375    25490 
   278    696 -1      gi|76    30288    31409 
   279    626  1      gi|71    25488    26083 
   279    695 -1      gi|76    28519    29138 
   280    627  1      gi|71    26154    27532 
   280    694 -1      gi|76    26815    28138 
   281    628  1      gi|71    27634    28066 
   282    632  1      gi|71    38813    39959 
   282    705  1       gi|8    31409    32554 
   283    650  1      gi|73     3416     3525 
   284    701  1       gi|8     7057     8938 
   285    703  1       gi|8    15476    15537 
   285    717 -1      gi|34    20598    20814 
   285    718  1      gi|71    17078    17406 
   285    720  1      gi|11     4449     4663 
   286    723  1      gi|69    33429    33661 
   287    730  1      gi|66    17466    17520 
   287    731 -1      gi|13    22860    22914 
   288    734  1      gi|67    28435    28501 
   288    736  1      gi|34    27825    27884 
   288    738  1      gi|35    35582    35635 
   289    740  1      gi|15    36786    36851 
   289    742  1      gi|57     9660     9711 
   290    745  1      gi|24    15971    16049 
   291    758  1      gi|69    34464    34496 
   291    762  1      gi|66    23507    23558 
   291    759 -1      gi|62    36236    36271 
