1 gi|1 3691 3804
2 gi|1 6441 7058
3 gi|1 8871 9142
4 gi|1 9435 9534
5 gi|1 15087 16396
6 gi|1 18947 20471
7 gi|1 20819 22000
8 gi|1 21795 22511
9 gi|1 22371 23054
10 gi|1 22795 26376
11 gi|1 26350 26562
12 gi|1 26556 28588
13 gi|1 31110 32258
14 gi|1 33826 34555
15 gi|10 2292 3533
16 gi|10 5085 5191
17 gi|10 5699 6036
18 gi|10 10770 11151
19 gi|10 19370 19552
20 gi|10 34185 34883
21 gi|10 35558 36613
22 gi|10 38883 39984
23 gi|11 1 387
24 gi|11 4417 4782
25 gi|11 5546 9271
26 gi|11 10457 11237
27 gi|11 13916 14321
28 gi|11 14909 14990
29 gi|11 17655 18128
30 gi|11 25231 25852
31 gi|11 30403 31671
32 gi|11 31878 32943
33 gi|11 35935 36163
34 gi|12 826 946
35 gi|12 1340 2775
36 gi|12 4989 5241
37 gi|12 5441 6484
38 gi|12 7238 7532
39 gi|12 12970 13106
40 gi|12 13179 13392
41 gi|12 18107 18394
42 gi|12 20045 20140
43 gi|12 39772 40066
44 gi|13 4017 4255
45 gi|13 13188 13411
46 gi|13 14557 14643
47 gi|13 14883 15135
48 gi|13 18244 19922
49 gi|13 22860 23000
50 gi|13 27343 27397
51 gi|13 29810 30993
52 gi|13 32119 32240
53 gi|13 34490 35412
54 gi|14 1710 1781
55 gi|14 2999 4448
56 gi|14 5443 7009
57 gi|14 7500 8238
58 gi|14 11345 11769
59 gi|14 16149 16281
60 gi|14 16662 17705
61 gi|14 23558 24110
62 gi|14 24271 25025
63 gi|14 31521 31768
64 gi|14 39881 40178
65 gi|15 2031 2375
66 gi|15 2385 2477
67 gi|15 9127 10600
68 gi|15 26784 28976
69 gi|15 33881 34198
70 gi|15 34361 35427
71 gi|15 36159 36279
72 gi|15 36786 36955
73 gi|16 10 954
74 gi|16 12852 13919
75 gi|16 13835 15329
76 gi|16 19922 20431
77 gi|16 20215 26962
78 gi|16 26814 27277
79 gi|16 27260 28817
80 gi|16 28796 30142
81 gi|17 6256 7294
82 gi|17 13589 14181
83 gi|17 14515 14717
84 gi|17 23842 24694
85 gi|17 26314 27160
86 gi|17 28643 28872
87 gi|17 30777 31790
88 gi|17 32096 32586
89 gi|17 32587 32908
90 gi|17 36239 36284
91 gi|17 39830 40045
92 gi|18 1376 1840
93 gi|18 2385 2849
94 gi|18 5943 6155
95 gi|18 8666 8735
96 gi|18 19313 19462
97 gi|19 3060 3986
98 gi|19 4356 5889
99 gi|19 18434 18484
100 gi|19 34644 35048
101 gi|19 38118 38179
102 gi|19 39887 40154
103 gi|2 84 1360
104 gi|2 26756 27027
105 gi|2 29910 29985
106 gi|2 30912 31392
107 gi|2 31630 32123
108 gi|2 32138 32683
109 gi|2 34438 34538
110 gi|2 34518 34890
111 gi|2 34949 35553
112 gi|2 35929 36275
113 gi|20 420 791
114 gi|20 22703 23506
115 gi|20 23779 24705
116 gi|20 30184 31615
117 gi|20 34903 35138
118 gi|20 37355 38656
119 gi|22 9178 9445
120 gi|22 27627 28191
121 gi|22 33755 34696
122 gi|23 1805 2257
123 gi|23 5895 6144
124 gi|23 7211 12662
125 gi|23 12662 12858
126 gi|23 25468 25818
127 gi|23 30424 30508
128 gi|23 31727 32057
129 gi|23 32575 32628
130 gi|24 4684 4992
131 gi|24 5457 6175
132 gi|24 15137 15576
133 gi|24 15958 16050
134 gi|24 24359 24556
135 gi|24 27144 27259
136 gi|25 27 378
137 gi|25 2491 3115
138 gi|25 4837 5067
139 gi|25 34759 34972
140 gi|26 205 938
141 gi|26 11902 12009
142 gi|26 12391 13910
143 gi|26 13967 14563
144 gi|26 14896 15381
145 gi|26 20863 22845
146 gi|26 22813 26308
147 gi|26 26393 26586
148 gi|26 26671 26843
149 gi|26 26928 27016
150 gi|26 34374 34451
151 gi|27 250 1734
152 gi|27 3181 3438
153 gi|27 8832 8969
154 gi|27 21438 21578
155 gi|27 22598 22809
156 gi|27 24507 24694
157 gi|27 24904 25202
158 gi|27 35173 36854
159 gi|27 39723 40142
160 gi|28 17341 17537
161 gi|28 17507 17657
162 gi|28 17931 18693
163 gi|28 19301 19671
164 gi|28 19544 19817
165 gi|28 19850 26605
166 gi|28 26853 26955
167 gi|28 27603 27762
168 gi|28 28721 28800
169 gi|28 30778 31031
170 gi|28 31180 32147
171 gi|28 39239 40178
172 gi|29 6520 7131
173 gi|29 7776 9305
174 gi|29 12577 14423
175 gi|29 14527 14663
176 gi|29 16224 16383
177 gi|29 24509 24582
178 gi|29 29872 30461
179 gi|29 30932 31344
180 gi|29 32363 32624
181 gi|3 23346 23940
182 gi|3 27078 27269
183 gi|3 29975 30258
184 gi|3 30773 31073
185 gi|3 39488 39738
186 gi|30 5590 7267
187 gi|30 36783 36887
188 gi|31 764 966
189 gi|31 1749 1951
190 gi|31 3158 3375
191 gi|31 4435 4662
192 gi|31 5529 5815
193 gi|31 6596 6931
194 gi|31 7764 7969
195 gi|31 8816 9047
196 gi|31 9898 10108
197 gi|31 10874 12658
198 gi|31 13027 13398
199 gi|31 13544 14198
200 gi|31 17056 17897
201 gi|31 17858 19403
202 gi|31 18766 20623
203 gi|31 37260 37913
204 gi|31 38289 39391
205 gi|32 1418 1841
206 gi|32 2558 2714
207 gi|32 4164 4252
208 gi|32 8986 9351
209 gi|32 35752 35890
210 gi|32 37199 37578
211 gi|32 38120 38187
212 gi|32 39830 40178
213 gi|33 6519 7899
214 gi|33 9512 10941
215 gi|33 12248 12760
216 gi|33 14400 14502
217 gi|33 14874 15415
218 gi|33 16269 17092
219 gi|33 19871 20278
220 gi|33 23102 23824
221 gi|33 32288 32736
222 gi|33 33822 34198
223 gi|33 37548 37826
224 gi|34 12792 12868
225 gi|34 20549 20601
226 gi|34 20579 20838
227 gi|34 21503 21867
228 gi|34 27822 28029
229 gi|34 31948 35656
230 gi|34 37921 39600
231 gi|35 4976 8706
232 gi|35 12493 12730
233 gi|35 24141 24297
234 gi|35 24910 25540
235 gi|35 26671 27386
236 gi|35 34180 34331
237 gi|35 34280 35029
238 gi|35 34865 35195
239 gi|35 35582 35832
240 gi|35 37222 37504
241 gi|35 37881 39235
242 gi|36 4277 4372
243 gi|36 5673 5955
244 gi|36 9264 10784
245 gi|36 15751 15964
246 gi|36 16037 16128
247 gi|36 16132 16230
248 gi|36 16195 16426
249 gi|36 23326 23893
250 gi|36 37713 38415
251 gi|37 11792 11923
252 gi|37 12135 12730
253 gi|37 14776 14919
254 gi|37 15129 16190
255 gi|37 16327 17353
256 gi|37 17423 18345
257 gi|37 18609 19296
258 gi|37 19159 19717
259 gi|37 19723 20299
260 gi|37 20290 20838
261 gi|37 21134 22506
262 gi|37 23758 25140
263 gi|37 29048 29383
264 gi|38 264 375
265 gi|38 2560 2810
266 gi|38 2913 4248
267 gi|38 9823 10326
268 gi|38 10939 11236
269 gi|38 13077 13188
270 gi|38 37077 38755
271 gi|39 3292 4611
272 gi|39 4697 6079
273 gi|39 7259 8476
274 gi|39 11008 11149
275 gi|39 13275 14309
276 gi|39 14742 16802
277 gi|39 20567 20878
278 gi|39 22438 22591
279 gi|39 22651 23246
280 gi|39 24435 25137
281 gi|39 26273 26952
282 gi|39 29631 30937
283 gi|39 33404 34815
284 gi|39 34987 36671
285 gi|39 37105 37295
286 gi|4 7632 9094
287 gi|4 10493 11196
288 gi|4 12305 12854
289 gi|4 18438 18534
290 gi|4 21542 21682
291 gi|4 29166 29234
292 gi|4 33219 34214
293 gi|40 1977 2454
294 gi|40 2793 3393
295 gi|40 4269 4476
296 gi|40 7324 7524
297 gi|40 9487 9696
298 gi|40 10205 11493
299 gi|40 11704 12515
300 gi|40 12665 13087
301 gi|40 14712 14955
302 gi|40 18121 18423
303 gi|40 20887 22709
304 gi|41 12222 12330
305 gi|41 12296 12398
306 gi|41 18010 19213
307 gi|41 20257 20832
308 gi|41 23566 25758
309 gi|41 28925 29368
310 gi|41 29675 30496
311 gi|41 31122 31277
312 gi|41 35241 35952
313 gi|41 36068 36857
314 gi|41 37940 38110
315 gi|42 1937 2402
316 gi|42 2249 2726
317 gi|42 2991 3795
318 gi|42 3594 5384
319 gi|42 12155 12333
320 gi|42 14206 14270
321 gi|42 20942 22982
322 gi|42 23342 23407
323 gi|42 25077 25365
324 gi|42 26183 26979
325 gi|42 34379 34557
326 gi|43 2624 2848
327 gi|43 13609 14075
328 gi|43 17322 17947
329 gi|43 18350 19587
330 gi|43 23432 24477
331 gi|43 28182 28795
332 gi|43 30004 31684
333 gi|43 32305 32629
334 gi|43 35528 36349
335 gi|44 5 1095
336 gi|44 31498 32018
337 gi|44 38543 38677
338 gi|44 38762 38862
339 gi|45 14603 14783
340 gi|45 19168 19316
341 gi|45 22334 25947
342 gi|45 31078 31405
343 gi|45 33782 34930
344 gi|46 2 558
345 gi|46 1993 2687
346 gi|46 5722 6508
347 gi|46 16247 18451
348 gi|46 29367 29668
349 gi|46 31963 33079
350 gi|46 33190 33540
351 gi|46 34375 35736
352 gi|46 36596 37278
353 gi|46 38944 39333
354 gi|47 2811 3711
355 gi|47 6217 6491
356 gi|47 13540 13626
357 gi|47 23217 23928
358 gi|47 24987 25036
359 gi|47 25592 25704
360 gi|47 39771 40008
361 gi|48 5554 6618
362 gi|48 9360 9770
363 gi|48 10883 11303
364 gi|48 11366 12397
365 gi|48 13946 14064
366 gi|48 14030 14161
367 gi|48 24801 29754
368 gi|48 30265 30388
369 gi|48 33213 33290
370 gi|48 37602 37881
371 gi|49 6187 7700
372 gi|49 8590 9259
373 gi|49 12583 12721
374 gi|49 14786 14992
375 gi|49 15039 15340
376 gi|49 15471 15577
377 gi|49 15608 16420
378 gi|49 18860 18949
379 gi|49 21793 21873
380 gi|49 24536 24646
381 gi|49 27572 27839
382 gi|49 28031 28158
383 gi|49 28358 29036
384 gi|49 29343 29434
385 gi|5 211 1573
386 gi|5 4028 4690
387 gi|5 4965 5311
388 gi|5 5949 6122
389 gi|5 6395 7410
390 gi|5 14507 15712
391 gi|5 15893 17638
392 gi|5 18445 19058
393 gi|5 34669 35584
394 gi|5 35514 36607
395 gi|50 2198 2656
396 gi|50 3166 3289
397 gi|50 3318 4720
398 gi|50 7099 7247
399 gi|50 9886 11673
400 gi|50 11953 12139
401 gi|50 14802 16641
402 gi|50 16937 17943
403 gi|50 30294 31058
404 gi|50 32701 32999
405 gi|50 37305 37926
406 gi|50 38793 38961
407 gi|50 40012 40172
408 gi|51 2971 3255
409 gi|51 10884 11503
410 gi|51 20981 21111
411 gi|52 6777 7890
412 gi|52 11695 11889
413 gi|52 11810 12241
414 gi|52 12771 13479
415 gi|52 15105 15540
416 gi|52 20674 21144
417 gi|52 21813 22123
418 gi|52 25562 26377
419 gi|52 26772 28232
420 gi|52 31900 31981
421 gi|52 32069 32505
422 gi|52 36512 36792
423 gi|52 38865 39857
424 gi|53 232 1296
425 gi|53 5301 6043
426 gi|53 6681 6874
427 gi|53 7215 7783
428 gi|53 18970 20086
429 gi|53 25240 25940
430 gi|53 29010 30007
431 gi|54 102 490
432 gi|54 369 987
433 gi|54 9139 9659
434 gi|54 13139 13962
435 gi|54 14918 15528
436 gi|54 19268 19397
437 gi|54 21860 21996
438 gi|54 23273 24128
439 gi|54 25634 26520
440 gi|54 34519 35708
441 gi|54 36389 37061
442 gi|55 23278 23680
443 gi|55 25501 25906
444 gi|55 26890 27037
445 gi|55 27085 28174
446 gi|55 39682 40174
447 gi|56 5302 5438
448 gi|56 11523 11754
449 gi|56 16848 17228
450 gi|56 17268 17544
451 gi|56 24913 25319
452 gi|56 28775 29743
453 gi|56 30123 31227
454 gi|56 31589 33031
455 gi|56 38067 38643
456 gi|57 4 1547
457 gi|57 9660 9815
458 gi|57 12977 13239
459 gi|57 16110 16378
460 gi|57 19738 19882
461 gi|57 36787 36924
462 gi|58 6255 6833
463 gi|58 8531 9803
464 gi|58 10495 11984
465 gi|58 12180 12662
466 gi|58 17559 18073
467 gi|58 18250 18320
468 gi|58 18883 18961
469 gi|58 19153 19315
470 gi|58 21914 22186
471 gi|58 22098 23045
472 gi|58 22881 24385
473 gi|58 26102 27207
474 gi|58 28973 29943
475 gi|58 32677 33189
476 gi|59 127 3862
477 gi|59 7752 8972
478 gi|59 28984 29120
479 gi|59 30270 30377
480 gi|59 30735 32494
481 gi|59 33226 34013
482 gi|59 34268 35234
483 gi|59 36867 37286
484 gi|59 39964 40171
485 gi|6 8 391
486 gi|6 4288 5167
487 gi|6 8330 8549
488 gi|6 8477 8670
489 gi|6 9902 10603
490 gi|6 11880 12481
491 gi|6 12360 12647
492 gi|6 15764 16045
493 gi|6 19367 20139
494 gi|6 20538 20774
495 gi|6 27825 29119
496 gi|6 33831 34482
497 gi|6 39532 40020
498 gi|60 43 350
499 gi|60 4593 4674
500 gi|60 5929 6725
501 gi|60 7101 7791
502 gi|60 11629 12395
503 gi|60 12690 13397
504 gi|60 14228 14398
505 gi|60 26176 26350
506 gi|60 30780 30857
507 gi|60 30970 31375
508 gi|60 32515 33297
509 gi|61 78 256
510 gi|61 404 1465
511 gi|61 1455 1630
512 gi|61 2773 3151
513 gi|61 6183 7196
514 gi|61 13917 14866
515 gi|61 16991 17348
516 gi|61 19051 21259
517 gi|61 21833 22083
518 gi|61 25424 25688
519 gi|61 26243 26658
520 gi|61 26643 26981
521 gi|61 27799 27908
522 gi|61 30525 30846
523 gi|61 32224 33010
524 gi|61 33061 33985
525 gi|62 1610 2378
526 gi|62 5973 6023
527 gi|62 8055 8291
528 gi|62 8816 9124
529 gi|62 14452 14586
530 gi|62 14828 15382
531 gi|62 19054 19344
532 gi|62 23378 24482
533 gi|62 29140 30357
534 gi|62 35154 35499
535 gi|62 36236 37105
536 gi|63 18729 19096
537 gi|63 24512 24714
538 gi|64 2081 2874
539 gi|64 3374 3753
540 gi|64 4617 4808
541 gi|64 7409 7697
542 gi|64 14855 15769
543 gi|64 15787 16461
544 gi|64 16205 18575
545 gi|64 18555 19363
546 gi|64 25643 26492
547 gi|64 26490 26815
548 gi|65 114 268
549 gi|65 1593 3148
550 gi|65 7950 9019
551 gi|65 9273 9399
552 gi|65 20960 21096
553 gi|65 22152 23373
554 gi|65 25052 25379
555 gi|65 26588 27008
556 gi|65 38366 39494
557 gi|66 513 582
558 gi|66 4113 4252
559 gi|66 8467 8689
560 gi|66 8842 9464
561 gi|66 15556 15887
562 gi|66 15817 17520
563 gi|66 17401 18347
564 gi|66 20766 21088
565 gi|66 22711 23558
566 gi|66 34212 34707
567 gi|66 34720 35017
568 gi|66 35078 35296
569 gi|66 35285 35421
570 gi|66 37499 39143
571 gi|67 1493 1800
572 gi|67 6897 8116
573 gi|67 10672 10746
574 gi|67 14034 15010
575 gi|67 18692 18993
576 gi|67 21618 22323
577 gi|67 23021 23980
578 gi|67 24102 24309
579 gi|67 27052 28490
580 gi|67 28433 30582
581 gi|68 7734 9266
582 gi|68 10916 12354
583 gi|69 8213 8737
584 gi|69 19166 19563
585 gi|69 23688 23895
586 gi|69 24660 26423
587 gi|69 27024 27347
588 gi|69 28693 28772
589 gi|69 31191 31614
590 gi|69 33429 33721
591 gi|69 33707 34496
592 gi|7 5569 6771
593 gi|7 16222 16994
594 gi|7 17068 18400
595 gi|7 18682 22299
596 gi|7 22365 23038
597 gi|7 23004 25353
598 gi|7 25940 26085
599 gi|7 31318 32407
600 gi|7 36632 36853
601 gi|7 37926 38247
602 gi|7 38208 39058
603 gi|70 168 977
604 gi|70 1261 2583
605 gi|70 2531 2774
606 gi|70 5162 5887
607 gi|70 13184 13494
608 gi|70 14304 14724
609 gi|70 19006 19189
610 gi|70 19457 20860
611 gi|70 33483 34567
612 gi|70 34692 35022
613 gi|71 2430 3050
614 gi|71 6587 6727
615 gi|71 9946 10071
616 gi|71 10530 10610
617 gi|71 10816 11022
618 gi|71 11431 12019
619 gi|71 12244 12375
620 gi|71 13382 14149
621 gi|71 14361 15869
622 gi|71 17078 17425
623 gi|71 18060 18504
624 gi|71 24125 24264
625 gi|71 24375 25490
626 gi|71 25488 26083
627 gi|71 26154 27532
628 gi|71 27634 28066
629 gi|71 30161 30826
630 gi|71 32119 32445
631 gi|71 38123 38323
632 gi|71 38813 39959
633 gi|72 3878 3974
634 gi|72 12528 12632
635 gi|72 19588 19945
636 gi|72 21056 21212
637 gi|72 21924 22860
638 gi|72 24853 26170
639 gi|72 29667 29809
640 gi|72 29801 29869
641 gi|72 29883 29962
642 gi|72 29939 30052
643 gi|72 30042 30476
644 gi|72 30459 30569
645 gi|72 30712 31800
646 gi|72 32724 32861
647 gi|72 35700 37138
648 gi|72 37507 39296
649 gi|73 103 200
650 gi|73 3413 3527
651 gi|73 5435 6126
652 gi|73 6388 6549
653 gi|73 6557 7113
654 gi|73 11414 12079
655 gi|73 13690 14372
656 gi|73 15762 16117
657 gi|73 16047 16634
658 gi|73 16643 16754
659 gi|73 19233 19328
660 gi|73 19315 19381
661 gi|73 20622 20805
662 gi|73 20995 21072
663 gi|73 31375 31538
664 gi|73 31466 36436
665 gi|73 36783 36900
666 gi|74 569 911
667 gi|74 3479 3910
668 gi|74 5954 6071
669 gi|74 23773 23885
670 gi|74 24134 24616
671 gi|74 24633 24857
672 gi|74 24839 24924
673 gi|74 25205 25369
674 gi|74 27183 27291
675 gi|74 27952 29622
676 gi|74 30041 30193
677 gi|74 30202 30628
678 gi|74 33621 34512
679 gi|74 34504 35353
680 gi|74 39880 40051
681 gi|75 1260 2816
682 gi|75 2826 3361
683 gi|75 3117 8903
684 gi|75 10444 11655
685 gi|75 11696 11847
686 gi|75 11836 11887
687 gi|75 18702 20508
688 gi|75 20833 21843
689 gi|75 28245 30318
690 gi|75 32133 33267
691 gi|76 3569 4473
692 gi|76 15397 15458
693 gi|76 19243 19324
694 gi|76 26815 28138
695 gi|76 28519 29138
696 gi|76 30288 31409
697 gi|76 31974 32119
698 gi|8 2410 2633
699 gi|8 2661 3193
700 gi|8 6847 7117
701 gi|8 7057 8938
702 gi|8 11968 12231
703 gi|8 15475 15548
704 gi|8 27215 27964
705 gi|8 31409 32554
706 gi|9 3278 4840
707 gi|9 5931 6170
708 gi|9 23390 24121
709 gi|9 32160 32249
