frag gi|2 15471 15577
img_no 6
edge_no 5
msp 270 s 289 89.9 1 101 gi|2 15471 15559 635 gi|71 26680 26763
msp 272 s 282 82.9 -1 101 gi|2 15502 15577 635 gi|71 26705 26779
msp 274 s 276 92.7 -1 101 gi|2 15514 15554 478 gi|54 26564 26603
msp 276 s 259 92.1 1 101 gi|2 15517 15554 118 gi|20 34941 34977
msp 278 s 262 88.3 -1 101 gi|2 15518 15577 632 gi|71 22504 22561
msp 280 s 250 97.4 -1 101 gi|2 15522 15560 249 gi|33 133 170
edge 376 s 0 0 635 101
edge 578 s 0 0 101 118
edge 579 s 0 0 101 249
edge 580 s 0 0 101 478
edge 581 s 0 0 101 632
