frag gi|2 28358 29036
img_no 7
edge_no 7
msp 306 s 275 68.6 1 108 gi|2 28358 28647 389 gi|45 15132 15422
msp 308 s 413 74.7 -1 108 gi|2 28399 28694 698 gi|76 13737 14041
msp 310 s 330 75.7 1 108 gi|2 28402 28627 634 gi|71 24502 24721
msp 312 s 254 76.4 1 108 gi|2 28414 28705 278 gi|35 1760 2038
msp 314 s 318 75.5 -1 108 gi|2 28444 28635 130 gi|22 6412 6603
msp 316 s 342 71.3 1 108 gi|2 28526 28675 625 gi|71 4937 5086
msp 318 p 264 73.5 1 108 gi|2 28527 29036 61 gi|15 8213 8737
edge 101 s 0 0 130 108
edge 127 s 0 0 389 108
edge 166 s 0 0 625 108
edge 177 s 0 0 634 108
edge 192 p 1 73 108 61
edge 193 s 0 0 108 278
edge 194 s 0 0 108 698
