frag gi|22 12690 13397
img_no 6
flimg_no 1
edge_no 6
msp 855 s 258 72.0 1 23 gi|10 37344 37728 133 gi|22 12763 13161
msp 1584 p 376 74.2 -1 133 gi|22 12690 13397 487 gi|55 35241 35951
msp 1586 s 260 72.5 -1 133 gi|22 12734 13250 593 gi|68 23607 24110
msp 1588 s 336 76.8 -1 133 gi|22 12740 13161 389 gi|45 15306 15715
msp 1590 s 323 76.5 -1 133 gi|22 12986 13249 594 gi|68 24397 24666
msp 1592 s 380 79.5 1 133 gi|22 13041 13245 430 gi|49 30438 30646
edge 84 s 0 0 23 133
edge 111 s 0 0 133 389
edge 112 s 0 0 133 430
edge 113 p -1 74 133 487
edge 114 s 0 0 133 593
edge 115 s 0 0 133 594
