frag gi|24 38948 39953
img_no 7
edge_no 4
msp 823 s 818 74.7 1 20 gi|10 16990 17853 157 gi|24 38954 39820
msp 831 s 1037 71.1 1 21 gi|10 18048 18705 157 gi|24 39181 39837
msp 835 s 1875 76.2 1 21 gi|10 18720 19666 157 gi|24 39019 39952
msp 841 s 532 76.7 1 21 gi|10 19626 20576 157 gi|24 38948 39861
msp 1636 s 1402 76.1 -1 157 gi|24 38982 39680 398 gi|46 4 716
msp 1638 s 1949 75.0 -1 157 gi|24 39043 39866 398 gi|46 700 1541
msp 1640 p 501 75.5 -1 157 gi|24 39685 39953 596 gi|68 39914 40177
edge 71 s 0 0 20 157
edge 73 s 0 0 157 21
edge 74 s 0 0 157 398
edge 75 P -1 75 157 596
