frag gi|26 5722 6508
img_no 11
flimg_no 1
edge_no 11
msp 853 s 357 73.7 -1 23 gi|10 37332 37806 167 gi|26 5784 6284
msp 1498 p 271 77.3 -1 167 gi|26 5722 6508 657 gi|73 28883 29655
msp 1500 s 301 79.0 1 167 gi|26 5782 5991 600 gi|69 13252 13449
msp 1502 s 360 76.2 -1 167 gi|26 5784 6417 698 gi|76 13390 13984
msp 1504 s 266 75.1 1 167 gi|26 5795 6353 278 gi|35 1797 2347
msp 1506 s 363 79.0 1 167 gi|26 5806 5962 589 gi|68 7659 7815
msp 1508 s 383 75.6 1 167 gi|26 5832 6425 625 gi|71 4901 5474
msp 1510 s 354 81.7 1 167 gi|26 5837 5994 459 gi|52 36015 36163
msp 1512 s 253 74.1 1 167 gi|26 5880 5964 441 gi|50 27738 27823
msp 1514 s 283 78.6 1 167 gi|26 6190 6343 397 gi|45 34354 34504
msp 1571 s 320 79.8 -1 131 gi|22 7448 7566 167 gi|26 5877 5989
edge 85 s 0 0 23 167
edge 116 s 0 0 167 131
edge 117 s 0 0 167 278
edge 118 s 0 0 167 397
edge 119 s 0 0 167 441
edge 120 s 0 0 167 459
edge 121 s 0 0 167 589
edge 122 s 0 0 167 600
edge 123 s 0 0 167 625
edge 124 p -1 77 167 657
edge 125 s 0 0 167 698
