frag gi|10 17858 20623
img_no 8
edge_no 3
msp 828 p 2135 74.4 -1 21 gi|10 17858 19403 398 gi|46 4 1543
msp 830 s 1037 71.1 1 21 gi|10 18048 18705 157 gi|24 39181 39837
msp 832 s 688 70.0 -1 21 gi|10 18057 18539 398 gi|46 13 494
msp 834 s 1875 76.2 1 21 gi|10 18720 19666 157 gi|24 39019 39952
msp 836 s 2303 76.3 -1 21 gi|10 18766 20389 398 gi|46 4 1510
msp 838 s 722 80.5 -1 21 gi|10 19407 19616 596 gi|68 39966 40178
msp 840 s 532 76.7 1 21 gi|10 19626 20576 157 gi|24 38948 39861
msp 842 s 543 76.1 -1 21 gi|10 19746 20623 398 gi|46 662 1507
edge 73 s 0 0 157 21
edge 76 P -1 74 398 21
edge 78 s 0 0 21 596
