frag gi|32 39830 40177
img_no 10
flimg_no 1
edge_no 10
msp 793 p 390 75.4 1 8 gi|10 764 966 248 gi|32 39977 40178
msp 795 p 445 81.8 1 9 gi|10 1749 1951 248 gi|32 39977 40177
msp 797 p 556 79.8 1 10 gi|10 3158 3375 248 gi|32 39961 40178
msp 799 p 501 79.0 1 11 gi|10 4435 4662 248 gi|32 39948 40175
msp 801 p 649 85.4 1 12 gi|10 5529 5815 248 gi|32 39916 40178
msp 803 p 600 85.4 1 13 gi|10 6596 6931 248 gi|32 39866 40178
msp 805 p 501 85.4 1 14 gi|10 7764 7969 248 gi|32 39980 40178
msp 807 p 610 81.9 1 15 gi|10 8816 9047 248 gi|32 39951 40178
msp 809 p 441 82.9 1 16 gi|10 9898 10108 248 gi|32 39966 40175
msp 821 p 824 80.2 1 19 gi|10 13846 14198 248 gi|32 39830 40175
edge 55 P 1 75 8 248
edge 56 P 1 81 248 9
edge 57 P 1 79 248 10
edge 58 P 1 79 248 11
edge 59 S 1 85 248 12
edge 60 S 1 85 248 13
edge 61 P 1 85 248 14
edge 62 P 1 81 248 15
edge 63 P 1 82 248 16
edge 64 P 1 80 248 19
