frag gi|33 1455 1630
img_no 8
edge_no 8
msp 1059 s 317 92.3 -1 30 gi|11 16317 16368 251 gi|33 1490 1543
msp 1267 p 278 82.5 -1 56 gi|14 12970 13095 251 gi|33 1489 1630
msp 2012 s 337 83.5 1 251 gi|33 1455 1557 405 gi|47 26891 26995
msp 2014 s 289 82.3 1 251 gi|33 1489 1573 674 gi|75 3430 3517
msp 2016 s 359 85.1 -1 251 gi|33 1490 1563 757 gi|73 17310 17382
msp 2018 s 259 80.7 1 251 gi|33 1490 1572 756 gi|71 37139 37219
msp 2020 s 357 84.2 1 251 gi|33 1490 1556 754 gi|61 14058 14125
msp 2022 s 267 82.0 1 251 gi|33 1497 1556 759 gi|42 15990 16049
edge 667 s 0 0 30 251
edge 673 p -1 82 56 251
edge 680 s 0 0 251 405
edge 684 s 0 0 251 674
edge 703 s 0 0 754 251
edge 711 s 0 0 756 251
edge 719 s 0 0 757 251
edge 725 s 0 0 759 251
