frag gi|33 19054 21259
img_no 6
flimg_no 1
edge_no 6
msp 1293 s 1556 74.1 1 91 gi|19 4594 5889 257 gi|33 19842 21147
msp 1315 s 374 69.7 -1 93 gi|19 34646 34830 257 gi|33 19250 19431
msp 2080 s 487 75.0 1 257 gi|33 19051 19458 354 gi|40 1376 1796
msp 2082 p 4992 76.8 1 257 gi|33 19054 21259 483 gi|55 23566 25758
msp 2084 p 321 81.8 1 257 gi|33 19806 20207 341 gi|39 32069 32478
msp 2086 s 345 73.9 1 257 gi|33 19843 20256 723 gi|79 23884 24297
edge 929 s 0 0 91 257
edge 933 s 0 0 257 93
edge 934 P 1 81 257 341
edge 935 s 0 0 257 354
edge 936 p 1 76 257 483
edge 937 s 0 0 257 723
