frag gi|33 26243 26658
img_no 6
edge_no 6
msp 963 s 287 75.9 -1 41 gi|12 14633 15001 260 gi|33 26282 26658
msp 1915 s 265 76.0 1 233 gi|31 2057 2302 260 gi|33 26281 26508
msp 2088 s 255 77.4 1 260 gi|33 26243 26503 332 gi|39 11878 12128
msp 2090 s 265 78.7 1 260 gi|33 26269 26503 753 gi|53 12343 12571
msp 2092 s 268 75.0 1 260 gi|33 26282 26521 330 gi|39 7502 7735
msp 2094 s 363 73.4 1 260 gi|33 26282 26503 443 gi|51 633 854
edge 5 s 0 0 233 260
edge 11 s 0 0 330 260
edge 17 s 0 0 332 260
edge 26 s 0 0 41 260
edge 31 s 0 0 260 443
edge 37 s 0 0 753 260
