frag gi|35 9173 9465
img_no 41
edge_no 25
msp 209 s 531 84.0 1 612 gi|7 33062 33155 285 gi|35 9189 9280
msp 229 s 304 71.8 1 612 gi|7 33162 33239 285 gi|35 9363 9442
msp 591 s 286 78.6 1 520 gi|6 15475 15530 285 gi|35 9378 9433
msp 643 s 605 76.4 -1 743 gi|9 10392 10624 285 gi|35 9210 9442
msp 705 s 528 81.1 -1 743 gi|9 10616 10747 285 gi|35 9200 9333
msp 757 s 272 84.8 1 746 gi|9 30177 30235 285 gi|35 9173 9227
msp 931 s 843 85.3 1 39 gi|12 5742 5925 285 gi|35 9286 9457
msp 985 s 386 80.4 -1 44 gi|12 21749 21850 285 gi|35 9366 9465
msp 1121 s 309 83.3 1 32 gi|11 28217 28270 285 gi|35 9393 9448
msp 1235 s 590 79.8 1 69 gi|15 33508 33665 285 gi|35 9286 9442
msp 1237 s 280 88.9 1 69 gi|15 33525 33569 285 gi|35 9189 9235
msp 1307 p 261 84.0 1 92 gi|19 18435 18484 285 gi|35 9229 9278
msp 1808 s 392 81.5 1 285 gi|35 9184 9442 642 gi|72 8643 8911
msp 1810 s 296 90.7 1 285 gi|35 9189 9231 358 gi|40 9084 9128
msp 1812 s 296 90.7 1 285 gi|35 9189 9231 656 gi|73 27534 27578
msp 1814 s 256 86.8 -1 285 gi|35 9189 9226 308 gi|36 30338 30375
msp 1816 s 280 88.4 1 285 gi|35 9189 9231 648 gi|72 34967 35011
msp 1818 s 296 90.7 -1 285 gi|35 9189 9231 590 gi|68 11529 11573
msp 1820 p 1034 79.4 -1 285 gi|35 9199 9465 308 gi|36 30210 30477
msp 1822 s 759 81.2 1 285 gi|35 9200 9449 656 gi|73 27431 27681
msp 1824 s 1060 80.7 1 285 gi|35 9210 9442 358 gi|40 8989 9224
msp 1826 s 424 80.3 1 285 gi|35 9210 9280 656 gi|73 27769 27839
msp 1828 s 677 79.7 1 285 gi|35 9229 9435 648 gi|72 34893 35100
msp 1830 p 256 84.0 1 285 gi|35 9229 9278 549 gi|63 29889 29938
msp 1832 s 443 81.8 1 285 gi|35 9261 9419 642 gi|72 8669 8826
msp 1834 s 319 76.5 1 285 gi|35 9268 9429 656 gi|73 27771 27927
msp 1836 s 333 89.6 1 285 gi|35 9286 9333 358 gi|40 8950 8997
msp 1838 s 333 89.6 1 285 gi|35 9286 9333 656 gi|73 27459 27506
msp 1840 s 317 87.5 1 285 gi|35 9286 9333 648 gi|72 34891 34938
msp 1842 s 664 81.5 -1 285 gi|35 9286 9442 590 gi|68 11433 11590
msp 1844 s 308 87.5 1 285 gi|35 9286 9333 635 gi|71 26442 26489
msp 1846 s 509 76.7 1 285 gi|35 9342 9457 643 gi|72 9048 9163
msp 1848 s 371 84.2 1 285 gi|35 9342 9417 673 gi|75 106 177
msp 1850 s 303 80.3 -1 285 gi|35 9343 9408 763 gi|36 24860 24924
msp 1852 s 366 78.7 -1 285 gi|35 9379 9453 623 gi|70 40105 40178
msp 1854 s 308 83.3 -1 285 gi|35 9385 9438 317 gi|37 11578 11631
msp 1856 p 254 81.0 1 285 gi|35 9400 9441 678 gi|75 10272 10313
msp 1937 s 353 82.9 1 237 gi|31 33990 34141 285 gi|35 9200 9351
msp 1947 s 350 85.5 1 237 gi|31 34018 34079 285 gi|35 9286 9346
msp 2051 s 319 79.3 1 254 gi|33 11619 11710 285 gi|35 9194 9280
msp 2071 s 416 82.6 1 254 gi|33 11713 11798 285 gi|35 9354 9436
edge 298 s 0 0 254 285
edge 333 s 0 0 590 285
edge 359 s 0 0 612 285
edge 380 s 0 0 635 285
edge 398 s 0 0 642 285
edge 414 s 0 0 32 285
edge 429 s 0 0 39 285
edge 449 s 0 0 44 285
edge 474 s 0 0 69 285
edge 488 S 1 84 92 285
edge 500 s 0 0 285 237
edge 502 P -1 78 285 308
edge 503 s 0 0 285 317
edge 504 s 0 0 285 358
edge 505 s 0 0 285 520
edge 506 S 1 84 285 549
edge 507 s 0 0 285 623
edge 508 s 0 0 285 643
edge 509 s 0 0 285 648
edge 510 s 0 0 285 656
edge 511 s 0 0 285 673
edge 512 S 1 81 285 678
edge 513 s 0 0 285 743
edge 514 s 0 0 285 746
edge 771 s 0 0 763 285
