frag gi|35 33328 33470
img_no 7
edge_no 7
msp 155 p 355 77.2 1 612 gi|7 32830 32965 296 gi|35 33328 33457
msp 1071 s 328 73.0 1 32 gi|11 28001 28089 296 gi|35 33369 33457
msp 1181 s 283 78.2 1 64 gi|15 23742 23819 296 gi|35 33380 33457
msp 1898 p 400 81.5 -1 296 gi|35 33341 33470 304 gi|36 25270 25400
msp 1900 s 493 86.2 -1 296 gi|35 33342 33457 590 gi|68 11667 11774
msp 1902 s 300 81.8 -1 296 gi|35 33381 33457 317 gi|37 11709 11785
msp 2029 s 559 84.8 1 254 gi|33 11476 11580 296 gi|35 33357 33457
edge 299 s 0 0 254 296
edge 319 P -1 80 304 296
edge 334 s 0 0 590 296
edge 360 S 1 77 612 296
edge 415 s 0 0 32 296
edge 470 s 0 0 64 296
edge 515 s 0 0 296 317
