frag gi|36 25205 25478
img_no 11
edge_no 11
msp 171 s 670 89.8 -1 612 gi|7 32879 32996 304 gi|36 25252 25368
msp 1023 s 376 89.1 -1 26 gi|11 7327 7381 304 gi|36 25315 25369
msp 1063 s 468 84.2 -1 32 gi|11 27864 28123 304 gi|36 25248 25478
msp 1177 s 655 81.7 -1 64 gi|15 23736 23888 304 gi|36 25214 25366
msp 1899 p 400 81.5 -1 296 gi|35 33341 33470 304 gi|36 25270 25400
msp 2027 s 1128 90.4 -1 254 gi|33 11472 11658 304 gi|36 25205 25390
msp 2154 s 1106 92.1 1 304 gi|36 25205 25368 590 gi|68 11589 11753
msp 2156 s 630 92.0 -1 304 gi|36 25217 25316 656 gi|73 27676 27775
msp 2158 s 900 88.2 1 304 gi|36 25217 25369 317 gi|37 11643 11797
msp 2160 s 385 80.8 -1 304 gi|36 25291 25394 642 gi|72 8575 8684
msp 2162 s 363 92.0 -1 304 gi|36 25316 25365 635 gi|71 26343 26392
edge 284 s 0 0 26 304
edge 301 s 0 0 254 304
edge 317 s 0 0 304 32
edge 318 s 0 0 304 64
edge 319 P -1 80 304 296
edge 320 s 0 0 304 317
edge 321 s 0 0 304 590
edge 322 s 0 0 304 612
edge 323 s 0 0 304 635
edge 324 s 0 0 304 642
edge 325 s 0 0 304 656
