frag gi|36 27952 29622
img_no 11
edge_no 11
msp 53 s 12073 99.7 -1 735 gi|8 18431 19783 306 gi|36 28005 29356
msp 253 s 12038 99.5 1 96 gi|2 6285 7653 306 gi|36 28011 29365
msp 571 s 11910 96.5 1 518 gi|6 7164 8779 306 gi|36 28009 29622
msp 1027 p 11952 98.2 -1 27 gi|11 7776 9298 306 gi|36 28010 29549
msp 1429 s 11951 98.1 -1 121 gi|20 37520 38986 306 gi|36 28008 29480
msp 1707 s 12043 99.4 1 190 gi|28 5731 7091 306 gi|36 28010 29369
msp 2166 s 11996 98.7 1 306 gi|36 27952 29380 615 gi|70 1593 3036
msp 2168 s 12065 99.5 -1 306 gi|36 28005 29379 514 gi|59 10929 12320
msp 2170 s 12019 99.4 1 306 gi|36 28008 29374 513 gi|59 7741 9112
msp 2172 s 12049 99.8 1 306 gi|36 28009 29348 555 gi|64 3435 4775
msp 2174 s 12031 99.8 1 306 gi|36 28009 29333 640 gi|72 323 1647
edge 598 p -1 98 27 306
edge 608 s 0 0 96 306
edge 617 s 0 0 121 306
edge 625 s 0 0 190 306
edge 633 s 0 0 306 513
edge 634 s 0 0 306 514
edge 635 s 0 0 306 518
edge 636 s 0 0 306 555
edge 637 s 0 0 306 615
edge 638 s 0 0 306 640
edge 639 s 0 0 306 735
