frag gi|37 11552 11831
img_no 20
edge_no 18
msp 165 s 518 82.1 -1 612 gi|7 32874 32996 317 gi|37 11678 11797
msp 943 s 271 82.2 -1 39 gi|12 5854 5926 317 gi|37 11559 11631
msp 1065 s 485 85.5 -1 32 gi|11 27990 28265 317 gi|37 11575 11801
msp 1179 s 684 81.3 -1 64 gi|15 23738 23908 317 gi|37 11609 11791
msp 1247 s 277 84.6 -1 69 gi|15 33608 33659 317 gi|37 11580 11631
msp 1855 s 308 83.3 -1 285 gi|35 9385 9438 317 gi|37 11578 11631
msp 1903 s 300 81.8 -1 296 gi|35 33381 33457 317 gi|37 11709 11785
msp 2035 s 991 89.9 -1 254 gi|33 11489 11646 317 gi|37 11643 11801
msp 2159 s 900 88.2 1 304 gi|36 25217 25369 317 gi|37 11643 11797
msp 2191 s 271 87.5 1 308 gi|36 30246 30293 317 gi|37 11584 11631
msp 2244 s 310 83.8 -1 317 gi|37 11552 11631 358 gi|40 9167 9240
msp 2246 s 271 84.6 1 317 gi|37 11580 11631 623 gi|70 40121 40172
msp 2248 s 287 86.5 1 317 gi|37 11580 11631 590 gi|68 11439 11490
msp 2250 s 287 86.5 -1 317 gi|37 11580 11631 656 gi|73 27617 27668
msp 2252 s 269 84.3 -1 317 gi|37 11581 11631 648 gi|72 35050 35100
msp 2254 s 265 86.3 -1 317 gi|37 11581 11631 643 gi|72 9091 9141
msp 2256 s 944 87.9 1 317 gi|37 11619 11800 590 gi|68 11574 11757
msp 2258 s 898 92.0 -1 317 gi|37 11625 11775 656 gi|73 27650 27793
msp 2260 s 308 79.8 -1 317 gi|37 11718 11831 642 gi|72 8571 8684
msp 2262 s 251 82.4 -1 317 gi|37 11743 11816 635 gi|71 26323 26392
edge 303 s 0 0 254 317
edge 320 s 0 0 304 317
edge 337 s 0 0 590 317
edge 362 s 0 0 612 317
edge 382 s 0 0 635 317
edge 401 s 0 0 642 317
edge 417 s 0 0 32 317
edge 433 s 0 0 39 317
edge 471 s 0 0 64 317
edge 477 s 0 0 69 317
edge 503 s 0 0 285 317
edge 515 s 0 0 296 317
edge 527 s 0 0 308 317
edge 539 s 0 0 317 358
edge 540 s 0 0 317 623
edge 541 s 0 0 317 643
edge 542 s 0 0 317 648
edge 543 s 0 0 317 656
