frag gi|11 27864 28326
img_no 36
edge_no 21
msp 161 s 1232 83.9 1 612 gi|7 32874 33121 32 gi|11 27998 28236
msp 233 s 265 75.3 1 612 gi|7 33180 33256 32 gi|11 28204 28282
msp 709 s 412 77.7 -1 743 gi|9 10648 10768 32 gi|11 28118 28234
msp 769 s 524 89.9 1 746 gi|9 30184 30272 32 gi|11 28167 28253
msp 1062 s 468 84.2 -1 32 gi|11 27864 28123 304 gi|36 25248 25478
msp 1064 s 485 85.5 -1 32 gi|11 27990 28265 317 gi|37 11575 11801
msp 1066 s 918 84.5 -1 32 gi|11 28000 28218 590 gi|68 11535 11756
msp 1068 s 628 79.2 1 32 gi|11 28001 28298 254 gi|33 11492 11826
msp 1070 s 328 73.0 1 32 gi|11 28001 28089 296 gi|35 33369 33457
msp 1072 s 268 80.4 1 32 gi|11 28005 28055 635 gi|71 26342 26392
msp 1074 s 255 82.1 1 32 gi|11 28060 28238 656 gi|73 27680 27857
msp 1076 s 422 83.6 1 32 gi|11 28072 28217 358 gi|40 8863 9005
msp 1078 s 302 75.3 -1 32 gi|11 28073 28234 308 gi|36 30432 30606
msp 1080 s 428 81.7 1 32 gi|11 28076 28233 656 gi|73 27372 27531
msp 1082 s 524 81.5 1 32 gi|11 28111 28245 237 gi|31 33961 34104
msp 1084 s 425 79.8 1 32 gi|11 28115 28233 648 gi|72 34839 34964
msp 1086 s 530 82.4 1 32 gi|11 28116 28280 643 gi|72 8984 9160
msp 1088 s 665 88.3 1 32 gi|11 28116 28218 69 gi|15 33457 33563
msp 1090 s 556 83.9 1 32 gi|11 28116 28264 62 gi|15 19201 19365
msp 1092 s 632 84.3 1 32 gi|11 28118 28283 635 gi|71 26393 26562
msp 1094 s 508 82.7 1 32 gi|11 28118 28221 39 gi|12 5693 5801
msp 1096 s 427 91.4 1 32 gi|11 28161 28218 656 gi|73 27515 27572
msp 1098 s 424 92.9 1 32 gi|11 28163 28218 648 gi|72 34950 35005
msp 1100 s 439 90.9 -1 32 gi|11 28163 28228 308 gi|36 30329 30392
msp 1102 s 409 91.1 1 32 gi|11 28163 28218 358 gi|40 9067 9122
msp 1104 s 282 84.1 1 32 gi|11 28165 28233 237 gi|31 34076 34146
msp 1106 s 253 82.7 -1 32 gi|11 28217 28326 623 gi|70 40061 40164
msp 1108 s 253 83.0 1 32 gi|11 28217 28269 648 gi|72 35058 35111
msp 1110 s 287 84.5 -1 32 gi|11 28217 28274 590 gi|68 11424 11482
msp 1112 s 292 87.5 1 32 gi|11 28217 28264 69 gi|15 33616 33665
msp 1114 s 300 86.3 1 32 gi|11 28217 28267 39 gi|12 5862 5914
msp 1116 s 285 81.7 1 32 gi|11 28217 28276 656 gi|73 27625 27684
msp 1118 s 302 87.5 1 32 gi|11 28217 28264 358 gi|40 9175 9224
msp 1120 s 309 83.3 1 32 gi|11 28217 28270 285 gi|35 9393 9448
msp 1122 s 323 87.3 -1 32 gi|11 28220 28274 308 gi|36 30221 30282
msp 1124 p 266 87.0 1 32 gi|11 28224 28269 678 gi|75 10272 10320
edge 289 s 0 0 254 32
edge 317 s 0 0 304 32
edge 326 s 0 0 590 32
edge 350 s 0 0 612 32
edge 372 s 0 0 635 32
edge 410 s 0 0 32 39
edge 411 s 0 0 32 62
edge 412 s 0 0 32 69
edge 413 s 0 0 32 237
edge 414 s 0 0 32 285
edge 415 s 0 0 32 296
edge 416 s 0 0 32 308
edge 417 s 0 0 32 317
edge 418 s 0 0 32 358
edge 419 s 0 0 32 623
edge 420 s 0 0 32 643
edge 421 s 0 0 32 648
edge 422 s 0 0 32 656
edge 423 P 1 87 32 678
edge 424 s 0 0 32 743
edge 425 s 0 0 32 746
