frag gi|39 6777 7890
img_no 8
edge_no 8
msp 469 s 342 73.2 -1 1 gi|1 497 791 330 gi|39 7373 7667
msp 961 p 3709 82.4 -1 41 gi|12 14630 15712 330 gi|39 6777 7871
msp 1911 s 396 81.2 1 233 gi|31 2054 2297 330 gi|39 7498 7714
msp 2093 s 268 75.0 1 260 gi|33 26282 26521 330 gi|39 7502 7735
msp 2406 s 987 82.4 -1 330 gi|39 7307 7890 432 gi|49 35528 36096
msp 2408 s 637 73.7 1 330 gi|39 7478 7803 753 gi|53 12329 12651
msp 2410 s 603 74.5 -1 330 gi|39 7477 7809 375 gi|43 10777 11114
msp 2412 s 836 74.0 1 330 gi|39 7484 7798 443 gi|51 615 938
edge 1 s 0 0 1 330
edge 6 s 0 0 233 330
edge 10 p -1 82 330 41
edge 11 s 0 0 330 260
edge 12 s 0 0 330 375
edge 13 s 0 0 330 432
edge 14 s 0 0 330 443
edge 38 s 0 0 753 330
