frag gi|4 5204 5887
img_no 6
edge_no 6
msp 496 s 434 73.2 1 347 gi|4 5204 5800 698 gi|76 13457 14065
msp 498 s 317 77.0 -1 347 gi|4 5211 5641 278 gi|35 1861 2324
msp 500 s 486 74.8 1 347 gi|4 5246 5887 367 gi|42 5533 6175
msp 502 s 368 73.7 1 347 gi|4 5552 5726 131 gi|22 7490 7664
msp 504 s 323 75.2 -1 347 gi|4 5552 5861 589 gi|68 7500 7806
msp 506 s 270 83.3 -1 347 gi|4 5552 5623 593 gi|68 23716 23787
edge 202 s 0 0 593 347
edge 205 s 0 0 131 347
edge 209 s 0 0 278 347
edge 219 s 0 0 589 347
edge 223 s 0 0 698 347
edge 233 s 0 0 367 347
