frag gi|42 5457 6175
img_no 6
edge_no 6
msp 501 s 486 74.8 1 347 gi|4 5246 5887 367 gi|42 5533 6175
msp 1775 s 309 77.3 -1 278 gi|35 1877 2375 367 gi|42 5457 5911
msp 2326 s 264 74.5 -1 367 gi|42 5490 5936 625 gi|71 4933 5397
msp 2328 s 514 73.5 1 367 gi|42 5497 6160 698 gi|76 13464 14149
msp 2330 s 285 74.8 1 367 gi|42 5827 6068 704 gi|76 30554 30826
msp 2332 s 260 69.0 1 367 gi|42 5833 5932 425 gi|49 13763 13863
edge 168 s 0 0 625 367
edge 210 s 0 0 278 367
edge 224 s 0 0 698 367
edge 228 s 0 0 425 367
edge 233 s 0 0 367 347
edge 234 s 0 0 367 704
