frag gi|12 5691 6122
img_no 39
edge_no 27
msp 9 s 366 80.7 1 731 gi|8 4023 4172 39 gi|12 5952 6099
msp 25 s 487 80.8 1 731 gi|8 4089 4244 39 gi|12 5949 6102
msp 71 p 253 79.2 1 737 gi|8 27345 27397 39 gi|12 5691 5745
msp 191 s 903 86.1 1 612 gi|7 32996 33240 39 gi|12 5693 5912
msp 605 s 322 82.0 1 520 gi|6 15478 15538 39 gi|12 5850 5910
msp 631 s 396 74.2 -1 743 gi|9 10363 10509 39 gi|12 5782 5945
msp 691 s 412 86.2 -1 743 gi|9 10604 10661 39 gi|12 5744 5801
msp 717 s 639 91.2 -1 743 gi|9 10660 10772 39 gi|12 5689 5801
msp 898 s 897 92.4 1 39 gi|12 5682 5799 635 gi|71 26383 26499
msp 900 s 1506 89.1 1 39 gi|12 5688 6046 656 gi|73 27405 27799
msp 902 s 1545 91.8 1 39 gi|12 5691 5970 648 gi|72 34840 35170
msp 904 s 992 98.2 1 39 gi|12 5692 5801 237 gi|31 33968 34077
msp 906 s 466 86.4 -1 39 gi|12 5692 5801 308 gi|36 30446 30554
msp 908 s 499 100.0 1 39 gi|12 5693 5745 643 gi|72 8986 9038
msp 910 s 1384 91.2 1 39 gi|12 5693 5930 69 gi|15 33459 33686
msp 912 s 485 98.1 1 39 gi|12 5693 5745 62 gi|15 19203 19255
msp 914 s 925 97.1 1 39 gi|12 5693 5797 358 gi|40 8901 9005
msp 916 s 441 81.4 1 39 gi|12 5704 5913 656 gi|73 27739 27942
msp 918 s 710 92.1 1 39 gi|12 5704 5906 254 gi|33 11610 11799
msp 920 s 1141 91.8 -1 39 gi|12 5704 5911 590 gi|68 11433 11637
msp 922 s 492 88.7 1 39 gi|12 5723 5819 237 gi|31 34053 34149
msp 924 s 496 89.8 1 39 gi|12 5738 5884 642 gi|72 8690 8822
msp 926 s 866 89.3 -1 39 gi|12 5738 5914 308 gi|36 30230 30396
msp 928 s 1020 92.4 1 39 gi|12 5740 5911 358 gi|40 9065 9224
msp 930 s 843 85.3 1 39 gi|12 5742 5925 285 gi|35 9286 9457
msp 932 s 934 95.6 1 39 gi|12 5800 5934 643 gi|72 9037 9163
msp 934 s 896 93.8 1 39 gi|12 5800 5911 62 gi|15 19254 19365
msp 936 p 446 85.4 1 39 gi|12 5808 5930 673 gi|75 103 206
msp 938 s 352 85.4 -1 39 gi|12 5819 5900 763 gi|36 24839 24917
msp 940 s 488 92.2 -1 39 gi|12 5848 5911 623 gi|70 40115 40178
msp 942 s 271 82.2 -1 39 gi|12 5854 5926 317 gi|37 11559 11631
msp 944 s 278 75.5 1 39 gi|12 5949 6107 382 gi|44 21645 21786
msp 946 s 322 86.0 -1 39 gi|12 5950 6085 681 gi|75 15924 16047
msp 948 s 276 75.3 1 39 gi|12 5950 6107 382 gi|44 21576 21725
msp 950 s 280 76.7 1 39 gi|12 5951 6122 382 gi|44 21705 21867
msp 952 s 259 86.7 1 39 gi|12 6026 6085 301 gi|36 6005 6063
msp 954 s 266 95.7 -1 39 gi|12 6038 6083 524 gi|60 14603 14649
msp 1095 s 508 82.7 1 32 gi|11 28118 28221 39 gi|12 5693 5801
msp 1115 s 300 86.3 1 32 gi|11 28217 28267 39 gi|12 5862 5914
edge 290 s 0 0 254 39
edge 327 s 0 0 590 39
edge 351 s 0 0 612 39
edge 373 s 0 0 635 39
edge 391 s 0 0 642 39
edge 410 s 0 0 32 39
edge 426 s 0 0 39 62
edge 427 s 0 0 39 69
edge 428 s 0 0 39 237
edge 429 s 0 0 39 285
edge 430 s 0 0 39 301
edge 432 s 0 0 39 308
edge 433 s 0 0 39 317
edge 434 s 0 0 39 358
edge 435 s 0 0 39 382
edge 436 s 0 0 39 520
edge 437 s 0 0 39 524
edge 438 s 0 0 39 623
edge 439 s 0 0 39 643
edge 440 s 0 0 39 648
edge 441 s 0 0 39 656
edge 442 S 1 85 39 673
edge 443 s 0 0 39 681
edge 444 s 0 0 39 731
edge 445 S 1 79 39 737
edge 446 s 0 0 39 743
edge 762 s 0 0 763 39
