frag gi|45 18947 20467
img_no 6
flimg_no 1
edge_no 6
msp 297 s 294 97.2 1 105 gi|2 24568 24603 390 gi|45 18952 18987
msp 323 p 13373 99.7 1 433 gi|5 1290 2816 390 gi|45 18947 20471
msp 1283 s 425 100.0 1 59 gi|14 20049 20097 390 gi|45 18951 18999
msp 1427 s 278 80.0 -1 119 gi|20 35137 35296 390 gi|45 20207 20364
msp 2470 p 469 86.6 -1 390 gi|45 18994 19105 532 gi|61 13946 14064
msp 2472 p 423 96.3 1 390 gi|45 20411 20464 581 gi|66 32575 32628
edge 794 s 0 0 59 390
edge 796 s 0 0 105 390
edge 798 s 0 0 390 119
edge 799 p 1 99 390 433
edge 800 P -1 86 390 532
edge 801 P 1 96 390 581
