frag gi|45 20705 23197
img_no 80
edge_no 12
msp 341 s 296 77.3 1 434 gi|5 2837 3343 392 gi|45 22434 22947
msp 343 s 1006 84.1 1 434 gi|5 2839 3039 392 gi|45 22793 23003
msp 345 s 452 77.5 1 434 gi|5 2841 3183 392 gi|45 21316 21639
msp 355 s 258 75.8 1 434 gi|5 2854 2952 392 gi|45 22278 22387
msp 357 s 359 82.8 1 434 gi|5 2855 2912 392 gi|45 22890 22947
msp 361 s 563 78.6 1 434 gi|5 2857 3346 392 gi|45 22371 22869
msp 363 s 352 75.2 1 434 gi|5 2857 3227 392 gi|45 22081 22468
msp 365 s 877 86.3 1 434 gi|5 2858 3084 392 gi|45 20921 21135
msp 367 s 432 75.2 1 434 gi|5 2858 3345 392 gi|45 21893 22429
msp 369 s 351 84.2 1 434 gi|5 2858 2914 392 gi|45 22985 23041
msp 371 s 328 72.0 1 434 gi|5 2858 3168 392 gi|45 21507 21845
msp 373 s 318 75.9 1 434 gi|5 2858 3346 392 gi|45 20997 21470
msp 377 s 301 75.8 1 434 gi|5 2859 3168 392 gi|45 21245 21541
msp 379 s 776 79.5 1 434 gi|5 2886 3197 392 gi|45 22760 23048
msp 381 s 329 78.5 1 434 gi|5 2894 3261 392 gi|45 21449 21859
msp 383 s 326 77.1 1 434 gi|5 2921 3344 392 gi|45 21795 22240
msp 385 s 900 83.9 1 434 gi|5 2922 3188 392 gi|45 21143 21387
msp 387 s 270 79.6 1 434 gi|5 2929 3149 392 gi|45 20914 21095
msp 389 s 726 80.4 1 434 gi|5 2931 3344 392 gi|45 22076 22511
msp 393 s 309 79.7 1 434 gi|5 2942 3261 392 gi|45 21257 21555
msp 401 s 357 80.3 1 434 gi|5 3116 3343 392 gi|45 21876 22137
msp 1667 s 282 79.3 1 194 gi|29 8379 8533 392 gi|45 22720 22869
msp 1669 s 447 82.1 1 194 gi|29 8380 8530 392 gi|45 21980 22137
msp 1975 s 731 98.8 -1 268 gi|34 24217 24297 392 gi|45 21496 21576
msp 1977 s 731 98.8 -1 268 gi|34 24217 24297 392 gi|45 21800 21880
msp 2229 s 263 83.6 1 311 gi|36 39876 39936 392 gi|45 22180 22240
msp 2476 s 370 73.4 -1 392 gi|45 20705 21046 540 gi|62 24720 25063
msp 2478 s 374 71.9 1 392 gi|45 20819 21135 506 gi|57 26530 26872
msp 2480 s 320 72.6 1 392 gi|45 20918 21355 506 gi|57 26382 26839
msp 2482 s 304 70.3 1 392 gi|45 20960 21259 506 gi|57 26589 26926
msp 2484 s 650 75.0 -1 392 gi|45 20997 21541 540 gi|62 24712 25300
msp 2486 s 456 76.2 1 392 gi|45 20997 21387 506 gi|57 26385 26779
msp 2488 s 722 81.5 1 392 gi|45 21068 21397 506 gi|57 26627 26977
msp 2490 s 986 81.6 -1 392 gi|45 21109 21467 540 gi|62 24692 25080
msp 2492 s 2338 85.5 1 392 gi|45 21113 21657 506 gi|57 26417 26979
msp 2494 s 366 72.8 -1 392 gi|45 21150 21694 540 gi|62 24732 25309
msp 2496 s 293 73.0 -1 392 gi|45 21220 21694 540 gi|62 24906 25421
msp 2498 s 881 74.4 -1 392 gi|45 21314 21997 540 gi|62 24732 25415
msp 2500 s 251 79.7 -1 392 gi|45 21314 21387 540 gi|62 24692 24765
msp 2502 s 339 73.0 1 392 gi|45 21332 21694 506 gi|57 26460 26831
msp 2504 s 1610 83.9 1 392 gi|45 21392 21961 506 gi|57 26434 26979
msp 2506 s 460 76.5 -1 392 gi|45 21480 22239 540 gi|62 24692 25419
msp 2508 s 390 77.3 1 392 gi|45 21504 22000 506 gi|57 26382 26832
msp 2510 s 991 76.8 -1 392 gi|45 21569 22343 540 gi|62 24685 25423
msp 2512 s 849 94.2 -1 392 gi|45 21655 21758 444 gi|51 11906 12009
msp 2514 s 376 73.6 1 392 gi|45 21669 21994 506 gi|57 26231 26561
msp 2516 s 607 75.8 -1 392 gi|45 21788 22427 540 gi|62 24784 25419
msp 2518 s 527 76.3 -1 392 gi|45 21873 22561 540 gi|62 24735 25423
msp 2520 p 892 96.3 -1 392 gi|45 21959 22065 444 gi|51 11902 12009
msp 2522 s 834 82.1 -1 392 gi|45 21960 22707 540 gi|62 24687 25421
msp 2524 s 321 76.8 -1 392 gi|45 22063 22144 541 gi|62 27180 27262
msp 2526 s 618 82.2 1 392 gi|45 22079 22477 506 gi|57 26458 26839
msp 2528 s 540 74.1 -1 392 gi|45 22080 22434 540 gi|62 24684 25027
msp 2530 s 291 76.7 1 392 gi|45 22080 22302 506 gi|57 26719 26931
msp 2532 s 368 75.3 -1 392 gi|45 22119 22702 540 gi|62 24784 25359
msp 2534 s 378 79.8 -1 392 gi|45 22148 22241 541 gi|62 27185 27280
msp 2536 s 870 75.2 -1 392 gi|45 22164 22868 540 gi|62 24690 25416
msp 2538 s 371 74.5 1 392 gi|45 22180 22434 506 gi|57 26721 26971
msp 2540 s 323 81.4 -1 392 gi|45 22246 22342 541 gi|62 27180 27283
msp 2542 s 3922 90.7 -1 392 gi|45 22257 22947 540 gi|62 24692 25423
msp 2544 s 307 78.7 1 392 gi|45 22367 22474 506 gi|57 26456 26569
msp 2546 s 3477 85.0 -1 392 gi|45 22370 23197 540 gi|62 24538 25397
msp 2548 s 312 77.4 1 392 gi|45 22451 22618 577 gi|66 12686 12848
msp 2550 s 772 75.9 -1 392 gi|45 22455 23039 540 gi|62 24784 25396
msp 2552 s 615 80.5 -1 392 gi|45 22533 23041 540 gi|62 24864 25413
msp 2554 s 439 77.2 1 392 gi|45 22628 22798 577 gi|66 12663 12858
msp 2556 s 455 71.4 1 392 gi|45 22630 23034 506 gi|57 26530 26961
msp 2558 s 419 76.1 1 392 gi|45 22644 23019 506 gi|57 26456 26851
msp 2560 s 509 74.4 -1 392 gi|45 22795 23044 540 gi|62 24967 25220
msp 2562 s 396 75.9 -1 392 gi|45 22795 23039 540 gi|62 25148 25413
msp 2564 s 285 73.5 1 392 gi|45 22805 23000 506 gi|57 26452 26654
msp 2566 s 469 80.1 -1 392 gi|45 22811 22996 540 gi|62 25110 25301
msp 2568 s 341 73.7 1 392 gi|45 22876 23054 506 gi|57 26444 26618
msp 2570 s 458 75.0 -1 392 gi|45 22878 23053 540 gi|62 25230 25411
msp 2572 s 284 75.6 -1 392 gi|45 22958 23039 541 gi|62 27187 27268
msp 2574 s 531 82.5 -1 392 gi|45 22959 23055 540 gi|62 25329 25423
msp 2576 s 483 88.2 -1 392 gi|45 23043 23118 449 gi|51 26671 26746
msp 2580 s 472 93.5 -1 392 gi|45 23057 23118 448 gi|51 26393 26453
msp 2582 s 404 88.7 -1 392 gi|45 23057 23118 450 gi|51 26928 26988
msp 2588 s 342 90.2 -1 392 gi|45 23068 23118 541 gi|62 30753 30802
edge 957 s 0 0 541 392
edge 965 s 0 0 392 194
edge 966 s 0 0 392 268
edge 967 s 0 0 392 311
edge 968 s 0 0 392 434
edge 969 P -1 96 392 444
edge 970 s 0 0 392 448
edge 971 s 0 0 392 449
edge 972 s 0 0 392 450
edge 973 s 0 0 392 506
edge 974 s 0 0 392 540
edge 975 s 0 0 392 577
