frag gi|45 33826 34555
img_no 11
edge_no 11
msp 75 p 263 78.7 -1 739 gi|8 32119 32240 397 gi|45 34145 34269
msp 151 s 261 79.5 1 611 gi|7 4910 5026 397 gi|45 34033 34143
msp 871 s 336 74.5 -1 23 gi|10 37626 37735 397 gi|45 34039 34148
msp 1515 s 283 78.6 1 167 gi|26 6190 6343 397 gi|45 34354 34504
msp 1529 s 254 71.2 -1 174 gi|26 38783 38862 397 gi|45 34410 34494
msp 2616 p 790 73.9 -1 397 gi|45 33826 34289 425 gi|49 13611 14075
msp 2618 p 711 71.9 1 397 gi|45 33843 34440 633 gi|71 22651 23246
msp 2620 p 1055 72.1 1 397 gi|45 33878 34555 634 gi|71 24460 25137
msp 2622 s 257 76.6 -1 397 gi|45 33971 34145 430 gi|49 30463 30643
msp 2624 s 320 77.0 -1 397 gi|45 34005 34126 403 gi|46 36787 36924
msp 2626 s 297 75.5 -1 397 gi|45 34046 34143 657 gi|73 29440 29537
edge 87 s 0 0 23 397
edge 118 s 0 0 167 397
edge 136 s 0 0 397 174
edge 137 s 0 0 397 403
edge 138 P -1 73 397 425
edge 139 s 0 0 397 430
edge 140 s 0 0 397 611
edge 141 p 1 71 397 633
edge 142 p 1 72 397 634
edge 143 s 0 0 397 657
edge 144 P -1 78 397 739
