frag gi|46 4 1545
img_no 9
flimg_no 1
edge_no 4
msp 825 s 654 73.8 -1 20 gi|10 17056 17719 398 gi|46 4 675
msp 827 p 781 73.2 -1 20 gi|10 17068 17897 398 gi|46 711 1547
msp 829 p 2135 74.4 -1 21 gi|10 17858 19403 398 gi|46 4 1543
msp 833 s 688 70.0 -1 21 gi|10 18057 18539 398 gi|46 13 494
msp 837 s 2303 76.3 -1 21 gi|10 18766 20389 398 gi|46 4 1510
msp 843 s 543 76.1 -1 21 gi|10 19746 20623 398 gi|46 662 1507
msp 1637 s 1402 76.1 -1 157 gi|24 38982 39680 398 gi|46 4 716
msp 1639 s 1949 75.0 -1 157 gi|24 39043 39866 398 gi|46 700 1541
msp 2398 s 643 79.9 1 398 gi|46 735 878 596 gi|68 40028 40171
edge 72 P -1 72 20 398
edge 74 s 0 0 157 398
edge 76 P -1 74 398 21
edge 77 s 0 0 398 596
