frag gi|49 30004 31684
img_no 9
flimg_no 1
edge_no 9
msp 37 p 251 78.2 1 733 gi|8 14557 14643 430 gi|49 30101 30187
msp 863 s 350 74.0 1 23 gi|10 37447 37811 430 gi|49 30278 30645
msp 1187 p 2619 74.3 1 65 gi|15 24737 26423 430 gi|49 30004 31684
msp 1551 s 257 79.5 1 130 gi|22 6408 6656 430 gi|49 30454 30699
msp 1577 s 271 83.0 1 131 gi|22 7472 7700 430 gi|49 30455 30656
msp 1593 s 380 79.5 1 133 gi|22 13041 13245 430 gi|49 30438 30646
msp 1691 s 256 82.9 1 200 gi|29 15818 15887 430 gi|49 30526 30595
msp 2623 s 257 76.6 -1 397 gi|45 33971 34145 430 gi|49 30463 30643
msp 2746 s 448 79.0 -1 430 gi|49 30048 30757 600 gi|69 13139 13845
edge 88 s 0 0 23 430
edge 98 p 1 74 65 430
edge 102 s 0 0 130 430
edge 112 s 0 0 133 430
edge 139 s 0 0 397 430
edge 145 s 0 0 430 131
edge 146 s 0 0 430 200
edge 147 s 0 0 430 600
edge 148 P 1 78 430 733
