frag gi|51 205 938
img_no 7
edge_no 7
msp 971 s 712 75.0 -1 41 gi|12 14780 15019 443 gi|51 615 863
msp 2095 s 363 73.4 1 260 gi|33 26282 26503 443 gi|51 633 854
msp 2349 s 445 78.5 -1 375 gi|43 10863 11109 443 gi|51 615 861
msp 2413 s 836 74.0 1 330 gi|39 7484 7798 443 gi|51 615 938
msp 2417 s 487 76.5 1 332 gi|39 11810 12137 443 gi|51 525 863
msp 2668 p 492 78.1 1 443 gi|51 612 938 753 gi|53 12329 12646
msp 2751 s 974 75.0 -1 432 gi|49 35707 36349 443 gi|51 205 862
edge 14 s 0 0 330 443
edge 20 s 0 0 332 443
edge 24 s 0 0 432 443
edge 29 s 0 0 41 443
edge 31 s 0 0 260 443
edge 33 s 0 0 375 443
edge 42 S 1 78 753 443
