frag gi|55 36068 36857
img_no 9
edge_no 9
msp 41 s 286 79.8 -1 734 gi|8 14970 15127 488 gi|55 36127 36299
msp 143 s 266 73.7 1 611 gi|7 4837 5030 488 gi|55 36180 36377
msp 1535 s 253 76.6 -1 175 gi|26 39092 39300 488 gi|55 36164 36372
msp 1541 p 722 77.2 -1 130 gi|22 5929 6710 488 gi|55 36081 36857
msp 1557 s 339 74.8 -1 131 gi|22 7102 7606 488 gi|55 36243 36770
msp 1583 p 445 70.9 -1 132 gi|22 11694 12291 488 gi|55 36165 36762
msp 2713 s 268 73.7 1 459 gi|52 35935 36139 488 gi|55 36168 36372
msp 2728 s 435 76.1 1 488 gi|55 36068 36343 594 gi|68 24278 24553
msp 2730 s 255 80.0 1 488 gi|55 36276 36340 502 gi|57 14206 14270
edge 104 p -1 76 130 488
edge 110 p -1 70 132 488
edge 190 s 0 0 594 488
edge 195 s 0 0 488 131
edge 196 s 0 0 488 175
edge 197 s 0 0 488 459
edge 198 s 0 0 488 502
edge 199 s 0 0 488 611
edge 200 s 0 0 488 734
