frag gi|6 7057 8938
img_no 12
edge_no 12
msp 239 s 12069 99.5 1 96 gi|2 6250 7609 518 gi|6 7136 8490
msp 554 s 11960 97.9 1 518 gi|6 7057 8517 555 gi|64 3342 4789
msp 556 s 12049 99.3 -1 518 gi|6 7069 8489 735 gi|8 18452 19844
msp 558 s 12136 99.5 1 518 gi|6 7109 8499 190 gi|28 5675 7062
msp 560 s 12058 99.3 1 518 gi|6 7150 8508 640 gi|72 313 1670
msp 562 s 12052 99.9 1 518 gi|6 7162 8491 513 gi|59 7739 9069
msp 564 s 12051 99.9 -1 518 gi|6 7162 8488 27 gi|11 7975 9301
msp 566 s 12031 99.8 -1 518 gi|6 7164 8490 514 gi|59 10990 12316
msp 568 s 11966 97.8 1 518 gi|6 7164 8590 615 gi|70 1667 3109
msp 570 s 11910 96.5 1 518 gi|6 7164 8779 306 gi|36 28009 29622
msp 572 s 12002 99.4 -1 518 gi|6 7166 8579 121 gi|20 37591 38982
msp 574 s 1083 82.6 1 518 gi|6 8509 8938 585 gi|67 39751 40174
edge 601 s 0 0 27 518
edge 611 s 0 0 96 518
edge 620 s 0 0 121 518
edge 628 s 0 0 190 518
edge 635 s 0 0 306 518
edge 640 s 0 0 513 518
edge 645 s 0 0 514 518
edge 650 s 0 0 518 555
edge 651 s 0 0 518 585
edge 652 s 0 0 518 615
edge 653 s 0 0 518 640
edge 654 s 0 0 518 735
