frag gi|63 29888 29938
img_no 13
flimg_no 13
edge_no 10
msp 223 p 325 86.3 1 612 gi|7 33103 33153 549 gi|63 29888 29938
msp 661 s 283 80.0 -1 743 gi|9 10498 10547 549 gi|63 29889 29938
msp 685 s 305 82.3 -1 743 gi|9 10554 10604 549 gi|63 29888 29938
msp 723 p 319 84.3 -1 743 gi|9 10668 10718 549 gi|63 29888 29938
msp 1299 p 478 100.0 1 92 gi|19 18434 18484 549 gi|63 29888 29938
msp 1801 p 478 100.0 1 280 gi|35 5973 6023 549 gi|63 29888 29938
msp 1831 p 256 84.0 1 285 gi|35 9229 9278 549 gi|63 29889 29938
msp 2067 p 347 88.2 1 254 gi|33 11658 11708 549 gi|63 29888 29938
msp 2205 p 335 88.0 -1 308 gi|36 30398 30447 549 gi|63 29889 29938
msp 2215 s 321 84.3 -1 308 gi|36 30454 30504 549 gi|63 29888 29938
msp 2293 p 294 84.3 1 358 gi|40 9009 9059 549 gi|63 29888 29938
msp 2878 p 354 88.2 1 549 gi|63 29888 29938 642 gi|72 8696 8746
msp 2880 p 318 90.0 1 549 gi|63 29889 29938 656 gi|73 27788 27837
edge 306 S 1 88 254 549
edge 364 S 1 86 612 549
edge 403 S 1 88 642 549
edge 491 S 1 100 92 549
edge 497 P 1 100 280 549
edge 506 S 1 84 285 549
edge 530 S -1 88 308 549
edge 546 S 1 84 358 549
edge 558 S 1 90 549 656
edge 559 S -1 84 549 743
