frag gi|14 12970 13100
img_no 7
edge_no 7
msp 1055 s 445 86.1 1 30 gi|11 16302 16380 56 gi|14 13028 13106
msp 1266 p 278 82.5 -1 56 gi|14 12970 13095 251 gi|33 1489 1630
msp 1268 s 351 81.0 -1 56 gi|14 12987 13102 756 gi|71 37131 37261
msp 1270 p 473 95.3 -1 56 gi|14 13027 13105 754 gi|61 14047 14125
msp 1272 s 422 90.0 -1 56 gi|14 13023 13092 405 gi|47 26929 27001
msp 1274 s 452 91.0 1 56 gi|14 13028 13105 757 gi|73 17315 17393
msp 1276 s 341 87.3 -1 56 gi|14 13028 13106 674 gi|75 3416 3499
edge 666 s 0 0 30 56
edge 673 p -1 82 56 251
edge 674 s 0 0 56 405
edge 678 s 0 0 56 674
edge 701 P -1 95 754 56
edge 710 s 0 0 756 56
edge 718 s 0 0 757 56
