frag gi|68 24276 24788
img_no 6
flimg_no 1
edge_no 6
msp 43 s 253 78.2 -1 734 gi|8 14971 15135 594 gi|68 24328 24508
msp 1195 s 270 76.3 -1 65 gi|15 25226 25423 594 gi|68 24348 24542
msp 1545 p 398 71.9 -1 130 gi|22 6214 6725 594 gi|68 24276 24788
msp 1573 s 307 73.9 -1 131 gi|22 7466 7791 594 gi|68 24273 24597
msp 1591 s 323 76.5 -1 133 gi|22 12986 13249 594 gi|68 24397 24666
msp 2729 s 435 76.1 1 488 gi|55 36068 36343 594 gi|68 24278 24553
edge 99 s 0 0 65 594
edge 105 P -1 71 130 594
edge 115 s 0 0 133 594
edge 189 s 0 0 594 131
edge 190 s 0 0 594 488
edge 191 s 0 0 594 734
