frag gi|69 13139 13962
img_no 11
edge_no 11
msp 859 s 317 74.7 -1 23 gi|10 37391 37809 600 gi|69 13253 13669
msp 1185 s 371 75.3 -1 65 gi|15 24660 25420 600 gi|69 13203 13962
msp 1501 s 301 79.0 1 167 gi|26 5782 5991 600 gi|69 13252 13449
msp 1553 s 275 68.5 -1 130 gi|22 6408 6515 600 gi|69 13332 13439
msp 1579 s 335 73.9 -1 131 gi|22 7472 7586 600 gi|69 13327 13438
msp 1759 s 259 76.8 1 278 gi|35 1717 1953 600 gi|69 13183 13423
msp 2361 s 338 75.2 -1 379 gi|43 39589 39874 600 gi|69 13299 13598
msp 2747 s 448 79.0 -1 430 gi|49 30048 30757 600 gi|69 13139 13845
msp 2931 s 265 74.0 1 589 gi|68 7715 7983 600 gi|69 13329 13594
msp 2960 s 441 74.0 -1 600 gi|69 13302 13785 657 gi|73 29086 29558
msp 2962 s 406 74.8 1 600 gi|69 13329 13785 625 gi|71 4940 5400
edge 91 s 0 0 23 600
edge 100 s 0 0 65 600
edge 106 s 0 0 130 600
edge 122 s 0 0 167 600
edge 147 s 0 0 430 600
edge 160 s 0 0 600 131
edge 161 s 0 0 600 278
edge 162 s 0 0 600 379
edge 163 s 0 0 600 589
edge 164 s 0 0 600 625
edge 165 s 0 0 600 657
