frag gi|70 40065 40178
img_no 15
flimg_no 1
edge_no 15
msp 597 s 324 83.0 -1 520 gi|6 15478 15536 623 gi|70 40118 40176
msp 941 s 488 92.2 -1 39 gi|12 5848 5911 623 gi|70 40115 40178
msp 997 s 382 82.0 1 44 gi|12 21777 21837 623 gi|70 40118 40178
msp 1107 s 253 82.7 -1 32 gi|11 28217 28326 623 gi|70 40061 40164
msp 1169 s 549 92.9 -1 62 gi|15 19302 19386 623 gi|70 40096 40178
msp 1245 p 571 90.5 -1 69 gi|15 33602 33706 623 gi|70 40065 40178
msp 1853 s 366 78.7 -1 285 gi|35 9379 9453 623 gi|70 40105 40178
msp 2075 s 417 93.5 -1 254 gi|33 11738 11799 623 gi|70 40120 40178
msp 2185 s 316 80.6 1 308 gi|36 30233 30299 623 gi|70 40115 40178
msp 2247 s 271 84.6 1 317 gi|37 11580 11631 623 gi|70 40121 40172
msp 2305 s 620 93.4 -1 358 gi|40 9161 9251 623 gi|70 40089 40178
msp 2908 p 474 90.4 -1 623 gi|70 40085 40178 643 gi|72 9085 9202
msp 2910 s 575 97.8 -1 623 gi|70 40086 40178 656 gi|73 27611 27706
msp 2912 s 459 89.0 -1 623 gi|70 40097 40178 648 gi|72 35044 35120
msp 2937 s 598 98.5 1 590 gi|68 11431 11496 623 gi|70 40113 40178
edge 309 s 0 0 254 623
edge 341 s 0 0 590 623
edge 419 s 0 0 32 623
edge 438 s 0 0 39 623
edge 454 s 0 0 44 623
edge 464 s 0 0 62 623
edge 480 P -1 90 69 623
edge 507 s 0 0 285 623
edge 531 s 0 0 308 623
edge 540 s 0 0 317 623
edge 547 s 0 0 358 623
edge 554 s 0 0 520 623
edge 560 S -1 90 623 643
edge 561 s 0 0 623 648
edge 562 s 0 0 623 656
