frag gi|72 34729 35205
img_no 34
edge_no 21
msp 181 s 1070 84.3 1 612 gi|7 32992 33240 648 gi|72 34836 35108
msp 593 s 342 81.6 1 520 gi|6 15478 15564 648 gi|72 35046 35127
msp 637 s 627 77.7 -1 743 gi|9 10375 10643 648 gi|72 34853 35119
msp 677 s 523 79.7 -1 743 gi|9 10549 10661 648 gi|72 34893 35005
msp 701 s 755 89.0 -1 743 gi|9 10607 10770 648 gi|72 34840 35005
msp 765 s 403 94.1 1 746 gi|9 30184 30234 648 gi|72 34954 35004
msp 903 s 1545 91.8 1 39 gi|12 5691 5970 648 gi|72 34840 35170
msp 1001 s 436 84.3 -1 44 gi|12 21781 21850 648 gi|72 35031 35100
msp 1085 s 425 79.8 1 32 gi|11 28115 28233 648 gi|72 34839 34964
msp 1099 s 424 92.9 1 32 gi|11 28163 28218 648 gi|72 34950 35005
msp 1109 s 253 83.0 1 32 gi|11 28217 28269 648 gi|72 35058 35111
msp 1143 s 476 98.1 1 62 gi|15 19203 19255 648 gi|72 34842 34894
msp 1157 s 810 95.9 1 62 gi|15 19264 19361 648 gi|72 35006 35103
msp 1215 s 665 91.3 1 69 gi|15 33459 33562 648 gi|72 34842 34946
msp 1225 s 1350 91.4 1 69 gi|15 33489 33685 648 gi|72 34926 35126
msp 1817 s 280 88.4 1 285 gi|35 9189 9231 648 gi|72 34967 35011
msp 1829 s 677 79.7 1 285 gi|35 9229 9435 648 gi|72 34893 35100
msp 1841 s 317 87.5 1 285 gi|35 9286 9333 648 gi|72 34891 34938
msp 1925 s 1190 95.8 1 237 gi|31 33966 34130 648 gi|72 34838 35005
msp 1941 s 265 84.4 1 237 gi|31 33999 34088 648 gi|72 34926 35017
msp 1953 s 504 80.8 1 237 gi|31 34053 34198 648 gi|72 34872 35028
msp 2057 s 777 86.1 1 254 gi|33 11620 11799 648 gi|72 34902 35102
msp 2145 s 322 82.6 -1 763 gi|36 24839 24924 648 gi|72 35008 35096
msp 2183 s 1116 88.7 -1 308 gi|36 30232 30408 648 gi|72 34932 35108
msp 2211 s 455 81.6 -1 308 gi|36 30415 30658 648 gi|72 34729 34983
msp 2253 s 269 84.3 -1 317 gi|37 11581 11631 648 gi|72 35050 35100
msp 2281 s 1475 92.2 1 358 gi|40 8901 9220 648 gi|72 34842 35103
msp 2287 s 255 80.5 1 358 gi|40 8931 9043 648 gi|72 34926 35046
msp 2913 s 459 89.0 -1 623 gi|70 40097 40178 648 gi|72 35044 35120
msp 2935 s 1389 91.5 -1 590 gi|68 11427 11627 648 gi|72 34902 35113
msp 2994 s 2249 96.7 1 648 gi|72 34834 35103 656 gi|73 27399 27670
msp 2996 s 498 78.5 1 648 gi|72 34927 35205 656 gi|73 27766 28036
msp 2998 p 459 87.5 1 648 gi|72 35006 35109 673 gi|75 105 209
msp 3015 s 888 96.2 1 635 gi|71 26393 26497 648 gi|72 34842 34946
edge 313 s 0 0 254 648
edge 345 s 0 0 590 648
edge 368 s 0 0 612 648
edge 387 s 0 0 635 648
edge 421 s 0 0 32 648
edge 440 s 0 0 39 648
edge 456 s 0 0 44 648
edge 466 s 0 0 62 648
edge 482 s 0 0 69 648
edge 509 s 0 0 285 648
edge 533 s 0 0 308 648
edge 542 s 0 0 317 648
edge 549 s 0 0 358 648
edge 556 s 0 0 520 648
edge 561 s 0 0 623 648
edge 568 s 0 0 648 237
edge 569 s 0 0 648 656
edge 570 P 1 87 648 673
edge 571 s 0 0 648 743
edge 572 s 0 0 648 746
edge 777 s 0 0 763 648
