frag gi|73 27372 28054
img_no 65
edge_no 28
msp 175 s 357 83.7 1 612 gi|7 32936 33058 656 gi|73 27680 27801
msp 189 s 1102 85.2 1 612 gi|7 32995 33250 656 gi|73 27409 27681
msp 215 s 645 79.1 1 612 gi|7 33082 33344 656 gi|73 27768 28054
msp 607 s 309 81.4 1 520 gi|6 15478 15536 656 gi|73 27613 27671
msp 613 s 260 77.8 1 520 gi|6 15483 15536 656 gi|73 27884 27937
msp 641 s 613 78.8 -1 743 gi|9 10388 10628 656 gi|73 27440 27677
msp 647 s 783 79.4 -1 743 gi|9 10401 10565 656 gi|73 27770 27931
msp 669 s 529 86.8 -1 743 gi|9 10545 10627 656 gi|73 27766 27846
msp 675 s 539 79.6 -1 743 gi|9 10549 10690 656 gi|73 27431 27572
msp 699 s 791 90.7 -1 743 gi|9 10607 10768 656 gi|73 27410 27572
msp 715 s 465 83.8 -1 743 gi|9 10659 10757 656 gi|73 27739 27846
msp 763 s 434 98.0 1 746 gi|9 30184 30234 656 gi|73 27521 27571
msp 901 s 1506 89.1 1 39 gi|12 5688 6046 656 gi|73 27405 27799
msp 917 s 441 81.4 1 39 gi|12 5704 5913 656 gi|73 27739 27942
msp 989 s 471 83.8 -1 44 gi|12 21777 21850 656 gi|73 27598 27671
msp 991 s 280 76.1 -1 44 gi|12 21777 21843 656 gi|73 27871 27937
msp 1075 s 255 82.1 1 32 gi|11 28060 28238 656 gi|73 27680 27857
msp 1081 s 428 81.7 1 32 gi|11 28076 28233 656 gi|73 27372 27531
msp 1097 s 427 91.4 1 32 gi|11 28161 28218 656 gi|73 27515 27572
msp 1117 s 285 81.7 1 32 gi|11 28217 28276 656 gi|73 27625 27684
msp 1141 s 494 98.3 1 62 gi|15 19198 19255 656 gi|73 27404 27462
msp 1151 s 969 98.4 1 62 gi|15 19264 19386 656 gi|73 27573 27708
msp 1165 s 428 75.8 1 62 gi|15 19267 19365 656 gi|73 27844 27940
msp 1183 s 549 86.7 1 64 gi|15 23781 23885 656 gi|73 27675 27775
msp 1207 s 1443 92.7 1 69 gi|15 33433 33666 656 gi|73 27381 27675
msp 1239 s 510 77.1 1 69 gi|15 33548 33665 656 gi|73 27827 27940
msp 1311 p 318 90.0 1 92 gi|19 18435 18484 656 gi|73 27788 27837
msp 1791 s 371 88.5 1 280 gi|35 5968 6028 656 gi|73 27782 27842
msp 1813 s 296 90.7 1 285 gi|35 9189 9231 656 gi|73 27534 27578
msp 1823 s 759 81.2 1 285 gi|35 9200 9449 656 gi|73 27431 27681
msp 1827 s 424 80.3 1 285 gi|35 9210 9280 656 gi|73 27769 27839
msp 1835 s 319 76.5 1 285 gi|35 9268 9429 656 gi|73 27771 27927
msp 1839 s 333 89.6 1 285 gi|35 9286 9333 656 gi|73 27459 27506
msp 1923 s 1228 97.0 1 237 gi|31 33965 34130 656 gi|73 27403 27572
msp 1939 s 278 85.6 1 237 gi|31 33999 34088 656 gi|73 27494 27584
msp 1951 s 510 80.8 1 237 gi|31 34053 34198 656 gi|73 27440 27595
msp 1959 s 283 86.8 1 237 gi|31 34054 34159 656 gi|73 27766 27864
msp 2039 s 1422 87.0 1 254 gi|33 11551 11789 656 gi|73 27680 27928
msp 2053 s 794 87.2 1 254 gi|33 11620 11799 656 gi|73 27470 27669
msp 2141 s 274 79.9 -1 763 gi|36 24776 24924 656 gi|73 27575 27727
msp 2157 s 630 92.0 -1 304 gi|36 25217 25316 656 gi|73 27676 27775
msp 2177 s 593 82.1 -1 308 gi|36 30208 30408 656 gi|73 27771 27959
msp 2179 s 1087 85.9 -1 308 gi|36 30221 30476 656 gi|73 27431 27682
msp 2201 s 569 88.7 -1 308 gi|36 30359 30464 656 gi|73 27771 27882
msp 2207 s 524 79.4 -1 308 gi|36 30404 30578 656 gi|73 27696 27894
msp 2217 s 329 84.1 -1 308 gi|36 30484 30552 656 gi|73 27411 27479
msp 2251 s 287 86.5 -1 317 gi|37 11580 11631 656 gi|73 27617 27668
msp 2259 s 898 92.0 -1 317 gi|37 11625 11775 656 gi|73 27650 27793
msp 2279 s 1682 94.5 1 358 gi|40 8900 9225 656 gi|73 27409 27675
msp 2285 s 268 81.4 1 358 gi|40 8931 9043 656 gi|73 27494 27613
msp 2289 s 468 88.5 1 358 gi|40 8986 9063 656 gi|73 27766 27841
msp 2297 s 589 75.4 1 358 gi|40 9046 9224 656 gi|73 27769 27940
msp 2881 p 318 90.0 1 549 gi|63 29889 29938 656 gi|73 27788 27837
msp 2911 s 575 97.8 -1 623 gi|70 40086 40178 656 gi|73 27611 27706
msp 2916 s 446 88.0 1 656 gi|73 27573 27647 673 gi|75 105 175
msp 2933 s 1218 81.6 -1 590 gi|68 11412 11705 656 gi|73 27675 27956
msp 2939 s 1492 95.9 -1 590 gi|68 11432 11627 656 gi|73 27470 27675
msp 2973 s 783 84.6 1 642 gi|72 8678 8820 656 gi|73 27771 27911
msp 2975 s 712 83.5 1 642 gi|72 8678 8822 656 gi|73 27500 27647
msp 2979 s 475 96.4 1 643 gi|72 8984 9038 656 gi|73 27408 27462
msp 2983 s 830 94.3 1 643 gi|72 9047 9152 656 gi|73 27573 27678
msp 2985 s 365 74.3 1 643 gi|72 9050 9150 656 gi|73 27844 27942
msp 2995 s 2249 96.7 1 648 gi|72 34834 35103 656 gi|73 27399 27670
msp 2997 s 498 78.5 1 648 gi|72 34927 35205 656 gi|73 27766 28036
msp 3013 s 891 93.1 1 635 gi|71 26390 26519 656 gi|73 27406 27543
edge 314 s 0 0 254 656
edge 325 s 0 0 304 656
edge 346 s 0 0 590 656
edge 369 s 0 0 612 656
edge 388 s 0 0 635 656
edge 406 s 0 0 642 656
edge 422 s 0 0 32 656
edge 441 s 0 0 39 656
edge 457 s 0 0 44 656
edge 467 s 0 0 62 656
edge 472 s 0 0 64 656
edge 483 s 0 0 69 656
edge 492 S 1 90 92 656
edge 498 s 0 0 280 656
edge 510 s 0 0 285 656
edge 534 s 0 0 308 656
edge 543 s 0 0 317 656
edge 550 s 0 0 358 656
edge 557 s 0 0 520 656
edge 558 S 1 90 549 656
edge 562 s 0 0 623 656
edge 564 s 0 0 643 656
edge 569 s 0 0 648 656
edge 573 s 0 0 656 237
edge 574 s 0 0 656 673
edge 575 s 0 0 656 743
edge 576 s 0 0 656 746
edge 778 s 0 0 763 656
