frag gi|73 28775 29743
img_no 15
edge_no 15
msp 145 s 321 72.8 -1 611 gi|7 4846 5029 657 gi|73 29437 29623
msp 299 p 348 77.0 -1 106 gi|2 27572 27815 657 gi|73 29436 29678
msp 849 p 859 73.0 1 23 gi|10 37260 37899 657 gi|73 29061 29708
msp 1393 s 439 80.8 -1 114 gi|20 20766 20994 657 gi|73 28830 29053
msp 1499 p 271 77.3 -1 167 gi|26 5722 6508 657 gi|73 28883 29655
msp 1549 s 498 77.2 1 130 gi|22 6328 6669 657 gi|73 29364 29690
msp 1565 s 346 80.7 1 131 gi|22 7432 7540 657 gi|73 29390 29498
msp 2449 p 331 83.0 -1 342 gi|39 36512 36711 657 gi|73 28775 28993
msp 2463 s 259 72.2 -1 389 gi|45 15124 15713 657 gi|73 29130 29722
msp 2627 s 297 75.5 -1 397 gi|45 34046 34143 657 gi|73 29440 29537
msp 2721 s 385 72.6 -1 487 gi|55 35271 35584 657 gi|73 29430 29743
msp 2885 s 330 76.5 -1 551 gi|63 30717 30959 657 gi|73 29378 29620
msp 2918 s 316 73.9 1 657 gi|73 29439 29626 698 gi|76 13808 13995
msp 2961 s 441 74.0 -1 600 gi|69 13302 13785 657 gi|73 29086 29558
msp 3003 s 369 72.2 -1 625 gi|71 4855 5390 657 gi|73 29092 29627
edge 94 P 1 73 23 657
edge 108 s 0 0 130 657
edge 124 p -1 77 167 657
edge 134 s 0 0 389 657
edge 143 s 0 0 397 657
edge 154 s 0 0 487 657
edge 158 s 0 0 551 657
edge 165 s 0 0 600 657
edge 175 s 0 0 625 657
edge 180 S -1 76 657 106
edge 181 s 0 0 657 114
edge 182 s 0 0 657 131
edge 183 P -1 82 657 342
edge 184 s 0 0 657 611
edge 185 s 0 0 657 698
