frag gi|75 16047 16634
img_no 7
flimg_no 1
edge_no 7
msp 133 s 284 78.0 -1 219 gi|3 38867 38948 682 gi|75 16111 16192
msp 1677 p 510 80.7 -1 197 gi|29 11880 12481 682 gi|75 16047 16634
msp 1683 s 263 76.7 -1 198 gi|29 12360 12612 682 gi|75 16289 16537
msp 2643 s 878 86.5 1 413 gi|47 34557 34890 682 gi|75 16309 16613
msp 2763 s 317 73.2 1 469 gi|54 2187 2268 682 gi|75 16111 16192
msp 2765 s 260 76.8 1 476 gi|54 18658 18739 682 gi|75 16111 16192
msp 2767 s 260 76.8 1 477 gi|54 25753 25834 682 gi|75 16111 16192
edge 839 s 0 0 219 682
edge 840 s 0 0 476 682
edge 841 s 0 0 477 682
edge 842 s 0 0 469 682
edge 843 p -1 80 682 197
edge 844 s 0 0 682 198
edge 845 s 0 0 682 413
