frag gi|53 12330 12854
img_no 7
flimg_no 1
edge_no 7
msp 959 p 503 76.6 -1 41 gi|12 14507 15022 753 gi|53 12329 12854
msp 2091 s 265 78.7 1 260 gi|33 26269 26503 753 gi|53 12343 12571
msp 2345 p 525 77.2 -1 375 gi|43 10776 11109 753 gi|53 12332 12662
msp 2409 s 637 73.7 1 330 gi|39 7478 7803 753 gi|53 12329 12651
msp 2423 s 472 75.5 1 332 gi|39 11967 12219 753 gi|53 12410 12654
msp 2669 p 492 78.1 1 443 gi|51 612 938 753 gi|53 12329 12646
msp 2749 s 445 75.6 -1 432 gi|49 35624 35955 753 gi|53 12331 12654
edge 36 P -1 76 753 41
edge 37 s 0 0 753 260
edge 38 s 0 0 753 330
edge 39 s 0 0 753 332
edge 40 S -1 76 753 375
edge 41 s 0 0 753 432
edge 42 S 1 78 753 443
