frag gi|71 37131 37295
img_no 7
flimg_no 1
edge_no 7
msp 1047 p 277 79.1 -1 30 gi|11 16224 16376 756 gi|71 37131 37295
msp 1269 s 351 81.0 -1 56 gi|14 12987 13102 756 gi|71 37131 37261
msp 2019 s 259 80.7 1 251 gi|33 1490 1572 756 gi|71 37139 37219
msp 2459 p 254 85.0 -1 388 gi|45 9435 9534 756 gi|71 37162 37259
msp 2635 s 328 85.5 1 405 gi|47 26929 27011 756 gi|71 37141 37221
msp 2853 p 390 88.6 1 754 gi|61 14050 14125 756 gi|71 37131 37205
msp 3018 p 247 84.6 -1 756 gi|71 37131 37221 757 gi|73 17296 17392
edge 709 p -1 79 756 30
edge 710 s 0 0 756 56
edge 711 s 0 0 756 251
edge 712 P -1 85 756 388
edge 713 s 0 0 756 405
edge 715 S 1 88 756 754
edge 724 S -1 84 757 756
