464 264 gi|1 422 689 
466 404 gi|1 453 675 
468 342 gi|1 497 791 
470 284 gi|1 647 692 
472 2686 gi|1 22703 23506 
474 2043 gi|1 23779 24705 
476 1839 gi|1 30184 31615 
478 252 gi|1 32381 33763 
480 337 gi|1 34903 35138 
482 833 gi|1 37355 38358 
484 782 gi|1 37380 38656 
486 561 gi|1 37513 38347 
792 390 gi|10 764 966 
794 445 gi|10 1749 1951 
796 556 gi|10 3158 3375 
798 501 gi|10 4435 4662 
800 649 gi|10 5529 5815 
802 600 gi|10 6596 6931 
804 501 gi|10 7764 7969 
806 610 gi|10 8816 9047 
808 441 gi|10 9898 10108 
810 15637 gi|10 10874 12658 
812 438 gi|10 12459 12631 
814 1334 gi|10 13027 13250 
816 573 gi|10 13059 13398 
818 357 gi|10 13544 14045 
820 824 gi|10 13846 14198 
822 818 gi|10 16990 17853 
824 654 gi|10 17056 17719 
826 781 gi|10 17068 17897 
828 2135 gi|10 17858 19403 
830 1037 gi|10 18048 18705 
832 688 gi|10 18057 18539 
834 1875 gi|10 18720 19666 
836 2303 gi|10 18766 20389 
838 722 gi|10 19407 19616 
840 532 gi|10 19626 20576 
842 543 gi|10 19746 20623 
844 697 gi|10 35884 36494 
846 486 gi|10 36148 36582 
848 859 gi|10 37260 37899 
850 422 gi|10 37329 37838 
852 357 gi|10 37332 37806 
854 258 gi|10 37344 37728 
856 340 gi|10 37387 37811 
858 317 gi|10 37391 37809 
860 488 gi|10 37424 37913 
862 350 gi|10 37447 37811 
864 416 gi|10 37455 37811 
866 507 gi|10 37465 37913 
868 407 gi|10 37595 37811 
870 336 gi|10 37626 37735 
872 274 gi|10 37627 37738 
874 520 gi|10 37628 37875 
876 595 gi|10 38289 39391 
1008 277 gi|11 6378 6499 
1010 277 gi|11 6426 6480 
1012 277 gi|11 6426 6480 
1014 283 gi|11 6426 6480 
1016 288 gi|11 7256 7381 
1018 345 gi|11 7284 7381 
159 310 gi|11 7311 7381 
1020 252 gi|11 7327 7381 
1022 376 gi|11 7327 7381 
1024 304 gi|11 7332 7380 
1026 11952 gi|11 7776 9298 
1028 12002 gi|11 7825 9303 
1030 12011 gi|11 7913 9297 
1032 12042 gi|11 7917 9302 
1034 12070 gi|11 7974 9305 
1036 12074 gi|11 7975 9301 
565 12051 gi|11 7975 9301 
1040 12055 gi|11 7975 9298 
1038 12033 gi|11 7975 9297 
251 12049 gi|11 7975 9297 
59 12049 gi|11 7975 9297 
1042 1359 gi|11 12577 14423 
525 1278 gi|11 12967 13906 
1044 270 gi|11 14527 14663 
1046 277 gi|11 16224 16376 
1048 365 gi|11 16289 16366 
1050 443 gi|11 16295 16381 
1052 509 gi|11 16301 16383 
1054 445 gi|11 16302 16380 
1056 258 gi|11 16302 16380 
1058 317 gi|11 16317 16368 
1060 281 gi|11 24509 24582 
1062 468 gi|11 27864 28123 
1064 485 gi|11 27990 28265 
161 1232 gi|11 27998 28236 
1066 918 gi|11 28000 28218 
1068 628 gi|11 28001 28298 
1070 328 gi|11 28001 28089 
1072 268 gi|11 28005 28055 
1074 255 gi|11 28060 28238 
1076 422 gi|11 28072 28217 
1078 302 gi|11 28073 28234 
1080 428 gi|11 28076 28233 
1082 524 gi|11 28111 28245 
1084 425 gi|11 28115 28233 
1086 530 gi|11 28116 28280 
1090 556 gi|11 28116 28264 
1088 665 gi|11 28116 28218 
1092 632 gi|11 28118 28283 
709 412 gi|11 28118 28234 
1094 508 gi|11 28118 28221 
1096 427 gi|11 28161 28218 
1100 439 gi|11 28163 28228 
1098 424 gi|11 28163 28218 
1102 409 gi|11 28163 28218 
1104 282 gi|11 28165 28233 
769 524 gi|11 28167 28253 
233 265 gi|11 28204 28282 
1106 253 gi|11 28217 28326 
1116 285 gi|11 28217 28276 
1110 287 gi|11 28217 28274 
1120 309 gi|11 28217 28270 
1108 253 gi|11 28217 28269 
1114 300 gi|11 28217 28267 
1112 292 gi|11 28217 28264 
1118 302 gi|11 28217 28264 
1122 323 gi|11 28220 28274 
1124 266 gi|11 28224 28269 
1126 466 gi|11 29872 30461 
1128 530 gi|11 30932 31344 
1130 865 gi|11 32363 32624 
888 474 gi|12 211 1573 
487 561 gi|12 344 1179 
890 1004 gi|12 354 1179 
113 560 gi|12 4028 4690 
892 543 gi|12 4028 4673 
894 352 gi|12 4965 5302 
115 432 gi|12 5066 5311 
896 314 gi|12 5066 5311 
87 356 gi|12 5105 5302 
898 897 gi|12 5682 5799 
900 1506 gi|12 5688 6046 
717 639 gi|12 5689 5801 
902 1545 gi|12 5691 5970 
71 253 gi|12 5691 5745 
904 992 gi|12 5692 5801 
906 466 gi|12 5692 5801 
910 1384 gi|12 5693 5930 
191 903 gi|12 5693 5912 
1095 508 gi|12 5693 5801 
914 925 gi|12 5693 5797 
908 499 gi|12 5693 5745 
912 485 gi|12 5693 5745 
916 441 gi|12 5704 5913 
920 1141 gi|12 5704 5911 
918 710 gi|12 5704 5906 
922 492 gi|12 5723 5819 
926 866 gi|12 5738 5914 
924 496 gi|12 5738 5884 
928 1020 gi|12 5740 5911 
930 843 gi|12 5742 5925 
691 412 gi|12 5744 5801 
631 396 gi|12 5782 5945 
932 934 gi|12 5800 5934 
934 896 gi|12 5800 5911 
936 446 gi|12 5808 5930 
938 352 gi|12 5819 5900 
940 488 gi|12 5848 5911 
605 322 gi|12 5850 5910 
942 271 gi|12 5854 5926 
1115 300 gi|12 5862 5914 
944 278 gi|12 5949 6107 
25 487 gi|12 5949 6102 
948 276 gi|12 5950 6107 
946 322 gi|12 5950 6085 
950 280 gi|12 5951 6122 
9 366 gi|12 5952 6099 
952 259 gi|12 6026 6085 
954 266 gi|12 6038 6083 
956 1168 gi|12 6395 7410 
958 505 gi|12 14507 15024 
960 3709 gi|12 14630 15712 
962 287 gi|12 14633 15001 
964 962 gi|12 14672 15021 
966 583 gi|12 14678 15035 
968 742 gi|12 14693 15161 
970 712 gi|12 14780 15019 
972 342 gi|12 14789 15004 
974 272 gi|12 15303 15490 
781 2539 gi|12 15893 17638 
976 501 gi|12 18445 19058 
978 478 gi|12 21715 21850 
980 470 gi|12 21742 21850 
982 318 gi|12 21742 21842 
984 386 gi|12 21749 21850 
986 452 gi|12 21762 21850 
587 263 gi|12 21763 21869 
231 338 gi|12 21775 21850 
988 471 gi|12 21777 21850 
992 445 gi|12 21777 21850 
994 445 gi|12 21777 21850 
990 280 gi|12 21777 21843 
996 382 gi|12 21777 21837 
998 406 gi|12 21780 21850 
1000 436 gi|12 21781 21850 
1002 258 gi|12 21802 21850 
1004 263 gi|12 21811 21850 
1006 4562 gi|12 34669 35584 
121 1023 gi|12 35514 36607 
878 1089 gi|13 5 1095 
880 626 gi|13 31498 32018 
882 302 gi|13 38543 38677 
884 454 gi|13 38762 38862 
886 295 gi|13 38783 38850 
1252 289 gi|14 826 946 
1254 2612 gi|14 1340 2775 
1256 4127 gi|14 1384 2711 
1258 406 gi|14 2061 2710 
1260 390 gi|14 4989 5241 
1262 912 gi|14 5441 6484 
1264 371 gi|14 7238 7532 
1266 278 gi|14 12970 13095 
1268 351 gi|14 12987 13102 
1270 509 gi|14 13021 13105 
1272 422 gi|14 13023 13092 
1055 445 gi|14 13028 13106 
1276 341 gi|14 13028 13106 
1274 452 gi|14 13028 13105 
1278 456 gi|14 13179 13392 
1280 251 gi|14 18107 18394 
295 310 gi|14 20045 20140 
1282 425 gi|14 20049 20097 
325 425 gi|14 20049 20097 
1284 265 gi|14 39772 40066 
319 264 gi|15 8213 8737 
1132 490 gi|15 19173 19255 
1134 302 gi|15 19180 19255 
1136 1415 gi|15 19186 19369 
1138 494 gi|15 19196 19255 
1140 494 gi|15 19198 19255 
185 512 gi|15 19199 19274 
731 499 gi|15 19200 19255 
1091 556 gi|15 19201 19365 
1144 518 gi|15 19203 19563 
1142 476 gi|15 19203 19255 
913 485 gi|15 19203 19255 
1146 653 gi|15 19214 19360 
935 896 gi|15 19254 19365 
1148 490 gi|15 19262 19338 
1154 915 gi|15 19264 19452 
1152 876 gi|15 19264 19407 
1150 969 gi|15 19264 19386 
1156 810 gi|15 19264 19361 
1158 430 gi|15 19264 19338 
1160 534 gi|15 19265 19556 
1162 376 gi|15 19266 19354 
1166 562 gi|15 19267 19385 
1164 428 gi|15 19267 19365 
627 369 gi|15 19273 19407 
227 311 gi|15 19284 19432 
993 445 gi|15 19289 19362 
1168 549 gi|15 19302 19386 
601 335 gi|15 19304 19362 
1170 980 gi|15 22842 23650 
157 428 gi|15 23711 23849 
1172 788 gi|15 23732 23887 
1174 854 gi|15 23732 23887 
1176 655 gi|15 23736 23888 
1178 684 gi|15 23738 23908 
1180 283 gi|15 23742 23819 
1182 549 gi|15 23781 23885 
1184 371 gi|15 24660 25420 
1186 2619 gi|15 24737 26423 
1188 351 gi|15 24819 25421 
869 407 gi|15 25156 25372 
1190 351 gi|15 25175 25393 
1192 266 gi|15 25181 25426 
1194 270 gi|15 25226 25423 
1196 672 gi|15 27024 27347 
1198 260 gi|15 28693 28772 
1200 260 gi|15 28693 28772 
137 267 gi|15 28712 28772 
1202 1633 gi|15 31191 31525 
1204 617 gi|15 31307 31614 
1206 1443 gi|15 33433 33666 
1208 404 gi|15 33441 33563 
1210 1040 gi|15 33448 33665 
183 1039 gi|15 33455 33665 
711 634 gi|15 33456 33575 
1089 665 gi|15 33457 33563 
1212 701 gi|15 33458 33562 
911 1384 gi|15 33459 33686 
1216 714 gi|15 33459 33575 
1218 652 gi|15 33459 33566 
1214 665 gi|15 33459 33562 
755 429 gi|15 33466 33562 
1220 1527 gi|15 33470 33721 
1222 902 gi|15 33470 33660 
1224 1350 gi|15 33489 33685 
1226 278 gi|15 33489 33563 
1230 1014 gi|15 33504 33665 
1228 519 gi|15 33504 33638 
1232 1416 gi|15 33506 33667 
1234 590 gi|15 33508 33665 
1236 280 gi|15 33525 33569 
635 468 gi|15 33547 33687 
1238 510 gi|15 33548 33665 
1240 380 gi|15 33564 33638 
1242 337 gi|15 33572 33654 
979 478 gi|15 33589 33712 
1244 571 gi|15 33602 33706 
603 317 gi|15 33604 33671 
1246 277 gi|15 33608 33659 
1113 292 gi|15 33616 33665 
1250 6645 gi|15 33707 34496 
1248 6675 gi|15 33707 34468 
91 6659 gi|15 33707 34458 
1348 291 gi|16 264 375 
1350 345 gi|16 2560 2810 
1352 1903 gi|16 2913 4248 
1354 334 gi|16 9823 10326 
1356 332 gi|16 10939 11236 
513 253 gi|16 29660 29990 
1358 260 gi|16 29775 29930 
1360 582 gi|16 37077 38755 
1320 539 gi|18 2198 2630 
1322 307 gi|18 2231 2627 
1324 372 gi|18 2388 2656 
1326 305 gi|18 3166 3289 
1328 2901 gi|18 3318 4720 
1257 4127 gi|18 3372 4696 
1330 297 gi|18 3382 4594 
1332 5077 gi|18 9886 11673 
1334 271 gi|18 11953 12139 
553 328 gi|18 11979 12115 
585 374 gi|18 11979 12115 
539 292 gi|18 11981 12122 
1336 268 gi|18 12538 12651 
449 397 gi|18 14802 16641 
1338 552 gi|18 15384 16611 
1340 400 gi|18 30294 31058 
1342 316 gi|18 32701 32999 
141 2810 gi|18 37305 37926 
1344 287 gi|18 38793 38961 
1346 345 gi|18 40012 40172 
475 2043 gi|19 3060 3986 
1286 2022 gi|19 4356 5832 
1288 421 gi|19 4541 5073 
1290 293 gi|19 4575 4991 
1292 1556 gi|19 4594 5889 
1294 354 gi|19 18434 18484 
1296 478 gi|19 18434 18484 
1298 478 gi|19 18434 18484 
1300 354 gi|19 18434 18484 
1302 325 gi|19 18434 18484 
1304 304 gi|19 18434 18484 
225 325 gi|19 18434 18484 
687 305 gi|19 18434 18484 
725 319 gi|19 18434 18484 
1306 261 gi|19 18435 18484 
1308 344 gi|19 18435 18484 
1310 318 gi|19 18435 18484 
663 283 gi|19 18435 18484 
1312 316 gi|19 34644 35048 
1314 374 gi|19 34646 34830 
1316 306 gi|19 38118 38179 
1318 256 gi|19 39887 40154 
236 12018 gi|2 6187 7667 
238 12069 gi|2 6250 7609 
240 12130 gi|2 6253 7615 
242 12062 gi|2 6265 7608 
244 12032 gi|2 6282 7700 
246 12028 gi|2 6282 7689 
252 12038 gi|2 6285 7653 
254 12034 gi|2 6285 7614 
256 12028 gi|2 6285 7611 
248 12061 gi|2 6285 7609 
250 12049 gi|2 6285 7607 
258 295 gi|2 8590 9259 
260 481 gi|2 8600 9250 
262 272 gi|2 8922 8998 
264 594 gi|2 12583 12721 
266 388 gi|2 14786 14992 
268 529 gi|2 15039 15340 
270 289 gi|2 15471 15559 
272 282 gi|2 15502 15577 
274 276 gi|2 15514 15554 
276 259 gi|2 15517 15554 
278 262 gi|2 15518 15577 
280 250 gi|2 15522 15560 
473 2686 gi|2 15608 16420 
282 268 gi|2 18860 18949 
284 330 gi|2 18860 18913 
286 326 gi|2 18860 18910 
288 266 gi|2 18860 18903 
290 263 gi|2 21793 21873 
292 266 gi|2 24536 24603 
294 310 gi|2 24562 24646 
296 294 gi|2 24568 24603 
298 348 gi|2 27572 27815 
300 436 gi|2 27581 27839 
302 276 gi|2 27714 27815 
304 282 gi|2 28031 28158 
306 275 gi|2 28358 28647 
308 413 gi|2 28399 28694 
310 330 gi|2 28402 28627 
312 254 gi|2 28414 28705 
314 318 gi|2 28444 28635 
316 342 gi|2 28526 28675 
318 264 gi|2 28527 29036 
320 305 gi|2 29343 29434 
1378 1007 gi|20 4113 4252 
1380 729 gi|20 8842 9464 
1382 585 gi|20 8843 9247 
1384 478 gi|20 8871 9255 
1386 6232 gi|20 16205 16962 
1388 1999 gi|20 16206 16511 
455 6009 gi|20 16226 16963 
1390 2394 gi|20 16670 16963 
77 593 gi|20 17487 18347 
259 295 gi|20 17563 18247 
1392 439 gi|20 20766 20994 
1394 292 gi|20 20828 21088 
1396 6665 gi|20 22711 23547 
89 6679 gi|20 22734 23508 
1251 6645 gi|20 22753 23558 
1398 261 gi|20 33232 33397 
1400 1977 gi|20 34212 34697 
1402 1907 gi|20 34333 34697 
1404 1038 gi|20 34423 34696 
1406 360 gi|20 34619 34707 
1408 352 gi|20 34628 34697 
1410 1380 gi|20 34720 34984 
1412 920 gi|20 34759 35017 
1414 297 gi|20 34877 35010 
1416 486 gi|20 34892 35017 
1418 254 gi|20 34911 34977 
1420 324 gi|20 34912 35017 
277 259 gi|20 34941 34977 
1422 587 gi|20 35078 35191 
1424 329 gi|20 35082 35245 
519 463 gi|20 35083 35250 
1426 278 gi|20 35137 35296 
329 269 gi|20 35137 35296 
265 594 gi|20 35285 35421 
1029 12002 gi|20 37499 38993 
1428 11951 gi|20 37520 38986 
1430 11985 gi|20 37579 39005 
573 12002 gi|20 37591 38982 
1432 11955 gi|20 37600 39143 
257 12028 gi|20 37653 38982 
1434 12043 gi|20 37654 38989 
1436 12023 gi|20 37655 39021 
1438 12040 gi|20 37658 38990 
61 12004 gi|20 37660 39039 
1440 12025 gi|20 37660 38986 
1362 299 gi|21 22942 23282 
1364 975 gi|21 23346 23940 
1345 287 gi|21 27078 27259 
577 276 gi|21 27111 27269 
1366 272 gi|21 29975 30113 
1368 287 gi|21 29977 30198 
1370 275 gi|21 30002 30106 
1372 345 gi|21 30022 30258 
1374 263 gi|21 30773 31073 
1376 280 gi|21 39488 39738 
1536 257 gi|22 25 442 
269 529 gi|22 43 350 
1538 276 gi|22 4593 4674 
1540 722 gi|22 5929 6710 
1542 444 gi|22 6043 6685 
861 488 gi|22 6182 6700 
1544 398 gi|22 6214 6725 
1546 330 gi|22 6323 6515 
1548 498 gi|22 6328 6669 
1193 266 gi|22 6408 6656 
1550 257 gi|22 6408 6656 
1552 275 gi|22 6408 6515 
315 318 gi|22 6412 6603 
1554 732 gi|22 7101 7790 
1556 339 gi|22 7102 7606 
1558 359 gi|22 7410 7678 
1560 472 gi|22 7425 7670 
1562 365 gi|22 7426 7579 
1564 346 gi|22 7432 7540 
1566 257 gi|22 7442 7633 
1568 389 gi|22 7445 7602 
1570 320 gi|22 7448 7566 
1572 307 gi|22 7466 7791 
1576 271 gi|22 7472 7700 
1574 284 gi|22 7472 7670 
1578 335 gi|22 7472 7586 
1580 283 gi|22 7472 7563 
503 368 gi|22 7490 7664 
1582 445 gi|22 11694 12291 
857 340 gi|22 11819 12264 
301 436 gi|22 12055 12316 
1191 351 gi|22 12067 12289 
1584 376 gi|22 12690 13397 
1586 260 gi|22 12734 13250 
1588 336 gi|22 12740 13161 
855 258 gi|22 12763 13161 
1590 323 gi|22 12986 13249 
1592 380 gi|22 13041 13245 
1594 351 gi|22 26176 26350 
1596 257 gi|22 30783 30856 
1598 1071 gi|22 32515 33297 
1484 6140 gi|23 3569 4473 
1317 306 gi|23 15397 15458 
291 263 gi|23 19243 19324 
1486 2176 gi|23 26815 28138 
1488 531 gi|23 28519 29138 
1490 2366 gi|23 30288 31409 
1492 266 gi|23 31974 32119 
1600 265 gi|24 1095 1145 
1602 1297 gi|24 1717 2179 
1604 1810 gi|24 1875 2231 
101 453 gi|24 2126 2231 
99 723 gi|24 2214 2632 
119 641 gi|24 5638 5856 
1606 49066 gi|24 5667 11226 
107 20530 gi|24 8874 11226 
103 2453 gi|24 11194 11773 
1608 1775 gi|24 11194 11660 
1610 3301 gi|24 11789 14199 
97 2217 gi|24 11971 13299 
79 6709 gi|24 14231 16884 
83 1359 gi|24 15215 15700 
81 1443 gi|24 17244 17901 
1612 332 gi|24 24369 24470 
1614 258 gi|24 24395 24487 
1616 335 gi|24 24413 24470 
289 266 gi|24 24424 24467 
443 458 gi|24 27172 28454 
1618 1067 gi|24 27194 28404 
1620 661 gi|24 27256 28392 
1171 980 gi|24 28583 29392 
1622 261 gi|24 30146 30179 
1624 261 gi|24 30146 30179 
1626 251 gi|24 30147 30179 
1628 373 gi|24 30324 30430 
1630 274 gi|24 30355 30434 
1632 317 gi|24 30373 30490 
1634 253 gi|24 30383 30435 
841 532 gi|24 38948 39861 
823 818 gi|24 38954 39820 
1636 1402 gi|24 38982 39680 
835 1875 gi|24 39019 39952 
1638 1949 gi|24 39043 39866 
831 1037 gi|24 39181 39837 
1640 501 gi|24 39685 39953 
1472 420 gi|25 8657 9692 
615 303 gi|25 8996 9604 
845 697 gi|25 15054 15658 
847 486 gi|25 16075 16515 
1474 1716 gi|25 21586 22112 
1476 1709 gi|25 21586 22112 
1478 330 gi|25 23628 24152 
1409 352 gi|25 24347 24416 
1480 266 gi|25 24347 24416 
1482 283 gi|25 30826 30988 
1494 1935 gi|26 2 558 
1496 5705 gi|26 1993 2687 
1498 271 gi|26 5722 6508 
1500 301 gi|26 5782 5991 
1502 360 gi|26 5784 6417 
853 357 gi|26 5784 6284 
1504 266 gi|26 5795 6353 
1506 363 gi|26 5806 5962 
1508 383 gi|26 5832 6425 
1510 354 gi|26 5837 5994 
1571 320 gi|26 5877 5989 
1512 253 gi|26 5880 5964 
1514 283 gi|26 6190 6343 
1516 3401 gi|26 16247 18451 
1343 316 gi|26 29367 29668 
1518 2185 gi|26 31963 33079 
1520 719 gi|26 33190 33540 
889 474 gi|26 34375 35732 
485 782 gi|26 34467 35736 
1522 615 gi|26 34804 35736 
1524 537 gi|26 36596 37278 
1526 259 gi|26 38779 38874 
1528 254 gi|26 38783 38862 
1530 406 gi|26 38944 39330 
1532 363 gi|26 39085 39333 
1534 253 gi|26 39092 39300 
1442 256 gi|27 3857 3929 
1444 268 gi|27 11792 11923 
1446 320 gi|27 12135 12730 
1379 1007 gi|27 14776 14919 
1448 2562 gi|27 15129 16190 
1450 5199 gi|27 16327 17353 
1452 4630 gi|27 17423 18345 
1454 5598 gi|27 18609 19296 
1456 2427 gi|27 18836 19212 
1458 2376 gi|27 19159 19717 
1460 256 gi|27 19201 19239 
1365 975 gi|27 19723 20299 
1462 285 gi|27 21134 21168 
1464 2640 gi|27 21147 22506 
1466 1553 gi|27 23758 25140 
1468 307 gi|27 29048 29383 
1470 268 gi|27 32778 33294 
55 12044 gi|28 5590 7055 
1700 11959 gi|28 5619 7073 
1702 12032 gi|28 5649 7055 
559 12136 gi|28 5675 7062 
1437 12023 gi|28 5685 7062 
1704 12016 gi|28 5692 7061 
1037 12074 gi|28 5728 7054 
1708 11977 gi|28 5731 7267 
1706 12043 gi|28 5731 7091 
1710 12031 gi|28 5732 7058 
249 12061 gi|28 5732 7056 
1712 254 gi|28 36783 36887 
1658 250 gi|29 8 385 
1660 335 gi|29 113 391 
515 324 gi|29 132 331 
1359 260 gi|29 173 327 
1662 286 gi|29 4288 5167 
1664 371 gi|29 8330 8449 
1666 282 gi|29 8379 8533 
1668 447 gi|29 8380 8530 
413 773 gi|29 8462 8549 
1670 740 gi|29 8462 8542 
353 257 gi|29 8468 8533 
1672 273 gi|29 8477 8670 
1674 468 gi|29 9902 10603 
1676 510 gi|29 11880 12481 
1678 975 gi|29 11904 12242 
1680 384 gi|29 12102 12259 
1682 263 gi|29 12360 12612 
1684 409 gi|29 12434 12623 
1686 289 gi|29 12471 12647 
1527 259 gi|29 15418 15512 
1688 294 gi|29 15764 16045 
1690 256 gi|29 15818 15887 
451 985 gi|29 19367 20139 
1692 441 gi|29 20538 20774 
1694 580 gi|29 33831 34382 
1381 729 gi|29 33850 34482 
1696 535 gi|29 33934 34338 
1698 412 gi|29 39532 40020 
78 6709 gi|3 3 2653 
80 1443 gi|3 2632 3269 
82 1359 gi|3 3265 3750 
84 356 gi|3 5569 6771 
86 356 gi|3 6452 6648 
88 6679 gi|3 16222 16994 
90 6659 gi|3 16224 16973 
92 6631 gi|3 16227 16987 
94 4215 gi|3 17068 18400 
96 2217 gi|3 17072 18393 
98 723 gi|3 17758 18174 
100 453 gi|3 18294 18399 
102 2453 gi|3 18391 18962 
104 31342 gi|3 18682 22299 
106 20530 gi|3 19943 22299 
108 1296 gi|3 22365 23038 
110 17999 gi|3 23004 25353 
112 560 gi|3 23641 24303 
114 432 gi|3 24706 24953 
118 641 gi|3 25940 26155 
116 432 gi|3 25940 26085 
120 1023 gi|3 31318 32407 
122 295 gi|3 36632 36853 
124 481 gi|3 37926 38247 
126 7068 gi|3 38208 39058 
128 6988 gi|3 38242 39053 
130 4582 gi|3 38264 39053 
132 284 gi|3 38867 38948 
134 903 gi|3 38868 39055 
136 267 gi|3 38917 38978 
1471 268 gi|30 5553 6069 
1714 642 gi|30 17341 17536 
1716 628 gi|30 17418 17537 
1718 1004 gi|30 17507 17657 
1720 5861 gi|30 17931 18691 
1722 5583 gi|30 17965 18693 
1724 1684 gi|30 19301 19671 
1726 961 gi|30 19387 19671 
1730 1958 gi|30 19544 19817 
1728 2027 gi|30 19544 19809 
1732 47378 gi|30 19850 26605 
1475 1716 gi|30 21747 22235 
1734 1461 gi|30 26390 26605 
1736 383 gi|30 26853 26941 
1738 269 gi|30 26910 26955 
1740 263 gi|30 26911 26955 
1742 907 gi|30 27603 27762 
1744 415 gi|30 28721 28800 
1746 458 gi|30 28725 28793 
1748 1102 gi|30 30778 31031 
1750 7500 gi|30 31180 32143 
1752 735 gi|30 31963 32147 
1754 447 gi|30 32018 32068 
1756 745 gi|30 39239 40178 
1908 304 gi|31 2031 2338 
1910 396 gi|31 2054 2297 
1912 297 gi|31 2054 2297 
467 404 gi|31 2054 2279 
973 342 gi|31 2055 2297 
1914 265 gi|31 2057 2302 
1916 319 gi|31 2235 2375 
321 305 gi|31 2385 2477 
1918 1588 gi|31 9127 10600 
1517 3401 gi|31 26784 28976 
1920 556 gi|31 33931 34166 
1133 490 gi|31 33937 34021 
177 817 gi|31 33950 34130 
1083 524 gi|31 33961 34104 
1922 1228 gi|31 33965 34130 
1924 1190 gi|31 33966 34130 
695 980 gi|31 33968 34133 
1926 942 gi|31 33968 34102 
905 992 gi|31 33968 34077 
1930 1059 gi|31 33969 34198 
1217 714 gi|31 33969 34088 
1928 485 gi|31 33969 34021 
1932 400 gi|31 33980 34074 
1934 377 gi|31 33990 34159 
1936 353 gi|31 33990 34141 
667 512 gi|31 33990 34135 
653 277 gi|31 33999 34148 
1938 278 gi|31 33999 34088 
1940 265 gi|31 33999 34088 
1942 339 gi|31 34014 34077 
1944 276 gi|31 34016 34088 
1946 350 gi|31 34018 34079 
1948 315 gi|31 34029 34130 
1950 510 gi|31 34053 34198 
1952 504 gi|31 34053 34198 
923 492 gi|31 34053 34149 
1956 400 gi|31 34053 34131 
1227 278 gi|31 34053 34130 
1954 446 gi|31 34053 34129 
1958 283 gi|31 34054 34159 
1105 282 gi|31 34076 34146 
1960 2282 gi|31 34361 35427 
1253 289 gi|31 36159 36279 
1962 263 gi|31 36786 36955 
1964 364 gi|31 36850 36931 
1966 326 gi|31 36853 36927 
1642 431 gi|32 1418 1841 
1644 297 gi|32 2558 2714 
1646 290 gi|32 4164 4252 
1659 250 gi|32 8986 9351 
1648 290 gi|32 35752 35890 
1650 1582 gi|32 37199 37567 
1403 1907 gi|32 37219 37563 
1652 1106 gi|32 37276 37578 
1654 325 gi|32 37485 37563 
1481 266 gi|32 37494 37563 
1656 283 gi|32 38120 38187 
821 824 gi|32 39830 40175 
803 600 gi|32 39866 40178 
801 649 gi|32 39916 40178 
799 501 gi|32 39948 40175 
807 610 gi|32 39951 40178 
797 556 gi|32 39961 40178 
809 441 gi|32 39966 40175 
793 390 gi|32 39977 40178 
795 445 gi|32 39977 40177 
805 501 gi|32 39980 40178 
1998 817 gi|33 78 245 
2000 463 gi|33 80 209 
1417 486 gi|33 87 206 
2002 306 gi|33 98 256 
1415 297 gi|33 99 231 
2006 288 gi|33 105 205 
2008 284 gi|33 105 184 
2004 290 gi|33 105 181 
281 250 gi|33 133 170 
2010 373 gi|33 404 1464 
2012 337 gi|33 1455 1557 
1267 278 gi|33 1489 1630 
2014 289 gi|33 1489 1573 
2018 259 gi|33 1490 1572 
2020 405 gi|33 1490 1565 
2016 359 gi|33 1490 1563 
1059 317 gi|33 1490 1543 
2022 272 gi|33 1497 1557 
2024 409 gi|33 2773 3151 
957 1168 gi|33 6183 7196 
1017 288 gi|33 11419 11547 
2026 1128 gi|33 11472 11658 
2028 559 gi|33 11476 11580 
2030 453 gi|33 11477 11546 
2032 2236 gi|33 11483 11799 
2034 991 gi|33 11489 11646 
2036 342 gi|33 11490 11571 
1069 628 gi|33 11492 11826 
169 1028 gi|33 11492 11712 
1175 854 gi|33 11493 11648 
2038 1422 gi|33 11551 11789 
2042 741 gi|33 11567 11811 
2040 547 gi|33 11567 11744 
2048 292 gi|33 11610 11813 
1147 653 gi|33 11610 11799 
1223 902 gi|33 11610 11799 
2046 621 gi|33 11610 11799 
919 710 gi|33 11610 11799 
2044 265 gi|33 11610 11740 
721 607 gi|33 11610 11712 
211 774 gi|33 11619 11814 
2050 319 gi|33 11619 11710 
2052 794 gi|33 11620 11799 
2056 777 gi|33 11620 11799 
2054 486 gi|33 11620 11713 
683 505 gi|33 11620 11712 
2058 483 gi|33 11639 11713 
2060 418 gi|33 11648 11712 
2062 595 gi|33 11653 11814 
2064 782 gi|33 11655 11799 
1295 354 gi|33 11658 11708 
2066 347 gi|33 11658 11708 
1625 261 gi|33 11658 11691 
651 589 gi|33 11659 11763 
2068 305 gi|33 11713 11810 
2070 416 gi|33 11713 11798 
2072 357 gi|33 11713 11774 
999 406 gi|33 11725 11798 
2074 417 gi|33 11738 11799 
611 250 gi|33 11740 11790 
2076 955 gi|33 13917 14866 
2078 383 gi|33 16991 17348 
2080 487 gi|33 19051 19458 
2082 4992 gi|33 19054 21259 
1315 374 gi|33 19250 19431 
2084 321 gi|33 19806 20207 
1293 1556 gi|33 19842 21147 
2086 345 gi|33 19843 20256 
1377 280 gi|33 21833 22083 
481 337 gi|33 25424 25688 
2088 255 gi|33 26243 26503 
2090 265 gi|33 26269 26503 
1915 265 gi|33 26281 26508 
963 287 gi|33 26282 26658 
2092 268 gi|33 26282 26521 
2094 363 gi|33 26282 26503 
2096 658 gi|33 26643 26896 
2098 999 gi|33 26651 26981 
2100 349 gi|33 27799 27908 
125 481 gi|33 30525 30846 
2102 323 gi|33 30884 30985 
2104 264 gi|33 30894 30996 
2112 260 gi|33 30901 31028 
2106 521 gi|33 30901 31022 
2110 329 gi|33 30901 31005 
2108 452 gi|33 30901 31000 
2114 268 gi|33 30901 30962 
2116 443 gi|33 30907 31000 
2120 299 gi|33 30910 30992 
2118 324 gi|33 30910 30975 
783 980 gi|33 32224 33010 
2122 2349 gi|33 32256 33963 
787 1005 gi|33 33061 33985 
1968 4750 gi|34 4976 8706 
1970 300 gi|34 12493 12730 
409 756 gi|34 24141 24290 
1972 676 gi|34 24141 24214 
1974 731 gi|34 24217 24297 
1976 731 gi|34 24217 24297 
1978 705 gi|34 24217 24297 
1980 375 gi|34 24910 25499 
1982 677 gi|34 24911 25540 
1984 264 gi|34 25157 25259 
1986 431 gi|34 26671 27386 
1988 416 gi|34 34180 34331 
1990 675 gi|34 34280 35029 
813 438 gi|34 34280 34452 
817 573 gi|34 34865 35195 
1992 659 gi|34 35576 35832 
1994 702 gi|34 35600 35832 
1603 1297 gi|34 36500 36943 
1601 265 gi|34 36615 36664 
1996 463 gi|34 37222 37504 
1605 1810 gi|34 37631 37987 
1611 3301 gi|34 37697 40149 
95 4215 gi|34 37881 39235 
1758 259 gi|35 1717 1953 
1760 469 gi|35 1734 1956 
1762 360 gi|35 1745 1955 
1764 257 gi|35 1752 1953 
1766 442 gi|35 1756 1961 
313 254 gi|35 1760 2038 
1768 356 gi|35 1780 2356 
147 334 gi|35 1781 1963 
1770 252 gi|35 1783 1989 
1505 266 gi|35 1797 2347 
1569 389 gi|35 1841 1996 
1772 301 gi|35 1851 1956 
499 317 gi|35 1861 2324 
1774 309 gi|35 1877 2375 
1776 374 gi|35 5747 5873 
1778 268 gi|35 5756 5875 
747 283 gi|35 5764 5850 
1780 764 gi|35 5790 5891 
2107 521 gi|35 5791 5920 
1782 263 gi|35 5791 5856 
735 352 gi|35 5798 5876 
1784 318 gi|35 5801 5864 
1786 315 gi|35 5803 5881 
1011 277 gi|35 5803 5858 
1788 274 gi|35 5805 5870 
713 397 gi|35 5959 6046 
2061 418 gi|35 5959 6027 
1792 388 gi|35 5968 6046 
655 331 gi|35 5968 6037 
1790 371 gi|35 5968 6028 
1794 350 gi|35 5969 6047 
219 408 gi|35 5969 6028 
679 376 gi|35 5969 6028 
1796 404 gi|35 5969 6027 
1798 380 gi|35 5972 6028 
1297 478 gi|35 5973 6023 
1800 478 gi|35 5973 6023 
1802 728 gi|35 6024 6112 
1993 659 gi|35 6213 6465 
1804 655 gi|35 6320 6416 
63 295 gi|35 6329 6407 
1806 272 gi|35 6335 6383 
1373 345 gi|35 8055 8291 
1375 263 gi|35 8816 9124 
1367 272 gi|35 8863 9001 
757 272 gi|35 9173 9227 
1808 392 gi|35 9184 9442 
209 531 gi|35 9189 9280 
1237 280 gi|35 9189 9235 
1810 296 gi|35 9189 9231 
1812 296 gi|35 9189 9231 
1816 280 gi|35 9189 9231 
1818 296 gi|35 9189 9231 
1814 256 gi|35 9189 9226 
2051 319 gi|35 9194 9280 
1820 1034 gi|35 9199 9465 
1822 759 gi|35 9200 9449 
1937 353 gi|35 9200 9351 
705 528 gi|35 9200 9333 
1824 1060 gi|35 9210 9442 
643 605 gi|35 9210 9442 
1826 424 gi|35 9210 9280 
1828 677 gi|35 9229 9435 
1307 261 gi|35 9229 9278 
1830 256 gi|35 9229 9278 
1832 443 gi|35 9261 9419 
1834 319 gi|35 9268 9429 
931 843 gi|35 9286 9457 
1235 590 gi|35 9286 9442 
1842 664 gi|35 9286 9442 
1947 350 gi|35 9286 9346 
1836 333 gi|35 9286 9333 
1838 333 gi|35 9286 9333 
1840 317 gi|35 9286 9333 
1844 308 gi|35 9286 9333 
1161 534 gi|35 9342 9636 
1846 509 gi|35 9342 9457 
1848 371 gi|35 9342 9417 
1850 303 gi|35 9343 9408 
2071 416 gi|35 9354 9436 
229 304 gi|35 9363 9442 
985 386 gi|35 9366 9465 
591 286 gi|35 9378 9433 
1852 366 gi|35 9379 9453 
1854 308 gi|35 9385 9438 
1121 309 gi|35 9393 9448 
1856 254 gi|35 9400 9441 
1858 289 gi|35 14452 14586 
1323 307 gi|35 14828 15221 
1860 582 gi|35 14828 15185 
1862 378 gi|35 14978 15382 
1205 617 gi|35 19054 19344 
1864 1052 gi|35 19064 19344 
1995 702 gi|35 22055 22294 
1866 590 gi|35 22080 22187 
65 353 gi|35 22105 22178 
1868 253 gi|35 22124 22172 
1870 802 gi|35 22579 22752 
1872 1914 gi|35 22781 23045 
2109 452 gi|35 22940 23044 
1874 315 gi|35 22954 23032 
737 352 gi|35 22959 23037 
1876 289 gi|35 22960 23033 
1878 397 gi|35 22962 23049 
1880 274 gi|35 22965 23030 
1882 318 gi|35 22971 23034 
2113 260 gi|35 22974 23109 
1013 277 gi|35 22977 23032 
1884 263 gi|35 22979 23044 
749 281 gi|35 22985 23036 
1886 339 gi|35 23378 24481 
1888 381 gi|35 23933 24482 
2111 329 gi|35 28979 29092 
1890 342 gi|35 29005 29082 
1892 301 gi|35 29018 29090 
1894 264 gi|35 29020 29088 
1896 255 gi|35 29028 29092 
743 286 gi|35 29029 29083 
493 398 gi|35 29140 30357 
155 355 gi|35 33328 33457 
1898 400 gi|35 33341 33470 
1900 493 gi|35 33342 33457 
2029 559 gi|35 33357 33457 
1071 328 gi|35 33369 33457 
1181 283 gi|35 33380 33457 
1902 300 gi|35 33381 33457 
1904 326 gi|35 35154 35291 
1906 303 gi|35 35169 35499 
1397 6665 gi|35 36236 37064 
1249 6675 gi|35 36269 37029 
93 6631 gi|35 36282 37043 
1521 719 gi|36 569 911 
2124 813 gi|36 3479 3910 
2126 379 gi|36 5954 6063 
31 279 gi|36 5971 6063 
17 282 gi|36 5971 6055 
2130 286 gi|36 5975 6055 
2128 281 gi|36 5975 6051 
2132 266 gi|36 5981 6055 
2134 259 gi|36 5997 6063 
953 259 gi|36 6005 6063 
2136 303 gi|36 24134 24616 
2138 346 gi|36 24633 24857 
283 268 gi|36 24744 24851 
2140 274 gi|36 24776 24924 
887 295 gi|36 24786 24854 
1633 317 gi|36 24795 24907 
1617 335 gi|36 24795 24854 
2142 389 gi|36 24797 24885 
2069 305 gi|36 24817 24914 
1163 376 gi|36 24839 24924 
2144 322 gi|36 24839 24924 
2146 289 gi|36 24839 24924 
2148 352 gi|36 24839 24924 
2150 311 gi|36 24839 24924 
1243 337 gi|36 24839 24918 
939 352 gi|36 24839 24917 
1851 303 gi|36 24860 24924 
1005 263 gi|36 24863 24902 
2152 291 gi|36 24865 24924 
2027 1128 gi|36 25205 25390 
2154 1106 gi|36 25205 25368 
1177 655 gi|36 25214 25366 
2158 900 gi|36 25217 25369 
2156 630 gi|36 25217 25316 
1063 468 gi|36 25248 25478 
171 670 gi|36 25252 25368 
1899 400 gi|36 25270 25400 
2160 385 gi|36 25291 25394 
1023 376 gi|36 25315 25369 
2162 363 gi|36 25316 25365 
2164 269 gi|36 27183 27291 
2166 11996 gi|36 27952 29380 
2168 12065 gi|36 28005 29379 
53 12073 gi|36 28005 29356 
1429 11951 gi|36 28008 29480 
2170 12019 gi|36 28008 29374 
571 11910 gi|36 28009 29622 
2172 12049 gi|36 28009 29348 
2174 12031 gi|36 28009 29333 
1027 11952 gi|36 28010 29549 
1707 12043 gi|36 28010 29369 
253 12038 gi|36 28011 29365 
883 302 gi|36 30041 30193 
983 318 gi|36 30202 30304 
201 584 gi|36 30204 30476 
633 996 gi|36 30205 30514 
2176 593 gi|36 30208 30408 
1167 562 gi|36 30209 30334 
1821 1034 gi|36 30210 30477 
2178 1087 gi|36 30221 30476 
1123 323 gi|36 30221 30282 
2063 595 gi|36 30224 30396 
927 866 gi|36 30230 30396 
2180 561 gi|36 30231 30334 
2182 1116 gi|36 30232 30408 
2186 1781 gi|36 30233 30552 
1231 1014 gi|36 30233 30396 
2188 1016 gi|36 30233 30396 
2184 316 gi|36 30233 30299 
589 342 gi|36 30234 30300 
2190 271 gi|36 30246 30293 
2192 696 gi|36 30255 30413 
2194 333 gi|36 30261 30334 
1935 377 gi|36 30312 30476 
197 876 gi|36 30322 30552 
1101 439 gi|36 30329 30392 
671 1083 gi|36 30334 30554 
693 709 gi|36 30334 30476 
1943 339 gi|36 30334 30396 
2198 253 gi|36 30338 30476 
2196 315 gi|36 30338 30396 
761 386 gi|36 30338 30388 
1815 256 gi|36 30338 30375 
1921 556 gi|36 30352 30584 
2200 569 gi|36 30359 30464 
1793 388 gi|36 30378 30453 
2059 483 gi|36 30393 30465 
2202 461 gi|36 30394 30469 
1309 344 gi|36 30398 30447 
2204 335 gi|36 30398 30447 
2206 524 gi|36 30404 30578 
2041 547 gi|36 30411 30578 
2208 503 gi|36 30414 30539 
2210 455 gi|36 30415 30658 
1627 251 gi|36 30415 30447 
221 474 gi|36 30418 30505 
1079 302 gi|36 30432 30606 
907 466 gi|36 30446 30554 
657 445 gi|36 30448 30514 
1209 404 gi|36 30449 30576 
2212 258 gi|36 30449 30542 
1799 380 gi|36 30449 30505 
1303 325 gi|36 30454 30504 
2214 321 gi|36 30454 30504 
2216 329 gi|36 30484 30552 
2218 352 gi|36 30494 30554 
1135 302 gi|36 30502 30576 
67 251 gi|36 30502 30557 
2220 279 gi|36 30502 30552 
2222 2033 gi|36 33621 34512 
2224 1029 gi|36 34504 35353 
2226 290 gi|36 39828 39935 
2228 263 gi|36 39876 39936 
1673 273 gi|36 39880 40051 
2230 2317 gi|37 232 1296 
2232 250 gi|37 2511 2667 
2105 264 gi|37 2577 2674 
2103 323 gi|37 2579 2683 
1009 277 gi|37 2589 2718 
2234 258 gi|37 2594 2661 
2236 264 gi|37 2602 2665 
2238 298 gi|37 2603 2672 
1787 315 gi|37 2609 2683 
1875 315 gi|37 2609 2683 
2240 339 gi|37 2609 2683 
745 291 gi|37 2609 2667 
617 402 gi|37 5301 6043 
2242 274 gi|37 6681 6874 
977 501 gi|37 7215 7783 
2244 310 gi|37 11552 11631 
943 271 gi|37 11559 11631 
1065 485 gi|37 11575 11801 
1855 308 gi|37 11578 11631 
1247 277 gi|37 11580 11631 
2246 271 gi|37 11580 11631 
2248 287 gi|37 11580 11631 
2250 287 gi|37 11580 11631 
2252 269 gi|37 11581 11631 
2254 265 gi|37 11581 11631 
2191 271 gi|37 11584 11631 
1179 684 gi|37 11609 11791 
2256 944 gi|37 11619 11800 
2258 898 gi|37 11625 11775 
2035 991 gi|37 11643 11801 
2159 900 gi|37 11643 11797 
165 518 gi|37 11678 11797 
1903 300 gi|37 11709 11785 
2260 308 gi|37 11718 11831 
2262 251 gi|37 11743 11816 
1519 2185 gi|37 18970 20086 
2264 422 gi|37 25240 25940 
483 833 gi|37 29010 30007 
1523 615 gi|37 29035 29964 
891 1004 gi|37 29174 29996 
2077 955 gi|38 10 954 
2308 1085 gi|38 3442 4689 
1961 2282 gi|38 12852 13919 
2310 6082 gi|38 13835 15329 
2312 344 gi|38 13929 14557 
2314 1282 gi|38 14925 15301 
1753 735 gi|38 15157 15329 
1737 383 gi|38 19922 20005 
2316 4000 gi|38 19925 20431 
1733 47378 gi|38 20215 26962 
1477 1709 gi|38 24584 25072 
2318 2512 gi|38 26814 27277 
2320 11965 gi|38 27260 28695 
1729 2027 gi|38 27268 27531 
1725 1684 gi|38 28458 28817 
1721 5861 gi|38 28796 29558 
2322 7977 gi|38 28797 30142 
1719 1004 gi|38 29533 29690 
1715 642 gi|38 29890 30142 
961 3709 gi|39 6777 7871 
2406 987 gi|39 7307 7890 
469 342 gi|39 7373 7667 
2410 603 gi|39 7477 7809 
2408 639 gi|39 7477 7803 
2412 836 gi|39 7484 7798 
1911 396 gi|39 7498 7714 
2093 268 gi|39 7502 7735 
2414 264 gi|39 11695 11802 
975 272 gi|39 11698 11889 
2416 487 gi|39 11810 12137 
2418 503 gi|39 11829 12138 
2089 255 gi|39 11878 12128 
1909 304 gi|39 11892 12172 
471 284 gi|39 11895 11940 
965 962 gi|39 11896 12241 
2420 610 gi|39 11898 12216 
2422 472 gi|39 11967 12219 
2424 558 gi|39 12771 13479 
1385 478 gi|39 15105 15486 
2426 312 gi|39 15112 15535 
1697 535 gi|39 15160 15540 
1699 412 gi|39 20674 21144 
509 331 gi|39 21813 22123 
1873 1914 gi|39 23287 23562 
1781 764 gi|39 23287 23387 
733 309 gi|39 23292 23372 
2117 443 gi|39 23295 23391 
1891 342 gi|39 23297 23375 
2428 283 gi|39 23297 23371 
1897 255 gi|39 23297 23362 
1783 263 gi|39 23297 23357 
1885 263 gi|39 23297 23357 
2115 268 gi|39 23297 23357 
751 273 gi|39 23297 23346 
2241 339 gi|39 23299 23377 
2430 325 gi|39 23299 23369 
2235 258 gi|39 23299 23365 
2432 325 gi|39 23299 23360 
1015 283 gi|39 23299 23354 
2434 279 gi|39 23301 23366 
1803 728 gi|39 23405 23492 
1871 802 gi|39 23447 23625 
1867 590 gi|39 23847 23943 
1805 655 gi|39 23847 23942 
1807 272 gi|39 23865 23913 
1869 253 gi|39 23865 23913 
2436 990 gi|39 25562 26377 
2438 617 gi|39 26772 28197 
2440 943 gi|39 26855 28232 
2442 340 gi|39 27135 27737 
2085 321 gi|39 32069 32478 
1291 293 gi|39 32091 32504 
2444 438 gi|39 32136 32491 
2446 318 gi|39 32321 32505 
1395 292 gi|39 36512 36792 
2448 331 gi|39 36512 36711 
2450 265 gi|39 38865 39857 
1863 378 gi|39 39312 39704 
1325 372 gi|39 39438 39703 
488 1244 gi|4 168 977 
490 578 gi|4 1261 2568 
492 398 gi|4 1348 2583 
494 325 gi|4 2531 2774 
496 434 gi|4 5204 5800 
498 317 gi|4 5211 5641 
500 486 gi|4 5246 5887 
504 323 gi|4 5552 5861 
502 368 gi|4 5552 5726 
506 270 gi|4 5552 5623 
508 331 gi|4 13184 13494 
510 375 gi|4 14388 14708 
512 253 gi|4 14403 14781 
514 324 gi|4 14525 14724 
516 399 gi|4 19006 19122 
518 463 gi|4 19042 19189 
520 413 gi|4 19042 19120 
522 1442 gi|4 19457 20860 
524 1278 gi|4 19539 20478 
526 2674 gi|4 33483 34502 
528 611 gi|4 34090 34567 
530 579 gi|4 34692 35022 
2081 487 gi|40 1376 1796 
1313 316 gi|40 1388 1768 
2266 687 gi|40 1474 1840 
2268 540 gi|40 2385 2849 
2270 451 gi|40 5943 6155 
2272 268 gi|40 8666 8735 
2274 925 gi|40 8749 9005 
1077 422 gi|40 8863 9005 
1139 494 gi|40 8891 8953 
2276 485 gi|40 8893 8953 
673 802 gi|40 8895 9122 
187 1148 gi|40 8898 9063 
2278 1682 gi|40 8900 9225 
1213 701 gi|40 8900 9005 
2280 1475 gi|40 8901 9220 
1931 1059 gi|40 8901 9145 
915 925 gi|40 8901 9005 
2187 1781 gi|40 8902 9224 
2045 265 gi|40 8912 9043 
2282 403 gi|40 8912 9005 
645 1223 gi|40 8922 9220 
2199 253 gi|40 8922 9063 
659 458 gi|40 8931 9063 
2284 268 gi|40 8931 9043 
2286 255 gi|40 8931 9043 
1955 446 gi|40 8931 9005 
2197 315 gi|40 8946 9005 
1837 333 gi|40 8950 8997 
2055 486 gi|40 8961 9064 
205 602 gi|40 8985 9224 
697 642 gi|40 8985 9122 
2288 468 gi|40 8986 9063 
1825 1060 gi|40 8989 9224 
2290 579 gi|40 8991 9063 
1795 350 gi|40 9004 9082 
1305 304 gi|40 9009 9059 
2292 294 gi|40 9009 9059 
2294 730 gi|40 9035 9197 
2296 589 gi|40 9046 9224 
2298 1461 gi|40 9065 9240 
1233 1416 gi|40 9065 9226 
929 1020 gi|40 9065 9224 
2065 782 gi|40 9065 9219 
1945 276 gi|40 9065 9134 
1103 409 gi|40 9067 9122 
759 419 gi|40 9071 9121 
1811 296 gi|40 9084 9128 
1155 915 gi|40 9123 9331 
2300 804 gi|40 9123 9224 
2302 469 gi|40 9123 9197 
2149 352 gi|40 9125 9213 
995 445 gi|40 9148 9221 
2304 620 gi|40 9161 9251 
599 335 gi|40 9163 9221 
2245 310 gi|40 9167 9240 
1119 302 gi|40 9175 9224 
2306 305 gi|40 19313 19462 
1485 6140 gi|41 2811 3711 
1131 865 gi|41 6217 6491 
2660 251 gi|41 11606 11783 
2425 558 gi|41 23217 23928 
2662 258 gi|41 23681 23935 
2664 269 gi|41 24987 25036 
2666 260 gi|41 25592 25704 
2324 543 gi|42 4684 4992 
1775 309 gi|42 5457 5911 
2326 264 gi|42 5490 5936 
2328 514 gi|42 5497 6160 
501 486 gi|42 5533 6175 
2330 285 gi|42 5827 6068 
2332 260 gi|42 5833 5932 
2334 418 gi|42 15137 15576 
2336 282 gi|42 15958 16050 
2338 254 gi|42 15968 16050 
2340 251 gi|42 15990 16053 
2023 272 gi|42 15990 16050 
123 295 gi|42 24359 24556 
1473 420 gi|42 28345 29371 
2342 330 gi|43 2292 3490 
1331 297 gi|43 2312 3529 
1259 406 gi|43 2887 3533 
2415 264 gi|43 5085 5191 
1469 307 gi|43 5699 6036 
2325 543 gi|43 5727 6035 
967 583 gi|43 10770 11126 
2344 525 gi|43 10776 11109 
2411 603 gi|43 10777 11114 
2421 610 gi|43 10783 11109 
2346 795 gi|43 10784 11151 
1917 319 gi|43 10797 10931 
2348 445 gi|43 10863 11109 
2350 255 gi|43 19370 19552 
2352 857 gi|43 34185 34883 
1887 339 gi|43 35558 36613 
2354 491 gi|43 38883 39937 
2356 273 gi|43 39357 39482 
1189 351 gi|43 39387 39982 
2358 324 gi|43 39399 39578 
2360 338 gi|43 39589 39874 
149 273 gi|43 39750 39934 
2362 385 gi|43 39754 39984 
1765 257 gi|43 39758 39976 
263 272 gi|44 12792 12868 
2364 257 gi|44 20549 20594 
2366 303 gi|44 20555 20594 
2368 349 gi|44 21503 21700 
19 488 gi|44 21548 21700 
2372 267 gi|44 21568 21761 
2370 281 gi|44 21568 21648 
949 276 gi|44 21576 21725 
7 709 gi|44 21578 21761 
2374 329 gi|44 21589 21701 
2376 313 gi|44 21590 21762 
2378 383 gi|44 21595 21744 
2380 512 gi|44 21605 21761 
2131 286 gi|44 21622 21700 
2384 283 gi|44 21637 21812 
2382 333 gi|44 21637 21700 
1 587 gi|44 21642 21861 
945 278 gi|44 21645 21786 
2386 263 gi|44 21656 21831 
2388 258 gi|44 21661 21710 
2390 478 gi|44 21671 21831 
2392 257 gi|44 21678 21799 
2133 266 gi|44 21688 21761 
3 414 gi|44 21700 21835 
951 280 gi|44 21705 21867 
2394 409 gi|44 21732 21825 
621 1792 gi|44 31948 35656 
2396 2130 gi|44 37921 39600 
1423 587 gi|45 3691 3804 
521 413 gi|45 3719 3799 
2452 294 gi|45 3724 3800 
2454 330 gi|45 6441 7058 
2456 304 gi|45 8871 9076 
1595 351 gi|45 8967 9142 
2458 254 gi|45 9435 9534 
2460 1754 gi|45 15087 16396 
2462 259 gi|45 15124 15713 
307 275 gi|45 15132 15422 
2363 385 gi|45 15172 15403 
851 422 gi|45 15203 15699 
1769 356 gi|45 15222 15777 
1567 257 gi|45 15268 15440 
2464 268 gi|45 15301 15785 
303 276 gi|45 15304 15405 
1589 336 gi|45 15306 15715 
2466 250 gi|45 15319 15490 
2468 312 gi|45 15622 15754 
2357 273 gi|45 15677 15789 
323 13373 gi|45 18947 20471 
1283 425 gi|45 18951 18999 
297 294 gi|45 18952 18987 
2470 469 gi|45 18994 19105 
1427 278 gi|45 20207 20364 
2472 423 gi|45 20411 20464 
2474 368 gi|45 20520 20722 
2476 370 gi|45 20705 21046 
2478 374 gi|45 20819 21135 
387 270 gi|45 20914 21095 
2480 320 gi|45 20918 21355 
365 877 gi|45 20921 21135 
2482 304 gi|45 20960 21259 
2484 650 gi|45 20997 21541 
373 318 gi|45 20997 21470 
2486 456 gi|45 20997 21387 
2488 722 gi|45 21068 21397 
2490 986 gi|45 21109 21467 
2492 2338 gi|45 21113 21657 
385 900 gi|45 21143 21387 
2494 366 gi|45 21150 21694 
2496 293 gi|45 21220 21694 
377 301 gi|45 21245 21541 
393 309 gi|45 21257 21555 
2498 881 gi|45 21314 21997 
2500 251 gi|45 21314 21387 
345 452 gi|45 21316 21639 
2502 339 gi|45 21332 21694 
2504 1610 gi|45 21392 21961 
381 329 gi|45 21449 21859 
2506 460 gi|45 21480 22239 
1975 731 gi|45 21496 21576 
2508 390 gi|45 21504 22000 
371 328 gi|45 21507 21845 
2510 991 gi|45 21569 22343 
2512 849 gi|45 21655 21758 
2514 376 gi|45 21669 21994 
2516 607 gi|45 21788 22427 
383 326 gi|45 21795 22240 
1977 731 gi|45 21800 21880 
2518 527 gi|45 21873 22561 
401 357 gi|45 21876 22137 
367 432 gi|45 21893 22429 
2520 892 gi|45 21959 22065 
2522 834 gi|45 21960 22707 
1669 447 gi|45 21980 22137 
2524 321 gi|45 22063 22144 
389 726 gi|45 22076 22511 
2526 618 gi|45 22079 22477 
2528 540 gi|45 22080 22434 
2530 291 gi|45 22080 22302 
363 352 gi|45 22081 22468 
2532 368 gi|45 22119 22702 
2534 378 gi|45 22148 22241 
2536 870 gi|45 22164 22868 
2538 371 gi|45 22180 22434 
2229 263 gi|45 22180 22240 
2540 323 gi|45 22246 22342 
2542 3922 gi|45 22257 22947 
355 258 gi|45 22278 22387 
2544 307 gi|45 22367 22474 
2546 3477 gi|45 22370 23197 
361 563 gi|45 22371 22869 
341 296 gi|45 22434 22947 
2548 312 gi|45 22451 22618 
2550 772 gi|45 22455 23039 
2552 615 gi|45 22533 23041 
2554 439 gi|45 22628 22798 
2556 455 gi|45 22630 23034 
2558 419 gi|45 22644 23019 
1667 282 gi|45 22720 22869 
379 776 gi|45 22760 23048 
343 1006 gi|45 22793 23003 
403 30267 gi|45 22795 26376 
2560 509 gi|45 22795 23044 
2562 396 gi|45 22795 23039 
2564 285 gi|45 22805 23000 
2566 469 gi|45 22811 22996 
2568 341 gi|45 22876 23054 
2570 458 gi|45 22878 23053 
357 359 gi|45 22890 22947 
2572 284 gi|45 22958 23039 
2574 531 gi|45 22959 23055 
369 351 gi|45 22985 23041 
2576 483 gi|45 23043 23118 
2584 30676 gi|45 23057 26455 
2578 31109 gi|45 23057 26376 
2586 29924 gi|45 23057 26376 
2580 472 gi|45 23057 23118 
2582 404 gi|45 23057 23118 
2588 342 gi|45 23068 23118 
2590 480 gi|45 26329 26570 
397 553 gi|45 26350 26499 
2592 904 gi|45 26355 26544 
339 335 gi|45 26368 26555 
2594 439 gi|45 26374 26544 
2598 260 gi|45 26375 26552 
2596 354 gi|45 26375 26549 
2602 317 gi|45 26376 26507 
2600 456 gi|45 26376 26458 
2604 317 gi|45 26432 26562 
2606 17042 gi|45 26468 28300 
2608 319 gi|45 26468 26563 
407 250 gi|45 26473 26544 
437 16397 gi|45 26556 28588 
2610 16396 gi|45 26556 28461 
2612 16282 gi|45 26556 28301 
2663 258 gi|45 29539 29794 
2614 981 gi|45 31110 32258 
2616 790 gi|45 33826 34289 
2618 711 gi|45 33843 34440 
2620 1055 gi|45 33878 34555 
2622 257 gi|45 33971 34145 
2624 320 gi|45 34005 34126 
151 261 gi|45 34033 34143 
871 336 gi|45 34039 34148 
2626 297 gi|45 34046 34143 
75 263 gi|45 34145 34269 
1515 283 gi|45 34354 34504 
1529 254 gi|45 34410 34494 
829 2135 gi|46 4 1543 
837 2303 gi|46 4 1510 
1637 1402 gi|46 4 716 
825 654 gi|46 4 675 
833 688 gi|46 13 494 
843 543 gi|46 662 1507 
1639 1949 gi|46 700 1541 
827 781 gi|46 711 1547 
2398 643 gi|46 735 878 
1963 263 gi|46 9660 9815 
2400 256 gi|46 9719 9785 
543 330 gi|46 12977 13239 
547 293 gi|46 16110 16364 
579 301 gi|46 16133 16364 
1335 271 gi|46 16192 16348 
533 272 gi|46 16234 16378 
535 255 gi|46 19738 19882 
2402 280 gi|46 36275 36872 
2404 261 gi|46 36330 37146 
2625 320 gi|46 36787 36924 
2403 280 gi|47 22104 22679 
2628 355 gi|47 26756 27027 
2013 337 gi|47 26891 26995 
2630 268 gi|47 26929 27012 
2634 328 gi|47 26929 27011 
1049 365 gi|47 26929 27007 
2632 535 gi|47 26929 27006 
1273 422 gi|47 26929 27001 
2341 251 gi|47 26934 26998 
1537 257 gi|47 27335 27742 
1967 326 gi|47 29910 29985 
2401 256 gi|47 29910 29976 
2137 303 gi|47 30912 31392 
1459 2376 gi|47 31630 32123 
2636 2665 gi|47 32138 32683 
1457 2427 gi|47 32138 32516 
1461 256 gi|47 32553 32591 
1363 299 gi|47 33808 34151 
2638 254 gi|47 34438 34538 
2640 358 gi|47 34518 34705 
1685 409 gi|47 34523 34732 
1679 975 gi|47 34536 34879 
2642 878 gi|47 34557 34890 
2644 640 gi|47 35929 36061 
1357 332 gi|48 1493 1800 
2646 1257 gi|48 6897 8116 
2443 340 gi|48 7101 7739 
2648 346 gi|48 7398 7539 
1061 281 gi|48 10672 10746 
2650 834 gi|48 14034 15010 
1265 371 gi|48 18692 18993 
1987 431 gi|48 21618 22323 
2652 383 gi|48 23021 23980 
1983 677 gi|48 23313 23939 
2441 943 gi|48 27052 28394 
2654 3246 gi|48 27120 28490 
1387 6232 gi|48 29000 29775 
453 6116 gi|48 29000 29754 
2656 2537 gi|48 29000 29305 
2658 1985 gi|48 29469 29774 
2732 250 gi|49 2624 2848 
2734 347 gi|49 13609 14049 
2617 790 gi|49 13611 14075 
2736 676 gi|49 13680 13985 
35 297 gi|49 13712 13932 
2333 260 gi|49 13763 13863 
2738 363 gi|49 17322 17947 
1371 275 gi|49 17709 17813 
1767 442 gi|49 17713 17924 
2740 271 gi|49 17724 17801 
2742 291 gi|49 17726 17896 
1339 552 gi|49 18350 19587 
2011 373 gi|49 23432 24478 
2744 279 gi|49 28182 28795 
1985 264 gi|49 28435 28537 
1187 2619 gi|49 30004 31684 
2746 448 gi|49 30048 30757 
37 251 gi|49 30101 30187 
863 350 gi|49 30278 30645 
1593 380 gi|49 30438 30646 
1551 257 gi|49 30454 30699 
1577 271 gi|49 30455 30656 
2623 257 gi|49 30463 30643 
1691 256 gi|49 30526 30595 
1197 672 gi|49 32305 32629 
2407 987 gi|49 35528 36096 
969 742 gi|49 35621 36051 
2748 445 gi|49 35624 35955 
2347 795 gi|49 35627 35994 
2419 503 gi|49 35705 36012 
2750 974 gi|49 35707 36349 
465 264 gi|49 35708 35954 
1913 297 gi|49 35715 35940 
293 266 gi|5 1260 1330 
322 13373 gi|5 1290 2816 
324 425 gi|5 1294 1342 
326 469 gi|5 1337 1448 
328 269 gi|5 2550 2708 
330 417 gi|5 2755 2807 
332 935 gi|5 2821 3039 
334 499 gi|5 2823 3343 
336 330 gi|5 2826 3168 
338 335 gi|5 2834 3000 
340 296 gi|5 2837 3343 
342 1006 gi|5 2839 3039 
346 1704 gi|5 2841 3500 
344 452 gi|5 2841 3183 
348 257 gi|5 2841 2913 
350 471 gi|5 2851 3261 
352 257 gi|5 2851 2915 
354 258 gi|5 2854 2952 
358 366 gi|5 2855 2952 
356 359 gi|5 2855 2912 
360 563 gi|5 2857 3346 
362 352 gi|5 2857 3227 
372 318 gi|5 2858 3346 
366 432 gi|5 2858 3345 
370 328 gi|5 2858 3168 
364 877 gi|5 2858 3084 
368 351 gi|5 2858 2914 
374 351 gi|5 2858 2914 
376 301 gi|5 2859 3168 
378 776 gi|5 2886 3197 
380 329 gi|5 2894 3261 
382 326 gi|5 2921 3344 
384 900 gi|5 2922 3188 
386 270 gi|5 2929 3149 
388 726 gi|5 2931 3344 
390 851 gi|5 2937 3197 
392 309 gi|5 2942 3261 
394 293 gi|5 3002 3227 
396 553 gi|5 3093 3224 
398 293 gi|5 3093 3188 
400 357 gi|5 3116 3343 
402 30267 gi|5 3117 6756 
404 483 gi|5 3117 3344 
406 250 gi|5 3118 3188 
408 756 gi|5 3131 3276 
410 1437 gi|5 3202 3356 
412 773 gi|5 3275 3361 
414 30330 gi|5 3354 6799 
418 29316 gi|5 3354 6501 
416 475 gi|5 3354 3421 
420 49673 gi|5 3357 8679 
422 472 gi|5 3360 3421 
424 404 gi|5 3360 3421 
426 342 gi|5 3371 3421 
428 474 gi|5 6457 6609 
430 1231 gi|5 6613 6756 
432 472 gi|5 6727 6880 
434 16755 gi|5 6888 8745 
436 16397 gi|5 6929 8903 
438 16401 gi|5 6930 8676 
440 259 gi|5 8634 8686 
442 458 gi|5 10406 11692 
444 278 gi|5 10444 11655 
446 544 gi|5 10684 11620 
448 397 gi|5 18702 20508 
450 985 gi|5 20916 21685 
454 6009 gi|5 29043 29792 
452 6116 gi|5 29043 29791 
456 1816 gi|5 29043 29328 
458 2598 gi|5 29486 29792 
460 1507 gi|5 32133 33267 
462 433 gi|5 32320 32695 
1319 256 gi|50 9178 9445 
2752 344 gi|50 27641 27870 
2754 278 gi|50 27737 27818 
2758 255 gi|50 27738 27832 
1581 283 gi|50 27738 27829 
2756 297 gi|50 27738 27825 
1513 253 gi|50 27738 27823 
2760 363 gi|50 27740 27831 
1757 745 gi|50 33755 34696 
2751 974 gi|51 205 862 
2417 487 gi|51 525 863 
2668 530 gi|51 588 938 
2413 836 gi|51 615 938 
971 712 gi|51 615 863 
2349 445 gi|51 615 861 
2095 363 gi|51 633 854 
2521 892 gi|51 11902 12009 
2513 849 gi|51 11906 12009 
2670 1714 gi|51 12391 13910 
2672 961 gi|51 13967 14563 
2674 508 gi|51 14896 15381 
2611 16396 gi|51 20863 22788 
435 16755 gi|51 20970 22845 
2676 16670 gi|51 21039 22845 
2678 48987 gi|51 21040 26442 
2680 31476 gi|51 22813 26308 
415 30330 gi|51 22813 26181 
2579 31109 gi|51 22856 26175 
2682 1135 gi|51 26035 26177 
2684 342 gi|51 26114 26164 
2686 2784 gi|51 26393 26720 
2690 1614 gi|51 26393 26586 
417 475 gi|51 26393 26459 
2688 488 gi|51 26393 26455 
2581 472 gi|51 26393 26453 
2692 3069 gi|51 26671 27287 
2696 1249 gi|51 26671 26843 
2577 483 gi|51 26671 26746 
2694 482 gi|51 26671 26734 
423 472 gi|51 26671 26731 
2698 626 gi|51 26928 27016 
2702 611 gi|51 26928 27016 
2700 410 gi|51 26928 26996 
2583 404 gi|51 26928 26988 
425 404 gi|51 26928 26988 
1635 253 gi|51 27013 27066 
2704 302 gi|51 34374 34451 
1969 4750 gi|52 5546 9271 
1599 1071 gi|52 10457 11237 
2273 268 gi|52 14909 14990 
2269 540 gi|52 17655 18128 
2706 495 gi|52 25231 25852 
1645 297 gi|52 25597 25764 
2708 968 gi|52 30403 31671 
2710 686 gi|52 31878 32943 
2712 268 gi|52 35935 36139 
1511 354 gi|52 36015 36163 
1919 1588 gi|53 7632 9094 
2265 422 gi|53 10493 11196 
2669 530 gi|53 12305 12646 
959 505 gi|53 12327 12854 
2409 639 gi|53 12328 12651 
2749 445 gi|53 12331 12654 
2345 525 gi|53 12332 12662 
2091 265 gi|53 12343 12571 
2423 472 gi|53 12410 12654 
2757 297 gi|53 18438 18534 
1859 289 gi|53 21542 21682 
1483 283 gi|53 23514 23676 
2780 283 gi|53 29166 29234 
2651 834 gi|53 33219 34214 
1443 256 gi|53 38412 38481 
131 4582 gi|54 2081 2874 
2762 317 gi|54 2187 2268 
2099 999 gi|54 3374 3753 
135 903 gi|54 4617 4808 
2097 658 gi|54 7409 7697 
1007 4562 gi|54 14855 15769 
109 1296 gi|54 15787 16461 
111 17999 gi|54 16205 18575 
893 543 gi|54 16839 17481 
85 356 gi|54 17025 18275 
897 314 gi|54 17904 18151 
129 6988 gi|54 18555 19363 
1199 260 gi|54 18628 18701 
2764 260 gi|54 18658 18739 
127 7068 gi|54 25643 26492 
1201 260 gi|54 25723 25796 
2766 260 gi|54 25753 25834 
1999 817 gi|54 26490 26655 
2768 1009 gi|54 26502 26784 
2770 382 gi|54 26518 26611 
2005 290 gi|54 26532 26611 
1411 1380 gi|54 26557 26815 
2772 272 gi|54 26564 26605 
275 276 gi|54 26564 26603 
1349 291 gi|55 12222 12330 
2667 260 gi|55 12296 12398 
623 2069 gi|55 18010 19213 
2714 300 gi|55 18376 18597 
1889 381 gi|55 20257 20832 
2083 4992 gi|55 23566 25758 
2267 687 gi|55 23657 24020 
1287 2022 gi|55 24131 25583 
2445 438 gi|55 24404 24753 
2716 464 gi|55 24575 25213 
2718 275 gi|55 28925 29368 
2437 990 gi|55 29675 30496 
1989 416 gi|55 31122 31277 
1585 376 gi|55 35241 35951 
1555 732 gi|55 35266 35952 
2720 385 gi|55 35271 35584 
2722 424 gi|55 35289 35627 
2724 392 gi|55 35294 35596 
1543 444 gi|55 35300 35927 
875 520 gi|55 35330 35577 
2726 294 gi|55 35337 35628 
1773 301 gi|55 35465 35572 
2728 435 gi|55 36068 36343 
1541 722 gi|55 36081 36857 
41 286 gi|55 36127 36299 
1535 253 gi|55 36164 36372 
1583 445 gi|55 36165 36762 
2713 268 gi|55 36168 36372 
143 266 gi|55 36180 36377 
1557 339 gi|55 36243 36770 
2730 255 gi|55 36276 36340 
1713 254 gi|56 4277 4372 
1997 463 gi|56 5673 5955 
2671 1714 gi|56 9264 10784 
2719 275 gi|56 9517 9970 
1279 456 gi|56 15751 15964 
2888 353 gi|56 16149 16230 
2890 373 gi|56 16195 16291 
2892 505 gi|56 16215 16375 
2894 441 gi|56 16257 16426 
2896 289 gi|56 23326 23893 
2353 857 gi|56 37713 38415 
1401 1977 gi|57 1937 2398 
1651 1582 gi|57 2032 2402 
819 357 gi|57 2249 2726 
2796 393 gi|57 2320 2398 
815 1334 gi|57 2991 3221 
1991 675 gi|57 3019 3795 
811 15637 gi|57 3594 5384 
2641 358 gi|57 12155 12326 
1687 289 gi|57 12173 12333 
1681 384 gi|57 12173 12324 
2405 261 gi|57 13955 14751 
2731 255 gi|57 14206 14270 
2798 7038 gi|57 20942 22982 
2165 269 gi|57 21257 21365 
2800 3443 gi|57 21920 22967 
1657 283 gi|57 23342 23407 
1653 1106 gi|57 25077 25365 
1405 1038 gi|57 25092 25330 
2802 360 gi|57 25092 25169 
1665 371 gi|57 26183 26308 
2515 376 gi|57 26231 26561 
2804 293 gi|57 26373 26602 
411 1437 gi|57 26373 26527 
1973 676 gi|57 26374 26447 
2481 320 gi|57 26382 26839 
2509 390 gi|57 26382 26832 
2487 456 gi|57 26385 26779 
2493 2338 gi|57 26417 26979 
2505 1610 gi|57 26434 26979 
2569 341 gi|57 26444 26618 
2806 276 gi|57 26446 26961 
1671 740 gi|57 26446 26526 
351 471 gi|57 26452 26865 
2565 285 gi|57 26452 26654 
2808 329 gi|57 26452 26654 
2559 419 gi|57 26456 26851 
2810 340 gi|57 26456 26649 
2545 307 gi|57 26456 26569 
2527 618 gi|57 26458 26839 
2503 339 gi|57 26460 26831 
2812 387 gi|57 26498 26961 
337 330 gi|57 26521 26851 
2814 820 gi|57 26524 26700 
2816 455 gi|57 26529 26851 
2557 455 gi|57 26530 26961 
2479 374 gi|57 26530 26872 
2483 304 gi|57 26589 26926 
2489 722 gi|57 26627 26977 
2818 344 gi|57 26704 26839 
2531 291 gi|57 26719 26931 
2539 371 gi|57 26721 26971 
2605 317 gi|57 26762 26890 
2820 292 gi|57 26795 26989 
2603 317 gi|57 26798 26929 
1979 705 gi|57 26806 26886 
2822 267 gi|57 26813 26924 
2824 257 gi|57 31644 31735 
2359 324 gi|57 34379 34557 
1281 251 gi|58 2971 3255 
2455 330 gi|58 10884 11500 
2897 289 gi|58 10964 11503 
2774 281 gi|58 20987 21111 
2776 250 gi|58 21000 21109 
777 303 gi|58 21043 21107 
2778 250 gi|58 27846 27939 
1035 12070 gi|59 7734 9067 
1439 12040 gi|59 7737 9068 
2782 12061 gi|59 7738 9068 
563 12052 gi|59 7739 9069 
2784 12073 gi|59 7739 9066 
245 12032 gi|59 7740 9164 
57 12051 gi|59 7740 9066 
2171 12019 gi|59 7741 9112 
1709 11977 gi|59 7743 9266 
2786 12033 gi|59 7744 9066 
2788 12032 gi|59 10916 12317 
2790 12065 gi|59 10929 12354 
2169 12065 gi|59 10929 12320 
49 12045 gi|59 10957 12320 
255 12034 gi|59 10984 12314 
1711 12031 gi|59 10988 12314 
567 12031 gi|59 10990 12316 
1441 12025 gi|59 10992 12318 
2792 12052 gi|59 10992 12316 
1039 12033 gi|59 10992 12314 
532 272 gi|6 2410 2543 
534 255 gi|6 2410 2537 
536 308 gi|6 2427 2633 
538 292 gi|6 2430 2573 
540 784 gi|6 2661 3119 
542 330 gi|6 2911 3193 
544 258 gi|6 2998 3099 
546 293 gi|6 6847 7117 
548 294 gi|6 6849 7008 
550 311 gi|6 6849 6983 
552 328 gi|6 6880 7015 
554 11960 gi|6 7057 8517 
556 12049 gi|6 7069 8489 
558 12136 gi|6 7109 8499 
239 12069 gi|6 7136 8490 
560 12058 gi|6 7150 8508 
562 12052 gi|6 7162 8491 
564 12051 gi|6 7162 8488 
570 11910 gi|6 7164 8779 
568 11966 gi|6 7164 8590 
566 12031 gi|6 7164 8490 
572 12002 gi|6 7166 8579 
574 1083 gi|6 8509 8938 
576 276 gi|6 11968 12128 
578 301 gi|6 11985 12231 
580 313 gi|6 11987 12149 
582 282 gi|6 11987 12121 
584 374 gi|6 12018 12153 
586 263 gi|6 15448 15545 
588 342 gi|6 15475 15538 
590 286 gi|6 15475 15530 
592 342 gi|6 15478 15564 
602 317 gi|6 15478 15545 
594 338 gi|6 15478 15538 
604 322 gi|6 15478 15538 
596 324 gi|6 15478 15536 
598 335 gi|6 15478 15536 
600 335 gi|6 15478 15536 
606 309 gi|6 15478 15536 
608 309 gi|6 15478 15536 
610 250 gi|6 15478 15528 
612 260 gi|6 15483 15536 
614 303 gi|6 24909 25499 
616 402 gi|6 27215 27964 
618 755 gi|6 31409 32554 
11 333 gi|60 14603 14782 
955 266 gi|60 14603 14649 
2379 383 gi|60 14629 14783 
2389 258 gi|60 14726 14783 
27 379 gi|60 14726 14782 
1607 49066 gi|60 19127 24686 
117 432 gi|60 19168 19316 
105 31342 gi|60 22334 25947 
1609 1775 gi|60 25667 26126 
2794 419 gi|60 31078 31405 
2615 981 gi|60 33782 34930 
879 1089 gi|61 5554 6618 
2351 255 gi|61 6254 6436 
2125 813 gi|61 9360 9770 
2844 307 gi|61 10883 11303 
2846 628 gi|61 11366 12397 
2471 469 gi|61 13946 14064 
327 469 gi|61 13946 14064 
2337 282 gi|61 14030 14126 
2848 330 gi|61 14041 14132 
2850 568 gi|61 14042 14161 
1053 509 gi|61 14043 14128 
1597 257 gi|61 14045 14125 
1271 509 gi|61 14047 14131 
2852 406 gi|61 14050 14128 
2021 405 gi|61 14058 14134 
2633 535 gi|61 14060 14135 
2854 547 gi|61 24801 29754 
2856 251 gi|61 24914 25178 
2858 314 gi|61 30265 30388 
2705 302 gi|61 33213 33290 
457 1816 gi|61 37602 37861 
1389 1999 gi|61 37605 37881 
2659 1985 gi|61 37605 37881 
2826 469 gi|62 8770 8917 
2661 251 gi|62 11908 12065 
2547 3477 gi|62 24538 25397 
347 1704 gi|62 24538 25220 
2683 1135 gi|62 24538 24675 
2828 1124 gi|62 24538 24675 
2701 410 gi|62 24612 24678 
2695 482 gi|62 24612 24676 
2689 488 gi|62 24612 24675 
391 851 gi|62 24683 24920 
2601 456 gi|62 24683 24766 
2529 540 gi|62 24684 25027 
2511 991 gi|62 24685 25423 
2523 834 gi|62 24687 25421 
2537 870 gi|62 24690 25416 
375 351 gi|62 24690 24746 
2543 3922 gi|62 24692 25423 
2507 460 gi|62 24692 25419 
2491 986 gi|62 24692 25080 
2805 293 gi|62 24692 24932 
2595 439 gi|62 24692 24859 
2501 251 gi|62 24692 24765 
2807 276 gi|62 24697 25218 
2485 650 gi|62 24712 25300 
2817 455 gi|62 24712 25046 
2477 370 gi|62 24720 25063 
333 935 gi|62 24728 24958 
2809 329 gi|62 24731 24927 
359 366 gi|62 24731 24841 
2499 881 gi|62 24732 25415 
2495 366 gi|62 24732 25309 
2519 527 gi|62 24735 25423 
2591 480 gi|62 24761 25002 
2517 607 gi|62 24784 25419 
2551 772 gi|62 24784 25396 
2533 368 gi|62 24784 25359 
335 499 gi|62 24784 25337 
2599 260 gi|62 24858 25045 
2553 615 gi|62 24864 25413 
2227 290 gi|62 24866 24977 
2813 387 gi|62 24871 25359 
2497 293 gi|62 24906 25421 
2830 374 gi|62 24908 25040 
2475 368 gi|62 24964 25137 
2561 509 gi|62 24967 25220 
2832 314 gi|62 25053 25238 
2567 469 gi|62 25110 25301 
2811 340 gi|62 25111 25305 
2597 354 gi|62 25143 25317 
405 483 gi|62 25147 25413 
2563 396 gi|62 25148 25413 
2819 344 gi|62 25181 25326 
395 293 gi|62 25190 25415 
2821 292 gi|62 25220 25416 
2571 458 gi|62 25230 25411 
2593 904 gi|62 25245 25447 
2834 16495 gi|62 25255 27174 
2609 319 gi|62 25323 25417 
2575 531 gi|62 25329 25423 
349 257 gi|62 25341 25413 
2679 48987 gi|62 25426 30802 
2607 17042 gi|62 25426 27262 
439 16401 gi|62 25426 27174 
441 259 gi|62 27123 27173 
2585 30676 gi|62 27180 30534 
2541 323 gi|62 27180 27283 
2525 321 gi|62 27180 27262 
2535 378 gi|62 27185 27280 
399 293 gi|62 27187 27287 
2573 284 gi|62 27187 27268 
2836 1231 gi|62 27261 27404 
431 1231 gi|62 27261 27404 
2838 30443 gi|62 27399 30668 
419 29316 gi|62 27399 30540 
2693 3069 gi|62 30473 31079 
2687 2784 gi|62 30473 30802 
2699 626 gi|62 30473 30562 
2589 342 gi|62 30753 30802 
2685 342 gi|62 30753 30802 
2840 339 gi|62 30753 30802 
427 342 gi|62 30753 30802 
2143 389 gi|62 30773 30859 
1615 258 gi|62 30786 30877 
1631 274 gi|62 30799 30877 
2842 414 gi|62 30800 30857 
287 326 gi|62 30806 30856 
2309 1085 gi|62 34179 35420 
785 2003 gi|62 38155 38908 
2123 2349 gi|62 38156 39926 
789 1917 gi|62 39041 39926 
2872 314 gi|63 3878 3964 
2135 259 gi|63 3913 3974 
2874 262 gi|63 12528 12632 
2079 383 gi|63 19588 19945 
1619 1067 gi|63 21668 22878 
447 544 gi|63 21924 22860 
2876 1055 gi|63 24853 26170 
1299 478 gi|63 29888 29938 
1801 478 gi|63 29888 29938 
2067 347 gi|63 29888 29938 
2215 321 gi|63 29888 29938 
223 325 gi|63 29888 29938 
2293 294 gi|63 29888 29938 
2878 354 gi|63 29888 29938 
685 305 gi|63 29888 29938 
723 319 gi|63 29888 29938 
1831 256 gi|63 29889 29938 
2205 335 gi|63 29889 29938 
2880 318 gi|63 29889 29938 
661 283 gi|63 29889 29938 
1391 2394 gi|63 30052 30358 
459 2598 gi|63 30052 30358 
2657 2537 gi|63 30052 30357 
2882 252 gi|63 30659 30895 
2355 491 gi|63 30712 31800 
1771 252 gi|63 30716 30928 
865 416 gi|63 30717 31073 
2884 330 gi|63 30717 30959 
2465 268 gi|63 30795 31278 
2886 258 gi|63 30801 30909 
1905 326 gi|63 32724 32861 
477 1839 gi|63 35700 37138 
1333 5077 gi|63 37507 39296 
1433 11955 gi|64 3278 4806 
1701 11959 gi|64 3334 4783 
237 12018 gi|64 3339 4820 
555 11960 gi|64 3342 4789 
51 12029 gi|64 3359 4787 
2898 12064 gi|64 3395 4766 
2791 12065 gi|64 3411 4840 
2900 12063 gi|64 3433 4806 
2173 12049 gi|64 3435 4775 
1031 12011 gi|64 3437 4806 
2787 12033 gi|64 3437 4759 
1693 441 gi|64 5931 6170 
2827 469 gi|64 20242 20388 
1341 400 gi|64 23390 24121 
1965 364 gi|64 32160 32249 
2860 494 gi|65 6255 6833 
2323 7977 gi|65 8531 9801 
1717 628 gi|65 8604 8747 
1723 5583 gi|65 9074 9803 
1727 961 gi|65 10495 10784 
2321 11965 gi|65 10547 11982 
1731 1958 gi|65 11710 11984 
2319 2512 gi|65 12180 12662 
2317 4000 gi|65 17559 18073 
1735 1461 gi|65 17559 17775 
1747 458 gi|65 18250 18320 
1739 269 gi|65 18278 18319 
1745 415 gi|65 18883 18961 
1741 263 gi|65 18913 18953 
1743 907 gi|65 19153 19315 
1749 1102 gi|65 21914 22186 
1751 7500 gi|65 22098 23045 
2311 6082 gi|65 22881 24385 
2862 860 gi|65 22936 24235 
1449 2562 gi|65 26102 27181 
1451 5199 gi|65 26172 27189 
1453 4630 gi|65 26273 27207 
2653 383 gi|65 28973 29943 
1981 375 gi|65 29309 29899 
1355 334 gi|65 32677 33189 
2864 253 gi|65 35745 35810 
791 465 gi|66 1805 2257 
1261 390 gi|66 5895 6144 
2681 31476 gi|66 7211 10782 
2839 30443 gi|66 7211 10484 
2691 1614 gi|66 7211 7404 
2697 1249 gi|66 7211 7404 
2703 611 gi|66 7315 7404 
421 49673 gi|66 7340 12662 
2829 1124 gi|66 7341 7483 
2587 29924 gi|66 7343 10739 
2841 339 gi|66 7354 7404 
433 472 gi|66 10440 10592 
2837 1231 gi|66 10596 10739 
429 474 gi|66 10710 10863 
2677 16670 gi|66 10871 12660 
2613 16282 gi|66 10912 12660 
2835 16495 gi|66 10913 12839 
2833 314 gi|66 12645 12848 
2815 820 gi|66 12662 12854 
2555 439 gi|66 12663 12858 
2831 374 gi|66 12675 12795 
2549 312 gi|66 12686 12848 
2823 267 gi|66 12686 12796 
895 352 gi|66 25468 25818 
1539 276 gi|66 30424 30508 
1907 303 gi|66 31727 32057 
2473 423 gi|66 32575 32628 
331 417 gi|66 32575 32627 
511 375 gi|67 23278 23604 
1661 335 gi|67 23401 23680 
235 283 gi|67 23406 23604 
2866 563 gi|67 26880 27036 
2868 461 gi|67 26890 26980 
775 384 gi|67 26891 26977 
2870 258 gi|67 26905 26979 
2775 281 gi|67 26917 27037 
2781 283 gi|67 26947 27015 
1327 305 gi|67 27085 27211 
2451 265 gi|67 27145 28143 
1321 539 gi|67 27744 28174 
1861 582 gi|67 27783 28140 
541 784 gi|67 39682 40153 
575 1083 gi|67 39751 40174 
2922 304 gi|68 1710 1775 
2865 253 gi|68 1711 1776 
1895 264 gi|68 1713 1781 
2233 250 gi|68 1714 1856 
2239 298 gi|68 1715 1782 
1785 318 gi|68 1718 1781 
1883 318 gi|68 1718 1781 
741 306 gi|68 1718 1773 
2119 324 gi|68 1720 1785 
2433 325 gi|68 1720 1781 
1255 2612 gi|68 2999 4448 
1329 2901 gi|68 3021 4447 
2343 330 gi|68 3124 4341 
2924 464 gi|68 5443 7009 
505 323 gi|68 7500 7806 
2926 1104 gi|68 7523 8238 
2725 392 gi|68 7533 7836 
1531 406 gi|68 7569 7979 
1763 360 gi|68 7594 7811 
1559 359 gi|68 7623 7890 
2928 387 gi|68 7630 7897 
2753 344 gi|68 7636 7868 
1507 363 gi|68 7659 7815 
2733 250 gi|68 7664 7888 
2930 265 gi|68 7715 7983 
1221 1527 gi|68 11375 11637 
1153 876 gi|68 11382 11534 
629 485 gi|68 11397 11588 
167 1409 gi|68 11403 11755 
981 470 gi|68 11403 11509 
2932 1218 gi|68 11412 11705 
2299 1461 gi|68 11417 11592 
1111 287 gi|68 11424 11482 
2934 1389 gi|68 11427 11627 
2936 598 gi|68 11431 11496 
2938 1492 gi|68 11432 11627 
921 1141 gi|68 11433 11637 
2189 1016 gi|68 11433 11594 
1843 664 gi|68 11433 11590 
2940 817 gi|68 11433 11534 
609 309 gi|68 11436 11494 
2033 2236 gi|68 11438 11763 
2249 287 gi|68 11439 11490 
2151 311 gi|68 11444 11532 
2942 590 gi|68 11460 11594 
2944 463 gi|68 11460 11534 
2946 379 gi|68 11529 11637 
1819 296 gi|68 11529 11573 
1067 918 gi|68 11535 11756 
1933 400 gi|68 11535 11637 
2213 258 gi|68 11535 11637 
719 331 gi|68 11535 11637 
1949 315 gi|68 11535 11627 
681 257 gi|68 11535 11627 
2283 403 gi|68 11536 11637 
771 434 gi|68 11536 11586 
2257 944 gi|68 11574 11757 
2155 1106 gi|68 11589 11753 
1173 788 gi|68 11599 11754 
1901 493 gi|68 11667 11774 
2948 327 gi|68 11676 11752 
1019 345 gi|68 11700 11797 
2950 399 gi|68 11701 11750 
2469 312 gi|68 16149 16281 
2847 628 gi|68 16662 17705 
2727 294 gi|68 23558 23849 
1587 260 gi|68 23607 24110 
1575 284 gi|68 23608 23805 
2952 314 gi|68 23712 23841 
2761 363 gi|68 23716 23807 
507 270 gi|68 23716 23787 
1573 307 gi|68 24273 24597 
1545 398 gi|68 24276 24788 
2729 435 gi|68 24278 24553 
43 253 gi|68 24328 24508 
1195 270 gi|68 24348 24542 
1591 323 gi|68 24397 24666 
2873 314 gi|68 31521 31602 
21 266 gi|68 31543 31638 
2371 281 gi|68 31543 31621 
33 257 gi|68 31547 31638 
2127 379 gi|68 31548 31653 
2373 267 gi|68 31556 31745 
2383 333 gi|68 31556 31622 
2954 333 gi|68 31563 31622 
2385 283 gi|68 31566 31746 
2365 257 gi|68 31581 31627 
2956 295 gi|68 31703 31768 
23 273 gi|68 31703 31745 
1641 501 gi|68 39914 40177 
839 722 gi|68 39966 40178 
2399 643 gi|68 40028 40171 
463 433 gi|69 102 490 
2958 459 gi|69 369 987 
881 626 gi|69 9139 9659 
2747 448 gi|69 13139 13845 
1759 259 gi|69 13183 13423 
1185 371 gi|69 13203 13962 
1501 301 gi|69 13252 13449 
859 317 gi|69 13253 13669 
2361 338 gi|69 13299 13598 
2960 441 gi|69 13302 13785 
1579 335 gi|69 13327 13438 
2962 406 gi|69 13329 13785 
2931 265 gi|69 13329 13594 
1553 275 gi|69 13332 13439 
2745 279 gi|69 14918 15528 
551 311 gi|69 19268 19397 
583 282 gi|69 19268 19397 
545 258 gi|69 21895 21996 
2225 1029 gi|69 23273 24128 
2223 2033 gi|69 25634 26520 
1777 374 gi|69 32296 32422 
1779 268 gi|69 32316 32442 
2429 283 gi|69 32316 32401 
1877 289 gi|69 32316 32400 
1879 397 gi|69 32334 32422 
2923 304 gi|69 32339 32404 
1893 301 gi|69 32340 32411 
2237 264 gi|69 32344 32404 
739 285 gi|69 32346 32402 
2121 299 gi|69 32349 32431 
2431 325 gi|69 32349 32422 
73 1055 gi|69 34519 35708 
2964 1185 gi|69 36389 37061 
138 558 gi|7 27 378 
140 2810 gi|7 2491 3115 
142 266 gi|7 4837 5030 
146 334 gi|7 4846 5035 
144 321 gi|7 4846 5029 
148 273 gi|7 4848 5029 
150 261 gi|7 4910 5026 
152 291 gi|7 4939 5067 
154 355 gi|7 32830 32965 
156 428 gi|7 32853 32995 
158 310 gi|7 32859 32932 
160 1232 gi|7 32874 33121 
164 518 gi|7 32874 32996 
162 261 gi|7 32874 32932 
166 1409 gi|7 32877 33265 
168 1028 gi|7 32877 33099 
170 670 gi|7 32879 32996 
172 336 gi|7 32882 32931 
174 357 gi|7 32936 33058 
176 817 gi|7 32968 33158 
178 539 gi|7 32980 33070 
180 1070 gi|7 32992 33240 
182 1039 gi|7 32992 33239 
184 512 gi|7 32992 33070 
186 1148 gi|7 32993 33157 
188 1102 gi|7 32995 33250 
190 903 gi|7 32996 33240 
192 754 gi|7 32996 33211 
194 668 gi|7 32996 33099 
196 876 gi|7 32997 33212 
198 427 gi|7 33003 33099 
200 584 gi|7 33017 33266 
202 693 gi|7 33017 33177 
206 605 gi|7 33026 33240 
204 602 gi|7 33026 33239 
208 531 gi|7 33062 33155 
210 774 gi|7 33067 33263 
212 543 gi|7 33073 33158 
214 645 gi|7 33082 33344 
216 708 gi|7 33085 33221 
218 408 gi|7 33099 33158 
220 474 gi|7 33102 33177 
222 325 gi|7 33103 33153 
224 325 gi|7 33103 33153 
226 311 gi|7 33160 33305 
228 304 gi|7 33162 33239 
230 338 gi|7 33165 33238 
232 265 gi|7 33180 33256 
234 283 gi|7 34759 34972 
773 256 gi|70 114 247 
2869 461 gi|70 138 225 
2777 250 gi|70 163 268 
2902 407 gi|70 163 242 
2167 11996 gi|70 1593 3036 
2904 12004 gi|70 1593 2997 
1703 12032 gi|70 1597 2992 
2899 12064 gi|70 1638 2997 
1431 11985 gi|70 1641 3068 
243 12062 gi|70 1648 2992 
45 11944 gi|70 1660 3148 
2785 12073 gi|70 1664 2991 
2789 12032 gi|70 1666 3046 
569 11966 gi|70 1667 3109 
1041 12055 gi|70 1668 2991 
2231 2317 gi|70 7950 9019 
305 282 gi|70 9273 9399 
753 281 gi|70 20960 21096 
2647 1257 gi|70 22152 23363 
2906 559 gi|70 22641 23373 
139 558 gi|70 25052 25379 
1643 431 gi|70 26588 27008 
461 1507 gi|70 38366 39494 
2959 459 gi|70 38444 39053 
1107 253 gi|70 40061 40164 
1245 571 gi|70 40065 40178 
2908 474 gi|70 40085 40178 
2910 575 gi|70 40086 40178 
2305 620 gi|70 40089 40178 
1169 549 gi|70 40096 40178 
2912 459 gi|70 40097 40178 
1853 366 gi|70 40105 40178 
2937 598 gi|70 40113 40178 
2185 316 gi|70 40115 40178 
941 488 gi|70 40115 40178 
997 382 gi|70 40118 40178 
597 324 gi|70 40118 40176 
2075 417 gi|70 40120 40178 
2247 271 gi|70 40121 40172 
1353 1903 gi|71 3292 4611 
2709 968 gi|71 3303 4571 
2711 686 gi|71 3494 4568 
2461 1754 gi|71 4728 6079 
2723 424 gi|71 4757 5089 
867 507 gi|71 4760 5208 
3002 369 gi|71 4855 5390 
2929 387 gi|71 4858 5131 
1509 383 gi|71 4901 5474 
2327 264 gi|71 4933 5397 
317 342 gi|71 4937 5086 
2963 406 gi|71 4940 5400 
1563 365 gi|71 4942 5092 
3004 356 gi|71 4942 5073 
1547 330 gi|71 4943 5139 
2741 271 gi|71 4954 5031 
3006 255 gi|71 4955 5038 
2953 314 gi|71 4957 5082 
2759 255 gi|71 4958 5052 
2875 262 gi|71 5230 5341 
445 278 gi|71 7259 8476 
1621 661 gi|71 7308 8444 
3008 324 gi|71 11008 11148 
2393 257 gi|71 11012 11149 
15 289 gi|71 11035 11148 
1337 268 gi|71 11661 11774 
2801 3443 gi|71 13275 14309 
2799 7038 gi|71 14742 16802 
625 344 gi|71 20567 20878 
2715 300 gi|71 20630 20857 
2003 306 gi|71 22438 22589 
2771 382 gi|71 22477 22575 
1421 324 gi|71 22485 22591 
2009 284 gi|71 22498 22566 
279 262 gi|71 22504 22561 
2619 711 gi|71 22651 23246 
2735 347 gi|71 22660 23097 
39 262 gi|71 22709 22957 
2883 252 gi|71 22717 22947 
1689 294 gi|71 24435 24715 
2621 1055 gi|71 24460 25137 
2737 676 gi|71 24497 24802 
311 330 gi|71 24502 24721 
873 274 gi|71 24614 24726 
2275 925 gi|71 26249 26497 
2031 453 gi|71 26322 26392 
2263 251 gi|71 26323 26392 
1073 268 gi|71 26342 26392 
173 336 gi|71 26343 26392 
2163 363 gi|71 26343 26392 
2951 399 gi|71 26343 26392 
1025 304 gi|71 26344 26392 
3010 290 gi|71 26344 26392 
899 897 gi|71 26383 26499 
727 576 gi|71 26389 26453 
3012 891 gi|71 26390 26519 
1927 942 gi|71 26392 26521 
2219 352 gi|71 26392 26453 
1145 518 gi|71 26393 26728 
1093 632 gi|71 26393 26562 
3016 555 gi|71 26393 26540 
1219 652 gi|71 26393 26500 
195 668 gi|71 26393 26497 
3014 888 gi|71 26393 26497 
2049 292 gi|71 26404 26561 
2947 379 gi|71 26404 26503 
1957 400 gi|71 26423 26499 
1845 308 gi|71 26442 26489 
703 327 gi|71 26444 26493 
767 257 gi|71 26446 26528 
2769 1009 gi|71 26663 26952 
271 289 gi|71 26680 26763 
2001 463 gi|71 26683 26820 
1413 920 gi|71 26686 26948 
1419 254 gi|71 26696 26758 
2007 288 gi|71 26699 26792 
273 282 gi|71 26705 26779 
2773 272 gi|71 26711 26758 
2877 1055 gi|71 29631 30937 
2439 617 gi|71 33404 34795 
2655 3246 gi|71 33439 34815 
2907 559 gi|71 33471 34197 
2649 346 gi|71 34036 34178 
2397 2130 gi|71 34987 36671 
3018 318 gi|71 37105 37221 
1047 277 gi|71 37131 37295 
1269 351 gi|71 37131 37261 
2853 406 gi|71 37131 37208 
2019 259 gi|71 37139 37219 
2635 328 gi|71 37141 37221 
2459 254 gi|71 37162 37259 
2905 12004 gi|72 250 1654 
47 11978 gi|72 261 1730 
1705 12016 gi|72 273 1657 
561 12058 gi|72 313 1670 
1033 12042 gi|72 320 1710 
1435 12043 gi|72 320 1654 
2783 12061 gi|72 320 1649 
2901 12063 gi|72 321 1687 
247 12028 gi|72 322 1734 
2175 12031 gi|72 323 1647 
2793 12052 gi|72 323 1647 
885 454 gi|72 3181 3283 
2139 346 gi|72 3191 3438 
2843 414 gi|72 3191 3248 
1629 373 gi|72 3194 3340 
1613 332 gi|72 3194 3334 
285 330 gi|72 3197 3250 
2261 308 gi|72 8571 8684 
2161 385 gi|72 8575 8684 
2043 741 gi|72 8587 8865 
2037 342 gi|72 8604 8684 
1021 252 gi|72 8607 8661 
163 261 gi|72 8607 8661 
2949 327 gi|72 8609 8684 
3011 290 gi|72 8612 8660 
1809 392 gi|72 8643 8911 
2209 503 gi|72 8652 8788 
2295 730 gi|72 8658 8822 
1833 443 gi|72 8669 8826 
2193 696 gi|72 8673 8830 
649 751 gi|72 8673 8822 
689 300 gi|72 8673 8786 
2203 461 gi|72 8673 8750 
217 708 gi|72 8678 8829 
2974 712 gi|72 8678 8822 
2972 783 gi|72 8678 8820 
665 572 gi|72 8678 8786 
2291 579 gi|72 8678 8750 
1229 519 gi|72 8690 8822 
2943 590 gi|72 8690 8822 
925 496 gi|72 8690 8822 
707 525 gi|72 8690 8784 
1797 404 gi|72 8691 8750 
1301 354 gi|72 8696 8746 
2879 354 gi|72 8696 8746 
1623 261 gi|72 8696 8729 
2976 267 gi|72 8751 8823 
1159 430 gi|72 8751 8822 
2153 291 gi|72 8753 8810 
1003 258 gi|72 8773 8821 
2867 563 gi|72 8794 8960 
779 336 gi|72 8808 8886 
2871 258 gi|72 8832 8911 
2903 407 gi|72 8834 8914 
1137 1415 gi|72 8969 9152 
179 539 gi|72 8970 9057 
1211 1040 gi|72 8973 9148 
2277 485 gi|72 8978 9038 
69 251 gi|72 8982 9038 
729 483 gi|72 8983 9038 
1087 530 gi|72 8984 9160 
2978 475 gi|72 8984 9038 
3017 555 gi|72 8986 9144 
1929 485 gi|72 8986 9038 
909 499 gi|72 8986 9038 
2221 279 gi|72 8987 9038 
2047 621 gi|72 8997 9143 
933 934 gi|72 9037 9163 
2980 424 gi|72 9045 9121 
2982 830 gi|72 9047 9152 
2301 804 gi|72 9047 9148 
2941 817 gi|72 9047 9148 
1847 509 gi|72 9048 9163 
2147 289 gi|72 9049 9137 
2181 561 gi|72 9050 9150 
2984 365 gi|72 9050 9150 
639 340 gi|72 9056 9163 
987 452 gi|72 9072 9162 
2909 474 gi|72 9085 9202 
595 338 gi|72 9087 9147 
2255 265 gi|72 9091 9141 
2986 430 gi|72 21438 21578 
2743 291 gi|72 22598 22765 
3005 356 gi|72 22678 22809 
2243 274 gi|72 24507 24694 
2387 263 gi|72 24904 25083 
2377 313 gi|72 24904 25077 
2988 374 gi|72 24916 25011 
2990 580 gi|72 24932 25202 
2895 441 gi|72 24964 25118 
2375 329 gi|72 24964 25077 
2992 304 gi|72 24982 25072 
2211 455 gi|72 34729 34983 
2994 2249 gi|72 34834 35103 
181 1070 gi|72 34836 35108 
1925 1190 gi|72 34838 35005 
1085 425 gi|72 34839 34964 
903 1545 gi|72 34840 35170 
701 755 gi|72 34840 35005 
2281 1475 gi|72 34842 35103 
1215 665 gi|72 34842 34946 
3015 888 gi|72 34842 34946 
1143 476 gi|72 34842 34894 
637 627 gi|72 34853 35119 
1953 504 gi|72 34872 35028 
1841 317 gi|72 34891 34938 
1829 677 gi|72 34893 35100 
677 523 gi|72 34893 35005 
2935 1389 gi|72 34902 35113 
2057 777 gi|72 34902 35102 
1225 1350 gi|72 34926 35126 
2287 255 gi|72 34926 35046 
1941 265 gi|72 34926 35017 
2996 498 gi|72 34927 35205 
2183 1116 gi|72 34932 35108 
1099 424 gi|72 34950 35005 
765 403 gi|72 34954 35004 
1817 280 gi|72 34967 35011 
2998 459 gi|72 35006 35109 
1157 810 gi|72 35006 35103 
2145 322 gi|72 35008 35096 
1001 436 gi|72 35031 35100 
2913 459 gi|72 35044 35120 
593 342 gi|72 35046 35127 
2253 269 gi|72 35050 35100 
1109 253 gi|72 35058 35111 
1361 582 gi|72 35173 36854 
3000 878 gi|72 39723 40142 
2987 430 gi|73 5302 5438 
1399 261 gi|73 5350 5520 
537 308 gi|73 11523 11754 
549 294 gi|73 11523 11658 
581 313 gi|73 11523 11657 
1203 1633 gi|73 16848 17183 
1865 1052 gi|73 16965 17228 
2851 568 gi|73 17268 17399 
2914 323 gi|73 17288 17393 
2629 355 gi|73 17292 17544 
3019 318 gi|73 17296 17418 
2017 359 gi|73 17310 17382 
1051 443 gi|73 17311 17395 
1275 452 gi|73 17315 17393 
2339 254 gi|73 17316 17401 
2845 307 gi|73 24913 25319 
1081 428 gi|73 27372 27531 
1207 1443 gi|73 27381 27675 
2995 2249 gi|73 27399 27670 
1923 1228 gi|73 27403 27572 
1141 494 gi|73 27404 27462 
901 1506 gi|73 27405 27799 
3013 891 gi|73 27406 27543 
2979 475 gi|73 27408 27462 
189 1102 gi|73 27409 27681 
2279 1682 gi|73 27409 27675 
699 791 gi|73 27410 27572 
2217 329 gi|73 27411 27479 
2179 1087 gi|73 27431 27682 
1823 759 gi|73 27431 27681 
675 539 gi|73 27431 27572 
641 613 gi|73 27440 27677 
1951 510 gi|73 27440 27595 
1839 333 gi|73 27459 27506 
2939 1492 gi|73 27470 27675 
2053 794 gi|73 27470 27669 
2285 268 gi|73 27494 27613 
1939 278 gi|73 27494 27584 
2975 712 gi|73 27500 27647 
1097 427 gi|73 27515 27572 
763 434 gi|73 27521 27571 
1813 296 gi|73 27534 27578 
1151 969 gi|73 27573 27708 
2983 830 gi|73 27573 27678 
2916 446 gi|73 27573 27647 
2141 274 gi|73 27575 27727 
989 471 gi|73 27598 27671 
2911 575 gi|73 27611 27706 
607 309 gi|73 27613 27671 
2251 287 gi|73 27617 27668 
1117 285 gi|73 27625 27684 
2259 898 gi|73 27650 27793 
2933 1218 gi|73 27675 27956 
1183 549 gi|73 27675 27775 
2157 630 gi|73 27676 27775 
2039 1422 gi|73 27680 27928 
1075 255 gi|73 27680 27857 
175 357 gi|73 27680 27801 
2207 524 gi|73 27696 27894 
917 441 gi|73 27739 27942 
715 465 gi|73 27739 27846 
2997 498 gi|73 27766 28036 
1959 283 gi|73 27766 27864 
669 529 gi|73 27766 27846 
2289 468 gi|73 27766 27841 
215 645 gi|73 27768 28054 
2297 589 gi|73 27769 27940 
1827 424 gi|73 27769 27839 
647 783 gi|73 27770 27931 
2177 593 gi|73 27771 27959 
1835 319 gi|73 27771 27927 
2973 783 gi|73 27771 27911 
2201 569 gi|73 27771 27882 
1791 371 gi|73 27782 27842 
1311 318 gi|73 27788 27837 
2881 318 gi|73 27788 27837 
1239 510 gi|73 27827 27940 
2985 365 gi|73 27844 27942 
1165 428 gi|73 27844 27940 
991 280 gi|73 27871 27937 
613 260 gi|73 27884 27937 
2449 331 gi|73 28775 28993 
1393 439 gi|73 28830 29053 
1499 271 gi|73 28883 29655 
849 859 gi|73 29061 29708 
2961 441 gi|73 29086 29558 
3003 369 gi|73 29092 29627 
2463 259 gi|73 29130 29722 
1549 498 gi|73 29364 29690 
2885 330 gi|73 29378 29620 
1565 346 gi|73 29390 29498 
2721 385 gi|73 29430 29743 
299 348 gi|73 29436 29678 
145 321 gi|73 29437 29623 
2918 316 gi|73 29439 29626 
2627 297 gi|73 29440 29537 
877 595 gi|73 30123 31227 
2920 290 gi|73 30416 30606 
2313 344 gi|73 31589 32270 
2863 860 gi|73 31690 32997 
1479 330 gi|73 31718 32254 
1649 290 gi|73 31736 31879 
1647 290 gi|73 32164 32252 
2315 1282 gi|73 32644 33031 
1755 447 gi|73 32947 32997 
2861 494 gi|73 38067 38643 
2675 508 gi|74 1977 2454 
2673 961 gi|74 2793 3393 
2968 289 gi|74 4269 4476 
2970 256 gi|74 7324 7524 
2271 451 gi|74 9487 9696 
491 578 gi|74 10205 11493 
489 1244 gi|74 11704 12515 
3001 878 gi|74 12665 13087 
495 325 gi|74 14712 14955 
1285 265 gi|74 18121 18423 
1043 1359 gi|74 20887 22709 
523 1442 gi|74 20908 22301 
2825 257 gi|74 27545 27645 
937 446 gi|75 103 206 
1149 490 gi|75 103 175 
2981 424 gi|75 103 175 
2999 459 gi|75 105 209 
2977 267 gi|75 105 176 
1241 380 gi|75 105 175 
2303 469 gi|75 105 175 
2917 446 gi|75 105 175 
2945 463 gi|75 105 175 
1849 371 gi|75 106 177 
2195 333 gi|75 108 177 
2073 357 gi|75 118 175 
2849 330 gi|75 3413 3504 
1057 258 gi|75 3416 3499 
1277 341 gi|75 3416 3499 
2915 323 gi|75 3417 3527 
2015 289 gi|75 3430 3517 
2631 268 gi|75 3433 3511 
1497 5705 gi|75 5435 6126 
1347 345 gi|75 6388 6549 
1495 1935 gi|75 6557 7113 
1125 266 gi|75 10272 10320 
1857 254 gi|75 10272 10313 
2965 1185 gi|75 11414 12079 
1525 537 gi|75 13690 14372 
2991 580 gi|75 15762 16072 
13 523 gi|75 15924 16087 
2391 478 gi|75 15924 16085 
947 322 gi|75 15924 16047 
2893 505 gi|75 15925 16085 
2369 349 gi|75 15932 16117 
2381 512 gi|75 15932 16086 
5 360 gi|75 15932 16051 
2989 374 gi|75 15934 16024 
2891 373 gi|75 15947 16036 
2889 353 gi|75 15947 16024 
3009 324 gi|75 15949 16077 
2395 409 gi|75 15986 16085 
29 366 gi|75 15991 16086 
2129 281 gi|75 15993 16068 
2993 304 gi|75 15994 16085 
2955 333 gi|75 15997 16056 
2957 295 gi|75 16013 16082 
2367 303 gi|75 16015 16055 
1677 510 gi|75 16047 16634 
133 284 gi|75 16111 16192 
2763 317 gi|75 16111 16192 
2765 260 gi|75 16111 16192 
2767 260 gi|75 16111 16192 
1683 263 gi|75 16289 16537 
2643 878 gi|75 16309 16613 
2101 349 gi|75 16643 16754 
1407 360 gi|75 19233 19328 
1655 325 gi|75 19233 19315 
2797 393 gi|75 19233 19315 
2803 360 gi|75 19233 19314 
1789 274 gi|75 19315 19381 
1881 274 gi|75 19315 19381 
2435 279 gi|75 19315 19381 
2887 258 gi|75 20622 20728 
2467 250 gi|75 20634 20805 
2966 259 gi|75 20995 21072 
2307 305 gi|75 31375 31538 
2855 547 gi|75 31466 36436 
2857 251 gi|75 33429 33693 
2859 314 gi|75 36783 36900 
2707 495 gi|76 2430 3050 
1045 270 gi|76 6587 6727 
153 291 gi|76 9946 10071 
3007 255 gi|76 9985 10068 
2755 278 gi|76 9985 10066 
2967 259 gi|76 10530 10610 
1369 287 gi|76 10816 11022 
1447 320 gi|76 11431 12019 
1445 268 gi|76 12244 12375 
2927 1104 gi|76 13382 14100 
1503 360 gi|76 13390 13984 
497 434 gi|76 13457 14065 
2329 514 gi|76 13464 14149 
309 413 gi|76 13737 14041 
1561 472 gi|76 13749 13996 
1533 363 gi|76 13802 14047 
2919 316 gi|76 13808 13995 
1761 469 gi|76 13811 14036 
2925 464 gi|76 14361 15869 
2921 290 gi|76 14686 14876 
1493 266 gi|76 24125 24264 
1491 2366 gi|76 24375 25490 
1489 531 gi|76 25488 26083 
1487 2176 gi|76 26154 27532 
2739 363 gi|76 30161 30789 
2331 285 gi|76 30554 30826 
2971 256 gi|76 38123 38323 
619 755 gi|76 38813 39959 
2795 419 gi|77 18729 19096 
2457 304 gi|77 24512 24714 
1467 1553 gi|78 6519 7899 
1465 2640 gi|78 9512 10877 
2645 640 gi|78 10806 10941 
1695 580 gi|78 12248 12760 
2427 312 gi|78 12297 12718 
1383 585 gi|78 12354 12740 
2639 254 gi|78 14400 14502 
1463 285 gi|78 14438 14472 
1351 345 gi|78 14924 15174 
2637 2665 gi|78 16269 16862 
1455 5598 gi|78 16403 17092 
1129 530 gi|78 19871 20278 
1675 468 gi|78 23102 23824 
2335 418 gi|78 32288 32736 
2025 409 gi|78 33822 34198 
1263 912 gi|79 6256 7294 
2779 250 gi|79 8764 8852 
1127 466 gi|79 13589 14181 
1425 329 gi|79 14515 14669 
517 399 gi|79 14588 14717 
2453 294 gi|79 14593 14669 
1289 421 gi|79 23842 24365 
2087 345 gi|79 23884 24297 
2717 464 gi|79 24089 24694 
2447 318 gi|79 24097 24289 
1663 286 gi|79 26314 27160 
1971 300 gi|79 28643 28872 
527 2674 gi|79 30777 31790 
529 611 gi|79 32096 32586 
531 579 gi|79 32587 32908 
479 252 gi|79 35276 36670 
2665 269 gi|79 36239 36284 
2969 289 gi|79 39830 40045 
0 587 gi|8 4017 4255 
2 414 gi|8 4017 4156 
4 360 gi|8 4017 4148 
6 709 gi|8 4023 4215 
8 366 gi|8 4023 4172 
10 333 gi|8 4041 4223 
12 523 gi|8 4048 4225 
14 289 gi|8 4058 4171 
16 282 gi|8 4062 4147 
18 488 gi|8 4063 4215 
20 266 gi|8 4063 4161 
22 273 gi|8 4082 4125 
24 487 gi|8 4089 4244 
26 379 gi|8 4110 4165 
28 366 gi|8 4119 4214 
30 279 gi|8 4131 4225 
32 257 gi|8 4132 4226 
34 297 gi|8 13188 13411 
36 251 gi|8 14557 14643 
38 262 gi|8 14883 15131 
40 286 gi|8 14970 15127 
42 253 gi|8 14971 15135 
44 11944 gi|8 18244 19784 
46 11978 gi|8 18357 19841 
48 12045 gi|8 18424 19783 
50 12029 gi|8 18427 19848 
52 12073 gi|8 18431 19783 
241 12130 gi|8 18445 19807 
54 12044 gi|8 18452 19922 
557 12049 gi|8 18452 19844 
60 12004 gi|8 18453 19839 
56 12051 gi|8 18453 19778 
58 12049 gi|8 18453 19775 
62 295 gi|8 22922 23000 
64 353 gi|8 22927 23000 
66 251 gi|8 27343 27397 
68 251 gi|8 27344 27397 
70 253 gi|8 27345 27397 
72 1055 gi|8 29810 30993 
74 263 gi|8 32119 32240 
76 593 gi|8 34490 35337 
261 481 gi|8 34596 35258 
620 1792 gi|9 127 3862 
622 2069 gi|9 7752 8972 
624 344 gi|9 8357 8672 
626 369 gi|9 10352 10484 
628 485 gi|9 10358 10547 
630 396 gi|9 10363 10509 
632 996 gi|9 10364 10673 
634 468 gi|9 10366 10509 
636 627 gi|9 10375 10643 
638 340 gi|9 10378 10484 
640 613 gi|9 10388 10628 
207 605 gi|9 10391 10628 
642 605 gi|9 10392 10624 
644 1223 gi|9 10396 10690 
646 783 gi|9 10401 10565 
648 751 gi|9 10419 10569 
650 589 gi|9 10430 10547 
652 277 gi|9 10480 10628 
654 331 gi|9 10481 10553 
656 445 gi|9 10492 10559 
658 458 gi|9 10494 10628 
660 283 gi|9 10498 10547 
662 283 gi|9 10498 10547 
664 572 gi|9 10517 10622 
203 693 gi|9 10518 10690 
193 754 gi|9 10527 10768 
666 512 gi|9 10544 10690 
668 529 gi|9 10545 10627 
670 1083 gi|9 10546 10769 
672 802 gi|9 10549 10772 
674 539 gi|9 10549 10690 
676 523 gi|9 10549 10661 
680 257 gi|9 10549 10652 
678 376 gi|9 10549 10608 
682 505 gi|9 10550 10652 
684 305 gi|9 10554 10604 
686 305 gi|9 10554 10604 
688 300 gi|9 10573 10683 
694 980 gi|9 10604 10769 
692 709 gi|9 10604 10747 
690 412 gi|9 10604 10661 
700 755 gi|9 10607 10770 
698 791 gi|9 10607 10768 
696 642 gi|9 10607 10738 
702 327 gi|9 10612 10661 
704 528 gi|9 10616 10747 
706 525 gi|9 10624 10723 
708 412 gi|9 10648 10768 
710 634 gi|9 10649 10771 
712 397 gi|9 10649 10728 
714 465 gi|9 10659 10757 
716 639 gi|9 10660 10772 
718 331 gi|9 10663 10757 
213 543 gi|9 10663 10747 
720 607 gi|9 10664 10757 
722 319 gi|9 10668 10718 
724 319 gi|9 10668 10718 
726 576 gi|9 10708 10772 
728 483 gi|9 10716 10771 
730 499 gi|9 10716 10771 
732 309 gi|9 10763 10847 
734 352 gi|9 10766 10847 
736 352 gi|9 10766 10847 
738 285 gi|9 10768 10824 
740 306 gi|9 10769 10824 
742 286 gi|9 10771 10824 
744 291 gi|9 10771 10824 
746 283 gi|9 10775 10854 
748 281 gi|9 10775 10826 
750 273 gi|9 10775 10823 
752 281 gi|9 28984 29120 
199 427 gi|9 30127 30234 
754 429 gi|9 30127 30234 
756 272 gi|9 30177 30235 
768 524 gi|9 30184 30272 
766 257 gi|9 30184 30269 
758 419 gi|9 30184 30234 
760 386 gi|9 30184 30234 
762 434 gi|9 30184 30234 
764 403 gi|9 30184 30234 
770 434 gi|9 30184 30234 
772 256 gi|9 30241 30377 
774 384 gi|9 30270 30353 
776 303 gi|9 30270 30329 
778 336 gi|9 30277 30351 
780 2539 gi|9 30735 32494 
782 980 gi|9 33226 34013 
784 2003 gi|9 33256 34035 
786 1005 gi|9 34268 35234 
788 1917 gi|9 34343 35212 
790 465 gi|9 36867 37286 
267 388 gi|9 39964 40171 
