#  fam    ele   dir  sequence    start     end
     1      1  1       gi|1     1149     4628 
     1    699 -1      gi|67    17087    20569 
     2      2  1       gi|1     7699     8841 
     2    698 -1      gi|67     7243     8385 
     3      3  1       gi|1     9682    12530 
     3    697 -1      gi|67     2810     5724 
     3     10  1       gi|1    20908    21033 
     4      6  1       gi|1    14737    14838 
     4    837 -1      gi|67     1407     1612 
     4      8  1       gi|1    16083    16275 
     4    265 -1      gi|29    39150    39378 
     4    833  1       gi|1    14040    14214 
     4    834  1       gi|1    14948    15048 
     4    836  1       gi|1    13837    14026 
     4    694 -1      gi|67      129      356 
     4    831 -1      gi|67      806      863 
     5      9  1       gi|1    18666    20202 
     5    504 -1       gi|5    23091    24624 
     6     11  1       gi|1    26301    28635 
     6    604  1      gi|57    13151    15456 
     6    174  1      gi|22    33116    33268 
     7     12  1       gi|1    30689    31660 
     7     93 -1      gi|16    25079    26005 
     7    763 -1      gi|72    37973    38889 
     7    260 -1      gi|29     8548     9447 
     7    838 -1      gi|41     9676    10528 
     7    362  1      gi|36    24874    25735 
     7    614  1      gi|58    36887    37723 
     7    592  1      gi|56    25144    25398 
     7    866  1      gi|72    21932    22837 
     7    868 -1      gi|70    29836    30764 
     7     67  1      gi|13    36997    37839 
     7    556  1      gi|53    30289    31178 
     7    223 -1      gi|26    31686    32627 
     7    266  1       gi|3      103      385 
     7    151 -1      gi|20    22768    23669 
     7    650 -1      gi|62     3216     4177 
     8     13  1       gi|1    37974    38540 
     8    383  1      gi|39     4611     5163 
     9     14  1      gi|10        2      707 
     9     28 -1      gi|11     5821     6501 
    10     15  1      gi|10     4413     4457 
    11     16  1      gi|10     5005     5171 
    11     77  1      gi|15      933     1081 
    12     17  1      gi|10     5317     5380 
    12    526 -1      gi|51    22029    22367 
    12    551 -1      gi|53     9347     9690 
    13     18  1      gi|10     8549     8893 
    13    465  1      gi|47     2669     3165 
    13    544 -1      gi|52    32242    32745 
    14     19  1      gi|10    11263    13354 
    14    119  1      gi|18    37535    39116 
    15     20  1      gi|10    19962    20055 
    15    198  1      gi|24    26618    27182 
    15    404 -1      gi|40    37071    37622 
    16     21  1      gi|10    25548    28174 
    16     52 -1      gi|13      925     3386 
    16    568  1      gi|54    31641    31994 
    16    569  1      gi|54    32372    32766 
    16    296  1      gi|30    30130    31471 
    16    376  1      gi|37    36933    37292 
    16    377  1      gi|37    38129    38666 
    17     22  1      gi|10    28112    31023 
    17    262  1      gi|29    23752    26639 
    17    269  1       gi|3     9008     9153 
    17    539 -1      gi|52    20629    20818 
    18     23  1      gi|10    31230    31603 
    18    263  1      gi|29    26689    27068 
    19     24  1      gi|10    31691    32740 
    19    261  1      gi|29    19786    20858 
    20     25  1      gi|10    35669    36588 
    20     32  1      gi|11    19231    20192 
    20    492 -1      gi|49    27219    28192 
    20    264  1      gi|29    27883    28238 
    21     26  1      gi|11        2      783 
    21    680  1      gi|65    35604    38217 
    21    414  1      gi|42     7224     9829 
    21    826 -1       gi|9    20282    21794 
    22     27  1      gi|11     2363     3733 
    22    776  1      gi|74     5688     6675 
    22    320 -1      gi|33    17998    18980 
    23     29  1      gi|11     9978    10195 
    23    370  1      gi|37    18000    18227 
    24     30  1      gi|11    15660    16909 
    24     40  1      gi|12     1766     3182 
    24     53 -1      gi|13     7191     8594 
    25     31  1      gi|11    18595    19168 
    25    381  1      gi|38    16067    16619 
    26     33  1      gi|11    23075    23146 
    26    648  1      gi|61    18086    18158 
    27     34  1      gi|11    24363    24451 
    27    358  1      gi|36    14744    14831 
    28     35  1      gi|11    29147    29221 
    28    134 -1      gi|19    35041    37024 
    28    825  1       gi|9    16094    18070 
    29     36  1      gi|11    29551    29842 
    29    677 -1      gi|65    11828    12122 
    30     37  1      gi|11    36866    36965 
    30    583 -1      gi|55    35615    35724 
    31     38  1      gi|12      410      443 
    31    172 -1      gi|22    25647    25714 
    31     41 -1      gi|12     3357     3432 
    31    549 -1      gi|53     4453     4530 
    32     39  1      gi|12      667     1566 
    32    731  1       gi|7    20734    21582 
    33     42  1      gi|12     8953     9084 
    33    431 -1      gi|43    39769    39906 
    34     43  1      gi|12     9717    10039 
    35     45  1      gi|12    12127    12863 
    35    327 -1      gi|34       27      667 
    35    332 -1      gi|34     5038     5278 
    35    402 -1      gi|40    24782    24898 
    36     46  1      gi|12    15684    15822 
    36    713  1      gi|68    21593    21727 
    37     47  1      gi|12    26783    28166 
    37    773  1      gi|73    30120    31573 
    37    781 -1      gi|74    16956    18308 
    37    436 -1      gi|44    10214    11665 
    37    170 -1      gi|22    23835    25271 
    37    274 -1       gi|3    18185    19190 
    37    322  1      gi|33    22052    22150 
    38     48  1      gi|12    30093    30623 
    38    728 -1       gi|7     1983     2508 
    39     49  1      gi|12    32048    37962 
    39    487  1      gi|49     8794    14797 
    39     82  1      gi|15    23673    27827 
    39    753 -1      gi|72      251      373 
    39    222  1      gi|26    30222    31640 
    39    162  1      gi|21    33341    33469 
    39    495 -1      gi|49    37341    37819 
    39    817 -1       gi|8    32694    32764 
    40     50  1      gi|12    38380    39794 
    40    225  1      gi|26    34108    35475 
    40    629  1      gi|59    38017    39345 
    41     51  1      gi|13      598      653 
    41    295  1      gi|30    29461    29516 
    42     54  1      gi|13     9712     9900 
    42    627 -1      gi|59    28576    28778 
    43     55  1      gi|13    12234    12362 
    43    280 -1       gi|3    32711    32855 
    44     56  1      gi|13    12857    13077 
    44    432 -1      gi|44      423      643 
    45     57  1      gi|13    16346    16446 
    45    687  1      gi|66    20962    21065 
    46     58  1      gi|13    22824    22888 
    46    720 -1      gi|69    18023    18086 
    47     59  1      gi|13    26446    27214 
    47    310 -1      gi|32    33538    34919 
    47    333  1      gi|34     5969     7370 
    47    149 -1      gi|20    13718    13958 
    48     60  1      gi|13    28670    28702 
    49     61  1      gi|13    30128    31194 
    49    840  1      gi|69    38967    39258 
    49    839  1      gi|69    38205    38965 
    49    597 -1      gi|56    30218    30830 
    49    849 -1       gi|8     5395     6108 
    49    814  1       gi|8    23713    23757 
    49    334  1      gi|34     7086     7830 
    50     62  1      gi|13    34374    34462 
    50    647  1      gi|61    15835    15935 
    51     63  1      gi|13    34722    34799 
    51    213  1      gi|26    13836    13913 
    51     65  1      gi|13    35013    35091 
    52     64  1      gi|13    34857    34923 
    52    180  1      gi|23    19309    19384 
    52     66  1      gi|13    35137    35216 
    53     68  1      gi|13    37996    39141 
    53    221  1      gi|26    29179    30338 
    54     69  1      gi|13    38998    39973 
    54    220  1      gi|26    27587    28561 
    54    290 -1      gi|30    18399    18452 
    55     70  1      gi|14    22821    23355 
    55    352 -1      gi|35    36309    36817 
    56     71  1      gi|14    23538    24565 
    56    437  1      gi|44    11827    12852 
    56     73  1      gi|14    25998    26988 
    56    120 -1      gi|18    39871    39993 
    57     72  1      gi|14    24801    25773 
    57    324  1      gi|33    32560    33258 
    57    502  1       gi|5     9902    10190 
    58     74  1      gi|14    27546    29311 
    58    785  1      gi|74    22547    24096 
    59     75  1      gi|14    31328    32472 
    59    538 -1      gi|52    17291    18078 
    59    630  1       gi|6     4413     5546 
    60     76  1      gi|14    33235    33874 
    60    279  1       gi|3    31847    32483 
    61     78  1      gi|15     6296     6381 
    61    178  1      gi|23    13152    13240 
    62     79  1      gi|15    13686    14248 
    62    584 -1      gi|55    37478    38061 
    63     80  1      gi|15    14283    14328 
    63    851  1      gi|68    13054    13128 
    63    791 -1      gi|75    15435    15498 
    63    853  1      gi|15    35428    35478 
    63    292  1      gi|30    20066    20117 
    64     84  1      gi|15    31065    32835 
    64    718 -1      gi|69     2845     9259 
    64    767  1      gi|73    10026    10330 
    64    497  1      gi|49    38743    39983 
    64    754 -1      gi|72     3810     5915 
    65     86  1      gi|15    39054    39744 
    65    494 -1      gi|49    32521    33172 
    66     87  1      gi|16     1103     3946 
    66    580  1      gi|55    31970    32149 
    67     88  1      gi|16     3919     5015 
    67    340 -1      gi|34    32026    33064 
    68     89  1      gi|16    16155    16328 
    68    347 -1      gi|35    10898    11064 
    68    361 -1      gi|36    20015    20169 
    69     90  1      gi|16    18489    18606 
    69    372 -1      gi|37    20855    20972 
    70     91  1      gi|16    19058    19290 
    70    160 -1      gi|21    21973    22206 
    71     92  1      gi|16    24066    24370 
    71    520 -1      gi|50    23611    23864 
    72     94  1      gi|16    38855    38955 
    72    114 -1      gi|18    24856    24964 
    73     95  1      gi|16    38946    39999 
    73    682 -1      gi|65    39422    39988 
    73    758  1      gi|72    20463    21601 
    74     96  1      gi|17     4898     5490 
    74    286  1      gi|30     6708     7282 
    74    602  1      gi|57    11077    11572 
    75     97  1      gi|17     6932     7027 
    75    784 -1      gi|74    21148    23128 
    75    133 -1      gi|19    32354    32526 
    76     98  1      gi|17    12925    15677 
    77     99  1      gi|17    17433    18599 
    78    100  1      gi|17    21727    22386 
    78    656 -1      gi|62    27283    27968 
    79    101  1      gi|17    23401    23578 
    79    809 -1       gi|8     5024     5177 
    80    102  1      gi|17    32426    33533 
    80    522  1      gi|50    31112    32206 
    81    104  1      gi|17    35985    36838 
    81    488 -1      gi|49    15392    16218 
    81    338 -1      gi|34    18409    18819 
    82    105  1      gi|17    36871    36917 
    82    741  1      gi|70    32709    33029 
    82    194  1      gi|24    18582    18635 
    82    771  1      gi|73    15516    15549 
    83    106  1      gi|17    37047    37195 
    83    215  1      gi|26    16500    16654 
    84    107  1      gi|18     4123     4236 
    84    348  1      gi|35    11804    11901 
    85    108  1      gi|18     7895     7952 
    85    521 -1      gi|50    27973    28036 
    86    109  1      gi|18    11111    11223 
    86    576  1      gi|55    14617    14731 
    86    797  1      gi|75    35969    36052 
    86    536 -1      gi|52    15189    15272 
    87    110  1      gi|18    16322    16965 
    87    345 -1      gi|35     5245     5903 
    88    111  1      gi|18    17553    17878 
    88    344 -1      gi|35     4323     4660 
    89    112  1      gi|18    20425    20465 
    89    616 -1      gi|58    38991    39031 
    90    113  1      gi|18    20933    21104 
    90    237  1      gi|27    24941    25103 
    91    115  1      gi|18    26344    29124 
    91    126  1      gi|19    20082    22701 
    92    116  1      gi|18    31520    32472 
    92    574  1      gi|55     7320     8420 
    92    714 -1      gi|68    33236    34338 
    93    117  1      gi|18    33643    35493 
    94    118  1      gi|18    35268    37491 
    95    121  1      gi|19     1027     3112 
    95    474  1      gi|47    32936    35012 
    96    122  1      gi|19     7879     8272 
    97    123  1      gi|19     8452     8632 
    97    373  1      gi|37    24284    24479 
    98    125  1      gi|19    17707    18557 
    98    206 -1      gi|25    21314    22159 
    99    127  1      gi|19    21406    24312 
    99    774 -1      gi|74     2073     5015 
    99    128  1      gi|19    25994    27212 
   100    129  1      gi|19    27418    28282 
   100    241  1      gi|27    30916    31871 
   100    775  1      gi|74     4639     5572 
   101    130  1      gi|19    28819    29648 
   101    462 -1      gi|46    30367    31055 
   102    131  1      gi|19    29984    30097 
   102    471 -1      gi|47    19345    19464 
   103    132  1      gi|19    32014    32217 
   103    447  1      gi|45     6570     6943 
   104    135  1       gi|2        8     1319 
   104    272  1       gi|3    13596    14918 
   104    273  1       gi|3    15465    16035 
   104    582  1      gi|55    35213    35296 
   104    624 -1      gi|59    13274    13395 
   105    136  1       gi|2     5625     6595 
   105    353  1      gi|35    39098    40000 
   105    529  1      gi|51    35867    36027 
   105    505  1       gi|5    26347    27123 
   105    600  1      gi|57     2516     2708 
   106    137  1       gi|2     6588     7214 
   106    486  1      gi|49     2688     3316 
   107    138  1       gi|2    12552    13769 
   107    156 -1      gi|20    30282    31517 
   108    139  1       gi|2    15966    17103 
   108    594 -1      gi|56    26952    28227 
   108    625  1      gi|59    19324    20673 
   109    140  1       gi|2    19605    20609 
   109    535 -1      gi|52    10716    11723 
   110    141  1       gi|2    25405    25483 
   110    371 -1      gi|37    18914    19593 
   111    142  1       gi|2    28477    29364 
   111    735  1      gi|70     5890     6759 
   112    143  1       gi|2    34451    34514 
   112    527  1      gi|51    25337    25373 
   112    184  1      gi|23    37129    37196 
   112    282  1       gi|3    37491    37534 
   113    144  1       gi|2    38891    39660 
   113    613 -1      gi|58    35738    36512 
   114    145  1      gi|20      688     1323 
   114    258  1      gi|29     3409     4044 
   114    626  1      gi|59    20714    21282 
   115    146  1      gi|20     8647     8690 
   115    374  1      gi|37    25519    26860 
   115    658 -1      gi|62    34686    36031 
   116    147  1      gi|20     8971     9074 
   116    766 -1      gi|73     8405     8494 
   117    148  1      gi|20    11418    13356 
   117    827 -1       gi|9    27794    29711 
   118    150  1      gi|20    18968    22593 
   118    807 -1      gi|76    36174    39854 
   118    727  1       gi|7      345      534 
   119    152  1      gi|20    23808    24033 
   119    534 -1      gi|52     8972     9186 
   120    154  1      gi|20    25883    25932 
   120    689  1      gi|66    22987    25609 
   120    312  1      gi|32    36508    36873 
   120    359  1      gi|36    16406    16444 
   120    619  1      gi|59     3584     3669 
   120    704  1      gi|67    30792    32817 
   120    764  1      gi|73     1233     1516 
   120    864  1      gi|20    24582    25594 
   121    155  1      gi|20    26035    26739 
   121    501  1       gi|5     7881     8590 
   122    157  1      gi|20    33183    33487 
   122    846  1      gi|54     8457     9370 
   122    845 -1      gi|15    15171    17337 
   122    164  1      gi|22     1311     2211 
   122    555 -1      gi|53    23117    23990 
   122    796 -1      gi|75    33164    35758 
   122    499  1       gi|5     2609     2884 
   122    500  1       gi|5     6196     6239 
   122    412 -1      gi|41    35825    36821 
   122    212  1      gi|26    12062    12370 
   122    844 -1      gi|15    14781    15169 
   122    674 -1      gi|64    29411    29542 
   123    158  1      gi|21     4073     4461 
   123    411 -1      gi|41    32490    33065 
   123    654 -1      gi|62    12014    12563 
   124    159  1      gi|21    13520    13696 
   124    706  1      gi|67    36906    39884 
   124    330 -1      gi|34     4128     4293 
   124    765  1      gi|73     3243     6181 
   124    722  1      gi|69    25717    25976 
   125    161  1      gi|21    26304    26469 
   125    667  1      gi|63    38220    38400 
   126    163  1      gi|21    38554    38697 
   126    294 -1      gi|30    28844    29017 
   127    165  1      gi|22     2725     4581 
   127    564  1      gi|54    11121    12968 
   128    166  1      gi|22    11860    13474 
   128    299  1      gi|31     1902     3509 
   128    692  1      gi|66    30972    31213 
   129    167  1      gi|22    17154    17510 
   129    768  1      gi|73    11801    12139 
   130    168  1      gi|22    17789    19099 
   130    251 -1      gi|28    24795    27380 
   130    311  1      gi|32    34285    36263 
   130    779 -1      gi|74    13038    14246 
   130    780  1      gi|74    15671    16863 
   131    169  1      gi|22    20844    23591 
   131    239  1      gi|27    27595    29032 
   131    369  1      gi|37     9805    10936 
   132    171  1      gi|22    25361    25568 
   132    456 -1      gi|46    11494    11701 
   133    173  1      gi|22    26465    28015 
   133    226  1      gi|26    35933    36055 
   133    283  1      gi|30      395     1960 
   133    662 -1      gi|63    12559    12689 
   134    175  1      gi|22    36671    36771 
   134    459  1      gi|46    18043    18154 
   135    176  1      gi|22    37722    37810 
   135    683  1      gi|66        1     1525 
   135    306  1      gi|32    16489    17799 
   135    308  1      gi|32    22490    24562 
   135    507  1       gi|5    36560    36817 
   135    691  1      gi|66    27701    29790 
   135    530 -1      gi|51    36566    36882 
   135    632 -1       gi|6    11278    11386 
   136    177  1      gi|22    39803    39957 
   136    323  1      gi|33    22433    22590 
   137    179  1      gi|23    18194    18317 
   137    655  1      gi|62    15710    15839 
   138    181  1      gi|23    27456    27803 
   138    191 -1      gi|24    13554    13884 
   139    182  1      gi|23    29729    30522 
   139    802 -1      gi|76    15184    15970 
   140    183  1      gi|23    35333    35654 
   140    396  1       gi|4    35525    35851 
   141    185  1      gi|23    37760    38076 
   141    558 -1      gi|53    33005    33340 
   142    186  1      gi|24     1244     1360 
   142    378  1      gi|38     2686     2796 
   143    187  1      gi|24     1603     2491 
   143    578 -1      gi|55    27918    28839 
   144    188  1      gi|24     6050     6254 
   144    444  1      gi|44    34045    34216 
   145    189  1      gi|24    11305    11775 
   145    363 -1      gi|36    25883    26506 
   145    425 -1      gi|43    17987    18658 
   146    190  1      gi|24    12604    13209 
   146    472 -1      gi|47    20079    20696 
   147    192  1      gi|24    14979    15280 
   147    719  1      gi|69    16564    16892 
   148    193  1      gi|24    16039    16416 
   148    749 -1      gi|71    17434    19293 
   149    195  1      gi|24    23636    24432 
   149    350  1      gi|35    32058    32878 
   150    196  1      gi|24    24835    25037 
   150    669 -1      gi|64     4985     5181 
   151    197  1      gi|24    25935    26021 
   151    665  1      gi|63    28704    28795 
   152    199  1      gi|24    27685    28329 
   152    688  1      gi|66    21385    22023 
   153    200  1      gi|24    31631    31758 
   153    721  1      gi|69    23993    24120 
   154    201  1      gi|24    35572    36233 
   154    405  1      gi|40    38113    38769 
   155    202  1      gi|25     6567     7390 
   155    480  1      gi|48    13970    14798 
   155    339  1      gi|34    28602    29087 
   155    813 -1       gi|8    19878    20417 
   156    203  1      gi|25    15478    17102 
   156    382 -1      gi|39      887     2526 
   157    204  1      gi|25    18319    19160 
   157    635 -1       gi|6    17395    18239 
   158    205  1      gi|25    19559    19928 
   158    506  1       gi|5    33894    34243 
   159    207  1      gi|25    37666    37747 
   159    634 -1       gi|6    16930    17014 
   160    208  1      gi|26      469      527 
   160    519 -1      gi|50    20062    20117 
   161    209  1      gi|26     2629     4676 
   161    752  1      gi|71    34512    35280 
   161    523  1      gi|50    37677    38460 
   161    841  1      gi|50    15067    16039 
   161    843 -1      gi|40    35932    36228 
   161    842 -1      gi|40    35884    35929 
   162    210  1      gi|26     6334     6458 
   162    341  1      gi|34    32988    35977 
   162    309  1      gi|32    26830    27386 
   162    301  1      gi|31    15311    17189 
   162    621  1      gi|59     8377     9568 
   163    211  1      gi|26     6570     7709 
   163    451  1      gi|45    20601    21715 
   164    214  1      gi|26    14993    15656 
   164    470  1      gi|47    14229    14868 
   165    216  1      gi|26    17279    19521 
   165    553  1      gi|53    15995    16118 
   166    217  1      gi|26    19524    19907 
   166    548 -1      gi|53     3436     3804 
   167    218  1      gi|26    21484    22054 
   167    757  1      gi|72    18835    19413 
   167    803  1      gi|76    19381    19624 
   168    219  1      gi|26    23399    23535 
   168    572  1      gi|54    38592    38740 
   169    224  1      gi|26    33835    33966 
   169    537  1      gi|52    15232    15366 
   170    227  1      gi|27      430      519 
   170    644  1      gi|60    37404    37493 
   171    228  1      gi|27     3943     4591 
   171    326  1      gi|33    39306    39415 
   171    407 -1      gi|41     6496     7149 
   172    229  1      gi|27     7528     7618 
   172    709 -1      gi|68    10785    10878 
   173    230  1      gi|27     7831     7983 
   173    448  1      gi|45     7497     7646 
   174    231  1      gi|27     8549    10166 
   174    391  1       gi|4    29181    30816 
   174    319 -1      gi|33    17395    17552 
   174    639  1      gi|60     9918    10010 
   175    232  1      gi|27    11158    11563 
   175    392  1       gi|4    31270    31678 
   176    233  1      gi|27    14419    15132 
   176    394  1       gi|4    32083    32807 
   177    234  1      gi|27    18865    20120 
   177    316 -1      gi|33    10193    11485 
   177    423  1      gi|43    16568    16694 
   177    490  1      gi|49    17456    17616 
   178    235  1      gi|27    21019    21751 
   178    850  1      gi|68    12307    13050 
   178    852  1      gi|15    35340    35417 
   179    236  1      gi|27    22425    23280 
   179    389 -1      gi|39    36670    36944 
   180    238  1      gi|27    25953    27753 
   180    302  1      gi|31    18404    19815 
   181    240  1      gi|27    29471    30761 
   182    242  1      gi|27    31971    33207 
   182    711  1      gi|68    13141    14377 
   183    243  1      gi|27    34515    34676 
   183    566 -1      gi|54    20580    20729 
   184    244  1      gi|27    38249    38587 
   184    633 -1       gi|6    12110    12448 
   185    245  1      gi|27    39961    40000 
   185    715 -1      gi|68    35901    37433 
   185    607  1      gi|57    27932    29481 
   186    246  1      gi|28     4263     7092 
   186    657 -1      gi|62    29449    32307 
   187    247  1      gi|28     8760     8881 
   187    770 -1      gi|73    14347    14474 
   188    248  1      gi|28    18906    19123 
   188    293  1      gi|30    22254    22473 
   189    249  1      gi|28    20280    23261 
   189    427  1      gi|43    30230    33078 
   190    250  1      gi|28    24474    24749 
   190    587 -1      gi|56     7060     7277 
   190    631  1       gi|6    10648    10851 
   191    252  1      gi|28    28027    29367 
   191    457  1      gi|46    11870    13207 
   192    253  1      gi|28    31596    32490 
   192    390 -1       gi|4    19223    20180 
   193    254  1      gi|28    34712    34880 
   193    498 -1       gi|5     1652     1847 
   194    255  1      gi|28    39005    39050 
   195    256  1      gi|28    39091    40000 
   195    428  1      gi|43    32970    33823 
   196    257  1      gi|29      851     1546 
   196    685  1      gi|66    13865    14561 
   197    259  1      gi|29     4789     8036 
   197    794  1      gi|75    22071    25065 
   198    267  1       gi|3     1507     2415 
   198    636  1       gi|6    27907    28466 
   199    268  1       gi|3     7609     7692 
   199    646 -1      gi|61    10688    13674 
   199    643  1      gi|60    35265    36905 
   199    707 -1      gi|68     1990     4995 
   200    270  1       gi|3    10891    11574 
   200    617 -1      gi|58    39259    39948 
   201    271  1       gi|3    12166    12611 
   201    673 -1      gi|64    23129    23625 
   202    275  1       gi|3    21532    22174 
   202    588  1      gi|56     9929    11617 
   202    528 -1      gi|51    29637    32674 
   202    435  1      gi|44     8794    10086 
   203    276  1       gi|3    31260    31350 
   203    550  1      gi|53     6409     6498 
   204    277  1       gi|3    31475    31556 
   204    481  1      gi|48    20363    20443 
   204    278  1       gi|3    31663    31719 
   205    281  1       gi|3    37131    37288 
   205    416 -1      gi|42    22209    22368 
   206    284  1      gi|30     2644     4917 
   206    410  1      gi|41    16255    18587 
   206    285  1      gi|30     5094     5418 
   206    609  1      gi|58    15009    15116 
   207    287  1      gi|30     8829     9612 
   207    473 -1      gi|47    31926    32691 
   208    288  1      gi|30     9770    10662 
   208    732 -1       gi|7    26303    27193 
   209    289  1      gi|30    13612    15840 
   209    395 -1       gi|4    33203    35368 
   209    739 -1      gi|70    25826    26185 
   210    291  1      gi|30    18954    19297 
   210    367  1      gi|36    33612    35245 
   210    795 -1      gi|75    30739    32367 
   210    596  1      gi|56    29679    29757 
   211    297  1      gi|30    34982    35209 
   211    640  1      gi|60    17429    17684 
   212    298  1      gi|30    39306    40000 
   212    660  1      gi|63       33     1390 
   212    575  1      gi|55    10940    12276 
   213    300  1      gi|31     9290    12054 
   214    303  1      gi|31    31881    32421 
   214    557 -1      gi|53    31319    31835 
   215    304  1      gi|32     1260     2578 
   215    748  1      gi|71    15914    17250 
   216    305  1      gi|32     4086     5903 
   216    336  1      gi|34     9661    11261 
   217    307  1      gi|32    19394    19545 
   217    430  1      gi|43    39461    39588 
   218    313  1      gi|32    36789    38239 
   218    858  1      gi|17    33251    34912 
   218    860 -1      gi|59     1999     3376 
   218    862 -1      gi|73    22519    24186 
   219    314  1      gi|33     2209     3707 
   219    824 -1       gi|9    12765    14248 
   220    315  1      gi|33     6281     7361 
   220    439 -1      gi|44    18538    19612 
   221    317  1      gi|33    12137    12658 
   221    653  1      gi|62    11220    11716 
   222    318  1      gi|33    13461    14684 
   222    598 -1      gi|56    32679    32959 
   223    321  1      gi|33    21859    21995 
   223    485  1      gi|49     1211     1341 
   224    325  1      gi|33    35310    36297 
   224    503  1       gi|5    19255    20028 
   225    328  1      gi|34     1864     2050 
   225    476 -1      gi|48     3661     3853 
   226    329  1      gi|34     2180     4009 
   226    723 -1      gi|69    27380    29277 
   227    331  1      gi|34     4244     4473 
   227    586  1      gi|56     4327     4560 
   228    335  1      gi|34     7858     7916 
   228    354  1      gi|36     3793     3856 
   229    337  1      gi|34    15547    16884 
   229    865  1      gi|48     4307     5326 
   230    342  1      gi|34    36292    36391 
   231    343  1      gi|34    37769    38087 
   231    441 -1      gi|44    28924    29200 
   232    346  1      gi|35     6212     6305 
   232    818 -1       gi|8    33235    33328 
   233    349  1      gi|35    13057    13150 
   233    355  1      gi|36     7213     7310 
   234    351  1      gi|35    34633    35537 
   234    424 -1      gi|43    16964    17854 
   234    737 -1      gi|70    21360    21524 
   235    356  1      gi|36     9438    10622 
   235    733 -1      gi|70        4      776 
   236    357  1      gi|36    11852    12354 
   236    815 -1       gi|8    25032    25785 
   236    799  1      gi|75    36866    37336 
   237    360  1      gi|36    19600    19758 
   237    508  1       gi|5    39117    39851 
   237    792  1      gi|75    17446    18165 
   238    364  1      gi|36    26814    26978 
   238    855  1      gi|15    29115    29175 
   238    854  1      gi|15    29027    29113 
   239    365  1      gi|36    27111    27587 
   239    684 -1      gi|66    11185    11761 
   240    366  1      gi|36    31664    33187 
   240    415 -1      gi|42    12425    13958 
   241    368  1      gi|36    38647    38731 
   241    452 -1      gi|45    27324    27402 
   242    375  1      gi|37    30849    31017 
   242    668  1      gi|63    39780    39939 
   243    379  1      gi|38     3546     3716 
   243    717  1      gi|69     1244     1425 
   244    380  1      gi|38     9200     9322 
   244    762  1      gi|72    34275    34402 
   245    384  1      gi|39    10377    13382 
   245    612 -1      gi|58    31060    34125 
   245    546  1      gi|52    36043    36349 
   246    385  1      gi|39    14576    14642 
   246    760 -1      gi|72    23966    24127 
   246    786  1      gi|74    24146    24302 
   247    386  1      gi|39    21911    23137 
   247    455  1      gi|46    10199    11437 
   248    387  1      gi|39    23749    24026 
   248    489 -1      gi|49    17012    17291 
   249    388  1      gi|39    35211    35281 
   249    738  1      gi|70    25175    25243 
   250    393  1       gi|4    31987    32105 
   250    708 -1      gi|68     6759     6876 
   251    397  1      gi|40       96     1395 
   252    398  1      gi|40     6637     6976 
   252    532  1      gi|52      479      822 
   253    399  1      gi|40    10214    10790 
   254    400  1      gi|40    13702    14986 
   254    611  1      gi|58    28528    28636 
   255    401  1      gi|40    15076    15173 
   255    445 -1      gi|45     2512     2600 
   256    406  1      gi|41     4335     6057 
   256    606  1      gi|57    24152    25898 
   257    408  1      gi|41     7279     7646 
   258    413  1      gi|42        1      223 
   258    429  1      gi|43    33824    34051 
   259    417  1      gi|42    29594    29733 
   259    593 -1      gi|56    26529    26665 
   260    418  1      gi|42    30585    30991 
   260    554 -1      gi|53    19980    20390 
   261    419  1      gi|42    31682    32889 
   261    808  1       gi|8     3577     4813 
   262    420  1      gi|42    33656    35529 
   263    421  1      gi|43     3224     3321 
   263    788 -1      gi|74    35944    36054 
   264    422  1      gi|43    13417    14933 
   265    426  1      gi|43    24093    25563 
   265    601 -1      gi|57     7520     8904 
   265    620 -1      gi|59     7801     7865 
   265    820 -1       gi|8    37712    39137 
   265    571  1      gi|54    35639    35934 
   266    433  1      gi|44     5061     5218 
   266    461 -1      gi|46    26102    26243 
   267    434  1      gi|44     7235     8709 
   268    438  1      gi|44    16974    18326 
   268    531  1      gi|52       11      197 
   269    440  1      gi|44    25005    26381 
   269    703 -1      gi|67    28132    31151 
   269    599  1      gi|56    34140    37183 
   269    789 -1      gi|74    38176    39098 
   269    573  1      gi|55     1909     2061 
   270    442  1      gi|44    30570    30647 
   270    638 -1       gi|6    30005    32200 
   270    491  1      gi|49    22891    23932 
   270    675 -1      gi|64    31408    33289 
   270    863 -1      gi|20    24470    24581 
   270    443  1      gi|44    30855    31895 
   270    743 -1      gi|70    34938    36282 
   271    446  1      gi|45     3345     3565 
   271    590  1      gi|56    17197    17416 
   271    744 -1      gi|70    37106    37204 
   272    449  1      gi|45     9991    12593 
   272    666  1      gi|63    29967    32684 
   273    450  1      gi|45    13112    13278 
   273    716 -1      gi|68    38231    38401 
   274    453  1      gi|45    30059    30227 
   274    565 -1      gi|54    16028    16202 
   275    454  1      gi|46     2292     6039 
   275    652 -1      gi|62     7164    10991 
   276    458  1      gi|46    16027    16334 
   276    516  1      gi|50    13884    14225 
   277    460  1      gi|46    18679    18750 
   277    484 -1      gi|48    28463    28528 
   278    463  1      gi|46    38520    39755 
   278    482 -1      gi|48    21199    22434 
   279    464  1      gi|47        9      367 
   279    663  1      gi|63    17331    23204 
   279    641  1      gi|60    24642    30790 
   280    466  1      gi|47     3115     4022 
   281    467  1      gi|47     9317     9455 
   281    778 -1      gi|74    11260    12822 
   281    857  1      gi|19    14310    15814 
   281    782  1      gi|74    18436    19561 
   281    783  1      gi|74    19887    21057 
   281    856  1      gi|19    14224    14309 
   282    468  1      gi|47     9968    10023 
   282    511  1      gi|50     8665     8707 
   282    512 -1      gi|50     8771     8827 
   283    469  1      gi|47    10057    13985 
   283    702  1      gi|67    22792    26885 
   284    475  1      gi|48       90      168 
   284    705 -1      gi|67    35261    35336 
   285    477  1      gi|48     3926     4087 
   285    777 -1      gi|74     7251     8734 
   286    479  1      gi|48     6669     6928 
   286    518 -1      gi|50    17779    18026 
   287    483  1      gi|48    26897    27210 
   287    509 -1      gi|50     4204     4517 
   288    493  1      gi|49    29520    30719 
   288    603  1      gi|57    11826    13000 
   289    496  1      gi|49    38138    38320 
   289    515  1      gi|50    13602    13787 
   290    510  1      gi|50     7990     8255 
   290    690 -1      gi|66    26819    27084 
   291    513  1      gi|50     9586     9636 
   291    570  1      gi|54    34717    34763 
   292    514  1      gi|50    13329    13500 
   292    798 -1      gi|75    36310    36457 
   293    524  1      gi|51        2     3709 
   293    805 -1      gi|76    27522    31274 
   293    595  1      gi|56    29157    29275 
   294    525  1      gi|51    14772    14893 
   294    589 -1      gi|56    17015    17134 
   295    533  1      gi|52     2595     3545 
   295    676 -1      gi|65     1784     2691 
   296    540  1      gi|52    24617    24934 
   296    787 -1      gi|74    31592    31942 
   297    541  1      gi|52    29650    29692 
   297    811 -1       gi|8     9631     9672 
   298    542  1      gi|52    30043    30242 
   298    724 -1      gi|69    30957    31158 
   299    543  1      gi|52    30378    30472 
   299    651  1      gi|62     6064     6155 
   300    545  1      gi|52    34216    34300 
   300    701 -1      gi|67    21002    21083 
   301    547  1      gi|53      653      862 
   301    560  1      gi|54       23      161 
   302    552  1      gi|53    14270    15246 
   302    823 -1       gi|9     1981     2949 
   303    559  1      gi|53    33929    34226 
   304    561  1      gi|54      470     2050 
   304    747 -1      gi|71    13986    15542 
   305    562  1      gi|54     2193     3555 
   305    746 -1      gi|71    12380    13742 
   306    567  1      gi|54    21679    23171 
   306    610 -1      gi|58    17960    19433 
   306    679 -1      gi|65    15118    16538 
   307    577  1      gi|55    26549    26699 
   307    628 -1      gi|59    30794    33589 
   308    579  1      gi|55    31761    31857 
   308    822 -1       gi|9     1216     1306 
   309    581  1      gi|55    32406    32515 
   309    725  1      gi|69    34295    34398 
   310    585  1      gi|55    38773    38931 
   310    819  1       gi|8    34948    35113 
   311    591  1      gi|56    22114    22447 
   311    742  1      gi|70    33036    33368 
   312    605  1      gi|57    23080    24199 
   312    793  1      gi|75    20971    22091 
   313    608  1      gi|58       18      201 
   314    615  1      gi|58    37912    38041 
   314    671  1      gi|64    17500    17629 
   315    622  1      gi|59     9200    11420 
   315    661  1      gi|63     3105     5395 
   315    623  1      gi|59    12158    12351 
   316    637  1       gi|6    28904    29458 
   317    642  1      gi|60    31066    33038 
   317    659 -1      gi|62    38810    38906 
   318    649  1      gi|61    39094    39295 
   319    664  1      gi|63    24214    26668 
   320    670  1      gi|64     8532     8850 
   320    736 -1      gi|70     6747     7098 
   321    672  1      gi|64    19604    19876 
   322    678  1      gi|65    14040    14174 
   322    693 -1      gi|66    33377    33529 
   323    681  1      gi|65    39309    39499 
   323    801 -1      gi|76        6      192 
   324    686  1      gi|66    14842    15577 
   325    700  1      gi|67    20871    20922 
   326    712  1      gi|68    19568    19654 
   326    750  1      gi|71    22177    24319 
   327    729  1       gi|7    13355    15727 
   328    730  1       gi|7    15971    16579 
   329    734  1      gi|70     1752     2498 
   330    745  1      gi|71     8002     8613 
   330    829  1       gi|9    37163    37693 
   331    751  1      gi|71    27748    28219 
   331    821 -1       gi|8    39511    39994 
   332    755  1      gi|72     6326    11086 
   333    756  1      gi|72    10849    15208 
   334    761  1      gi|72    24200    24460 
   334    806  1      gi|76    35800    36057 
   335    769  1      gi|73    12245    12395 
   336    790  1      gi|75     6628     8854 
   337    800  1      gi|75    37886    37994 
   337    816  1       gi|8    29198    29300 
   338    804  1      gi|76    19959    20104 
   338    812 -1       gi|8    16161    16314 
   339    828  1       gi|9    36836    37139 
   339    847  1      gi|12    10105    10409 
   339    848 -1      gi|61     2976     3280 
   340    859  1      gi|17    34919    35154 
   340    861 -1      gi|73    22272    22518 
