1 gi|1 1149 4628
2 gi|1 7699 8841
3 gi|1 9682 12530
4 gi|1 13817 14039
5 gi|1 14004 14218
6 gi|1 14737 14839
7 gi|1 14948 15081
8 gi|1 16078 16275
9 gi|1 18666 20202
10 gi|1 20908 21033
11 gi|1 26301 28635
12 gi|1 30689 31660
13 gi|1 37974 38540
14 gi|10 2 707
15 gi|10 4413 4457
16 gi|10 5005 5171
17 gi|10 5317 5380
18 gi|10 8549 8893
19 gi|10 11263 13354
20 gi|10 19962 20055
21 gi|10 25548 28177
22 gi|10 28112 31023
23 gi|10 31230 31603
24 gi|10 31691 32740
25 gi|10 35665 36588
26 gi|11 2 783
27 gi|11 2363 3733
28 gi|11 5821 6501
29 gi|11 9978 10195
30 gi|11 15660 16909
31 gi|11 18595 19168
32 gi|11 19231 20193
33 gi|11 23075 23146
34 gi|11 24363 24451
35 gi|11 29147 29221
36 gi|11 29551 29842
37 gi|11 36866 36965
38 gi|12 410 443
39 gi|12 667 1566
40 gi|12 1766 3182
41 gi|12 3353 3432
42 gi|12 8953 9084
43 gi|12 9717 10039
44 gi|12 10097 10429
45 gi|12 12127 12863
46 gi|12 15684 15822
47 gi|12 26783 28166
48 gi|12 30093 30623
49 gi|12 32048 37962
50 gi|12 38380 39794
51 gi|13 598 653
52 gi|13 925 3386
53 gi|13 7191 8594
54 gi|13 9712 9900
55 gi|13 12234 12362
56 gi|13 12857 13077
57 gi|13 16346 16446
58 gi|13 22824 22888
59 gi|13 26446 27214
60 gi|13 28670 28702
61 gi|13 30128 31194
62 gi|13 34374 34462
63 gi|13 34722 34799
64 gi|13 34857 34923
65 gi|13 35013 35091
66 gi|13 35137 35216
67 gi|13 36992 37845
68 gi|13 37996 39141
69 gi|13 38998 39973
70 gi|14 22821 23355
71 gi|14 23538 24569
72 gi|14 24801 25773
73 gi|14 25998 26990
74 gi|14 27546 29311
75 gi|14 31328 32472
76 gi|14 33235 33874
77 gi|15 933 1081
78 gi|15 6296 6381
79 gi|15 13686 14248
80 gi|15 14279 14329
81 gi|15 14781 17337
82 gi|15 23673 27827
83 gi|15 29027 29180
84 gi|15 31065 32835
85 gi|15 35340 35478
86 gi|15 39049 39744
87 gi|16 1103 3946
88 gi|16 3919 5015
89 gi|16 16155 16328
90 gi|16 18489 18606
91 gi|16 19058 19290
92 gi|16 24066 24370
93 gi|16 25079 26009
94 gi|16 38855 38955
95 gi|16 38946 40000
96 gi|17 4898 5490
97 gi|17 6932 7027
98 gi|17 12925 15677
99 gi|17 17433 18599
100 gi|17 21727 22386
101 gi|17 23401 23578
102 gi|17 32426 33533
103 gi|17 33251 35154
104 gi|17 35985 36838
105 gi|17 36869 36922
106 gi|17 37047 37195
107 gi|18 4123 4236
108 gi|18 7895 7952
109 gi|18 11111 11223
110 gi|18 16322 16965
111 gi|18 17553 17878
112 gi|18 20425 20465
113 gi|18 20933 21104
114 gi|18 24856 24964
115 gi|18 26344 29124
116 gi|18 31520 32472
117 gi|18 33643 35493
118 gi|18 35268 37491
119 gi|18 37535 39116
120 gi|18 39871 39993
121 gi|19 1027 3112
122 gi|19 7879 8272
123 gi|19 8452 8632
124 gi|19 14224 15814
125 gi|19 17707 18557
126 gi|19 20082 22701
127 gi|19 21406 24312
128 gi|19 25994 27212
129 gi|19 27418 28282
130 gi|19 28819 29648
131 gi|19 29984 30097
132 gi|19 32014 32217
133 gi|19 32354 32526
134 gi|19 35041 37024
135 gi|2 8 1320
136 gi|2 5625 6595
137 gi|2 6588 7214
138 gi|2 12552 13769
139 gi|2 15966 17103
140 gi|2 19605 20609
141 gi|2 25405 25483
142 gi|2 28477 29364
143 gi|2 34451 34514
144 gi|2 38891 39660
145 gi|20 688 1323
146 gi|20 8647 8690
147 gi|20 8971 9074
148 gi|20 11418 13356
149 gi|20 13718 13958
150 gi|20 18968 22593
151 gi|20 22767 23672
152 gi|20 23808 24033
153 gi|20 24470 25597
154 gi|20 25883 25932
155 gi|20 26035 26739
156 gi|20 30282 31517
157 gi|20 33183 33487
158 gi|21 4073 4461
159 gi|21 13516 13700
160 gi|21 21973 22206
161 gi|21 26304 26469
162 gi|21 33341 33469
163 gi|21 38548 38697
164 gi|22 1311 2215
165 gi|22 2725 4581
166 gi|22 11860 13474
167 gi|22 17154 17510
168 gi|22 17789 19101
169 gi|22 20844 23591
170 gi|22 23835 25271
171 gi|22 25361 25568
172 gi|22 25647 25714
173 gi|22 26465 28015
174 gi|22 33116 33268
175 gi|22 36671 36771
176 gi|22 37722 37810
177 gi|22 39803 39957
178 gi|23 13152 13240
179 gi|23 18194 18317
180 gi|23 19305 19384
181 gi|23 27456 27803
182 gi|23 29729 30522
183 gi|23 35333 35654
184 gi|23 37124 37196
185 gi|23 37760 38076
186 gi|24 1244 1360
187 gi|24 1603 2491
188 gi|24 6050 6254
189 gi|24 11305 11775
190 gi|24 12604 13209
191 gi|24 13554 13884
192 gi|24 14979 15280
193 gi|24 16039 16416
194 gi|24 18580 18639
195 gi|24 23636 24432
196 gi|24 24835 25037
197 gi|24 25935 26021
198 gi|24 26618 27182
199 gi|24 27685 28329
200 gi|24 31631 31758
201 gi|24 35572 36233
202 gi|25 6567 7390
203 gi|25 15478 17102
204 gi|25 18319 19160
205 gi|25 19559 19928
206 gi|25 21314 22159
207 gi|25 37666 37747
208 gi|26 469 527
209 gi|26 2629 4676
210 gi|26 6333 6458
211 gi|26 6570 7709
212 gi|26 12058 12370
213 gi|26 13836 13914
214 gi|26 14993 15656
215 gi|26 16500 16654
216 gi|26 17279 19521
217 gi|26 19524 19907
218 gi|26 21484 22054
219 gi|26 23399 23535
220 gi|26 27587 28561
221 gi|26 29179 30338
222 gi|26 30222 31640
223 gi|26 31686 32627
224 gi|26 33829 33966
225 gi|26 34108 35475
226 gi|26 35933 36055
227 gi|27 430 519
228 gi|27 3943 4591
229 gi|27 7528 7618
230 gi|27 7831 7983
231 gi|27 8549 10166
232 gi|27 11158 11563
233 gi|27 14419 15132
234 gi|27 18865 20120
235 gi|27 21019 21751
236 gi|27 22425 23280
237 gi|27 24941 25103
238 gi|27 25953 27753
239 gi|27 27593 29033
240 gi|27 29471 30761
241 gi|27 30916 31871
242 gi|27 31971 33207
243 gi|27 34515 34676
244 gi|27 38249 38587
245 gi|27 39961 40000
246 gi|28 4263 7092
247 gi|28 8760 8881
248 gi|28 18906 19123
249 gi|28 20280 23261
250 gi|28 24474 24749
251 gi|28 24790 27380
252 gi|28 28027 29367
253 gi|28 31596 32490
254 gi|28 34712 34880
255 gi|28 39005 39050
256 gi|28 39091 40000
257 gi|29 851 1546
258 gi|29 3409 4044
259 gi|29 4789 8036
260 gi|29 8548 9447
261 gi|29 19786 20858
262 gi|29 23752 26639
263 gi|29 26689 27068
264 gi|29 27883 28238
265 gi|29 39147 39388
266 gi|3 103 385
267 gi|3 1507 2415
268 gi|3 7609 7692
269 gi|3 9008 9153
270 gi|3 10891 11574
271 gi|3 12166 12611
272 gi|3 13596 14918
273 gi|3 15465 16038
274 gi|3 18185 19190
275 gi|3 21532 22174
276 gi|3 31260 31350
277 gi|3 31475 31556
278 gi|3 31663 31719
279 gi|3 31847 32483
280 gi|3 32711 32855
281 gi|3 37131 37288
282 gi|3 37491 37534
283 gi|30 395 1960
284 gi|30 2644 4917
285 gi|30 5094 5418
286 gi|30 6708 7282
287 gi|30 8829 9612
288 gi|30 9770 10662
289 gi|30 13612 15840
290 gi|30 18399 18452
291 gi|30 18954 19297
292 gi|30 20065 20121
293 gi|30 22254 22473
294 gi|30 28844 29017
295 gi|30 29461 29516
296 gi|30 30130 31471
297 gi|30 34982 35209
298 gi|30 39306 40000
299 gi|31 1902 3509
300 gi|31 9290 12054
301 gi|31 15311 17189
302 gi|31 18404 19815
303 gi|31 31881 32421
304 gi|32 1260 2578
305 gi|32 4086 5903
306 gi|32 16489 17799
307 gi|32 19394 19545
308 gi|32 22490 24562
309 gi|32 26830 27386
310 gi|32 33538 34919
311 gi|32 34285 36263
312 gi|32 36508 36873
313 gi|32 36789 38239
314 gi|33 2209 3707
315 gi|33 6281 7361
316 gi|33 10193 11485
317 gi|33 12137 12658
318 gi|33 13461 14684
319 gi|33 17395 17552
320 gi|33 17998 18980
321 gi|33 21859 21995
322 gi|33 22052 22150
323 gi|33 22433 22590
324 gi|33 32560 33258
325 gi|33 35310 36297
326 gi|33 39306 39415
327 gi|34 27 667
328 gi|34 1864 2050
329 gi|34 2180 4009
330 gi|34 4128 4293
331 gi|34 4244 4473
332 gi|34 5038 5278
333 gi|34 5969 7370
334 gi|34 7086 7835
335 gi|34 7858 7916
336 gi|34 9661 11261
337 gi|34 15547 16884
338 gi|34 18409 18823
339 gi|34 28602 29087
340 gi|34 32026 33074
341 gi|34 32988 35981
342 gi|34 36292 36391
343 gi|34 37769 38087
344 gi|35 4323 4660
345 gi|35 5245 5903
346 gi|35 6212 6305
347 gi|35 10893 11064
348 gi|35 11804 11901
349 gi|35 13057 13150
350 gi|35 32058 32878
351 gi|35 34633 35537
352 gi|35 36309 36817
353 gi|35 39098 40000
354 gi|36 3793 3856
355 gi|36 7213 7310
356 gi|36 9438 10622
357 gi|36 11852 12354
358 gi|36 14744 14831
359 gi|36 16406 16444
360 gi|36 19600 19758
361 gi|36 20015 20169
362 gi|36 24874 25735
363 gi|36 25883 26506
364 gi|36 26814 26981
365 gi|36 27111 27587
366 gi|36 31664 33187
367 gi|36 33612 35245
368 gi|36 38647 38731
369 gi|37 9805 10936
370 gi|37 18000 18227
371 gi|37 18914 19593
372 gi|37 20855 20972
373 gi|37 24284 24479
374 gi|37 25519 26860
375 gi|37 30849 31017
376 gi|37 36933 37294
377 gi|37 38129 38666
378 gi|38 2686 2796
379 gi|38 3546 3716
380 gi|38 9200 9322
381 gi|38 16067 16619
382 gi|39 887 2526
383 gi|39 4611 5163
384 gi|39 10377 13382
385 gi|39 14576 14642
386 gi|39 21911 23137
387 gi|39 23749 24026
388 gi|39 35211 35281
389 gi|39 36670 36944
390 gi|4 19223 20180
391 gi|4 29181 30816
392 gi|4 31270 31678
393 gi|4 31987 32105
394 gi|4 32083 32807
395 gi|4 33203 35368
396 gi|4 35525 35851
397 gi|40 94 1395
398 gi|40 6637 6976
399 gi|40 10214 10790
400 gi|40 13702 14986
401 gi|40 15076 15173
402 gi|40 24782 24898
403 gi|40 35884 36261
404 gi|40 37071 37622
405 gi|40 38113 38769
406 gi|41 4335 6057
407 gi|41 6496 7149
408 gi|41 7279 7646
409 gi|41 9670 10545
410 gi|41 16255 18587
411 gi|41 32490 33065
412 gi|41 35825 36821
413 gi|42 1 223
414 gi|42 7224 9831
415 gi|42 12425 13958
416 gi|42 22209 22368
417 gi|42 29594 29733
418 gi|42 30585 30991
419 gi|42 31682 32889
420 gi|42 33656 35529
421 gi|43 3224 3321
422 gi|43 13417 14933
423 gi|43 16568 16694
424 gi|43 16964 17854
425 gi|43 17987 18658
426 gi|43 24093 25563
427 gi|43 30230 33078
428 gi|43 32970 33823
429 gi|43 33824 34051
430 gi|43 39461 39588
431 gi|43 39769 39906
432 gi|44 423 643
433 gi|44 5052 5218
434 gi|44 7235 8709
435 gi|44 8794 10086
436 gi|44 10214 11665
437 gi|44 11824 12852
438 gi|44 16974 18326
439 gi|44 18538 19612
440 gi|44 25005 26381
441 gi|44 28924 29200
442 gi|44 30570 30647
443 gi|44 30855 31895
444 gi|44 34045 34216
445 gi|45 2512 2600
446 gi|45 3341 3565
447 gi|45 6570 6943
448 gi|45 7497 7646
449 gi|45 9991 12593
450 gi|45 13112 13278
451 gi|45 20601 21715
452 gi|45 27324 27402
453 gi|45 30059 30227
454 gi|46 2292 6039
455 gi|46 10199 11437
456 gi|46 11494 11701
457 gi|46 11870 13207
458 gi|46 16027 16334
459 gi|46 18043 18154
460 gi|46 18679 18750
461 gi|46 26102 26243
462 gi|46 30367 31055
463 gi|46 38520 39755
464 gi|47 9 367
465 gi|47 2669 3165
466 gi|47 3115 4022
467 gi|47 9317 9455
468 gi|47 9964 10023
469 gi|47 10057 13989
470 gi|47 14229 14868
471 gi|47 19345 19464
472 gi|47 20079 20703
473 gi|47 31926 32691
474 gi|47 32936 35012
475 gi|48 90 168
476 gi|48 3661 3853
477 gi|48 3926 4087
478 gi|48 4305 5345
479 gi|48 6669 6928
480 gi|48 13970 14798
481 gi|48 20363 20443
482 gi|48 21199 22434
483 gi|48 26897 27210
484 gi|48 28463 28528
485 gi|49 1211 1341
486 gi|49 2688 3316
487 gi|49 8794 14797
488 gi|49 15392 16220
489 gi|49 17012 17291
490 gi|49 17456 17616
491 gi|49 22886 23932
492 gi|49 27219 28192
493 gi|49 29520 30719
494 gi|49 32521 33172
495 gi|49 37341 37819
496 gi|49 38138 38320
497 gi|49 38743 39983
498 gi|5 1652 1847
499 gi|5 2609 2884
500 gi|5 6196 6239
501 gi|5 7881 8590
502 gi|5 9902 10190
503 gi|5 19255 20028
504 gi|5 23091 24624
505 gi|5 26347 27123
506 gi|5 33894 34243
507 gi|5 36560 36817
508 gi|5 39117 39851
509 gi|50 4204 4517
510 gi|50 7990 8255
511 gi|50 8665 8707
512 gi|50 8771 8827
513 gi|50 9586 9636
514 gi|50 13329 13500
515 gi|50 13602 13787
516 gi|50 13884 14225
517 gi|50 15054 16039
518 gi|50 17779 18026
519 gi|50 20062 20117
520 gi|50 23611 23864
521 gi|50 27973 28036
522 gi|50 31112 32206
523 gi|50 37677 38460
524 gi|51 2 3709
525 gi|51 14772 14893
526 gi|51 22025 22367
527 gi|51 25336 25376
528 gi|51 29637 32674
529 gi|51 35867 36027
530 gi|51 36566 36882
531 gi|52 11 197
532 gi|52 479 822
533 gi|52 2595 3545
534 gi|52 8972 9186
535 gi|52 10716 11723
536 gi|52 15189 15272
537 gi|52 15232 15366
538 gi|52 17291 18078
539 gi|52 20629 20818
540 gi|52 24617 24934
541 gi|52 29650 29692
542 gi|52 30043 30242
543 gi|52 30378 30472
544 gi|52 32242 32745
545 gi|52 34216 34300
546 gi|52 36043 36349
547 gi|53 653 862
548 gi|53 3436 3804
549 gi|53 4453 4530
550 gi|53 6409 6498
551 gi|53 9347 9699
552 gi|53 14270 15246
553 gi|53 15995 16118
554 gi|53 19980 20390
555 gi|53 23117 23990
556 gi|53 30288 31184
557 gi|53 31319 31835
558 gi|53 33005 33340
559 gi|53 33929 34226
560 gi|54 20 161
561 gi|54 470 2050
562 gi|54 2193 3555
563 gi|54 8456 9388
564 gi|54 11121 12968
565 gi|54 16028 16202
566 gi|54 20580 20729
567 gi|54 21679 23171
568 gi|54 31641 31994
569 gi|54 32372 32766
570 gi|54 34717 34763
571 gi|54 35639 35934
572 gi|54 38592 38740
573 gi|55 1909 2061
574 gi|55 7320 8420
575 gi|55 10940 12276
576 gi|55 14617 14732
577 gi|55 26549 26699
578 gi|55 27918 28839
579 gi|55 31761 31857
580 gi|55 31970 32149
581 gi|55 32406 32515
582 gi|55 35213 35296
583 gi|55 35615 35724
584 gi|55 37478 38061
585 gi|55 38773 38931
586 gi|56 4327 4560
587 gi|56 7060 7277
588 gi|56 9929 11617
589 gi|56 17015 17134
590 gi|56 17197 17416
591 gi|56 22114 22447
592 gi|56 25144 25398
593 gi|56 26529 26665
594 gi|56 26952 28234
595 gi|56 29157 29275
596 gi|56 29679 29757
597 gi|56 30218 30834
598 gi|56 32679 32959
599 gi|56 34140 37183
600 gi|57 2516 2708
601 gi|57 7520 8904
602 gi|57 11077 11572
603 gi|57 11826 13000
604 gi|57 13151 15456
605 gi|57 23080 24199
606 gi|57 24152 25898
607 gi|57 27932 29481
608 gi|58 18 201
609 gi|58 15009 15116
610 gi|58 17960 19437
611 gi|58 28528 28636
612 gi|58 31060 34125
613 gi|58 35738 36512
614 gi|58 36887 37723
615 gi|58 37912 38041
616 gi|58 38991 39031
617 gi|58 39259 39948
618 gi|59 1999 3393
619 gi|59 3584 3669
620 gi|59 7801 7865
621 gi|59 8377 9568
622 gi|59 9200 11420
623 gi|59 12158 12351
624 gi|59 13274 13395
625 gi|59 19324 20676
626 gi|59 20714 21282
627 gi|59 28576 28778
628 gi|59 30794 33597
629 gi|59 38017 39345
630 gi|6 4413 5546
631 gi|6 10648 10851
632 gi|6 11278 11386
633 gi|6 12110 12448
634 gi|6 16930 17014
635 gi|6 17395 18239
636 gi|6 27907 28466
637 gi|6 28904 29458
638 gi|6 30005 32200
639 gi|60 9918 10010
640 gi|60 17429 17684
641 gi|60 24642 30790
642 gi|60 31066 33038
643 gi|60 35265 36910
644 gi|60 37404 37493
645 gi|61 2959 3314
646 gi|61 10684 13674
647 gi|61 15835 15935
648 gi|61 18086 18158
649 gi|61 39094 39295
650 gi|62 3216 4177
651 gi|62 6064 6155
652 gi|62 7164 10991
653 gi|62 11220 11716
654 gi|62 12014 12563
655 gi|62 15710 15839
656 gi|62 27283 27968
657 gi|62 29449 32307
658 gi|62 34686 36031
659 gi|62 38810 38906
660 gi|63 33 1390
661 gi|63 3105 5395
662 gi|63 12559 12689
663 gi|63 17331 23207
664 gi|63 24214 26668
665 gi|63 28704 28795
666 gi|63 29967 32684
667 gi|63 38220 38400
668 gi|63 39780 39939
669 gi|64 4985 5181
670 gi|64 8532 8850
671 gi|64 17500 17629
672 gi|64 19604 19876
673 gi|64 23129 23625
674 gi|64 29411 29542
675 gi|64 31408 33289
676 gi|65 1784 2691
677 gi|65 11828 12122
678 gi|65 14040 14174
679 gi|65 15115 16542
680 gi|65 35604 38217
681 gi|65 39309 39499
682 gi|65 39422 39992
683 gi|66 1 1525
684 gi|66 11185 11761
685 gi|66 13865 14561
686 gi|66 14842 15577
687 gi|66 20962 21065
688 gi|66 21385 22023
689 gi|66 22987 25609
690 gi|66 26819 27084
691 gi|66 27701 29790
692 gi|66 30972 31213
693 gi|66 33377 33529
694 gi|67 127 362
695 gi|67 805 884
696 gi|67 1398 1654
697 gi|67 2810 5724
698 gi|67 7243 8385
699 gi|67 17087 20569
700 gi|67 20867 20922
701 gi|67 21002 21083
702 gi|67 22792 26885
703 gi|67 28132 31154
704 gi|67 30792 32817
705 gi|67 35261 35336
706 gi|67 36906 39884
707 gi|68 1990 4995
708 gi|68 6759 6876
709 gi|68 10785 10878
710 gi|68 12307 13128
711 gi|68 13141 14377
712 gi|68 19568 19654
713 gi|68 21593 21727
714 gi|68 33236 34338
715 gi|68 35901 37433
716 gi|68 38231 38401
717 gi|69 1244 1425
718 gi|69 2845 9259
719 gi|69 16564 16892
720 gi|69 18023 18086
721 gi|69 23993 24120
722 gi|69 25717 25976
723 gi|69 27380 29277
724 gi|69 30957 31158
725 gi|69 34295 34398
726 gi|69 38205 39258
727 gi|7 345 534
728 gi|7 1983 2508
729 gi|7 13355 15727
730 gi|7 15971 16579
731 gi|7 20734 21582
732 gi|7 26303 27193
733 gi|70 4 776
734 gi|70 1748 2498
735 gi|70 5890 6759
736 gi|70 6747 7098
737 gi|70 21360 21524
738 gi|70 25175 25243
739 gi|70 25826 26185
740 gi|70 29791 30766
741 gi|70 32709 33029
742 gi|70 33036 33368
743 gi|70 34938 36282
744 gi|70 37106 37204
745 gi|71 8002 8613
746 gi|71 12380 13742
747 gi|71 13986 15542
748 gi|71 15914 17250
749 gi|71 17434 19293
750 gi|71 22177 24319
751 gi|71 27748 28219
752 gi|71 34512 35280
753 gi|72 251 373
754 gi|72 3808 5915
755 gi|72 6326 11086
756 gi|72 10849 15208
757 gi|72 18835 19413
758 gi|72 20463 21601
759 gi|72 21926 22886
760 gi|72 23963 24127
761 gi|72 24200 24460
762 gi|72 34275 34402
763 gi|72 37973 38889
764 gi|73 1233 1516
765 gi|73 3243 6181
766 gi|73 8405 8494
767 gi|73 10024 10335
768 gi|73 11801 12139
769 gi|73 12245 12395
770 gi|73 14347 14474
771 gi|73 15516 15549
772 gi|73 22272 24186
773 gi|73 30116 31573
774 gi|74 2073 5015
775 gi|74 4639 5572
776 gi|74 5688 6680
777 gi|74 7251 8734
778 gi|74 11260 12822
779 gi|74 13038 14246
780 gi|74 15671 16863
781 gi|74 16956 18315
782 gi|74 18436 19561
783 gi|74 19887 21057
784 gi|74 21148 23128
785 gi|74 22547 24096
786 gi|74 24146 24304
787 gi|74 31592 31942
788 gi|74 35944 36054
789 gi|74 38176 39098
790 gi|75 6628 8854
791 gi|75 15435 15500
792 gi|75 17446 18165
793 gi|75 20971 22091
794 gi|75 22071 25065
795 gi|75 30739 32367
796 gi|75 33164 35758
797 gi|75 35969 36052
798 gi|75 36310 36457
799 gi|75 36866 37336
800 gi|75 37886 37994
801 gi|76 6 192
802 gi|76 15184 15970
803 gi|76 19381 19624
804 gi|76 19959 20114
805 gi|76 27522 31274
806 gi|76 35800 36057
807 gi|76 36174 39854
808 gi|8 3577 4813
809 gi|8 5024 5177
810 gi|8 5395 6134
811 gi|8 9631 9672
812 gi|8 16161 16314
813 gi|8 19878 20417
814 gi|8 23712 23759
815 gi|8 25032 25785
816 gi|8 29198 29300
817 gi|8 32694 32764
818 gi|8 33235 33328
819 gi|8 34948 35113
820 gi|8 37712 39137
821 gi|8 39511 39994
822 gi|9 1216 1306
823 gi|9 1981 2949
824 gi|9 12765 14248
825 gi|9 16094 18070
826 gi|9 20282 21794
827 gi|9 27794 29711
828 gi|9 36836 37139
829 gi|9 37163 37693
