#  fam    ele   dir  sequence    start     end
     1      1  1       gi|1        2      558 
     1    452  1      gi|51     6557     7113 
     2      2  1       gi|1     1993     2687 
     2    450 -1      gi|51     5435     6126 
     3      3  1       gi|1     5722     6508 
     3    676 -1      gi|73    28775    29743 
     3    717  1      gi|58     5302     5432 
     3    278 -1      gi|35    37260    37913 
     3    339  1      gi|40    36512    36792 
     4      4  1       gi|1    16247    18451 
     4    490 -1      gi|54    26784    28976 
     5      5  1       gi|1    29367    29668 
     5    168  1      gi|25    32701    32999 
     6      6  1       gi|1    31963    33079 
     6    582 -1      gi|64    18970    20086 
     7      7  1       gi|1    33190    33540 
     7    341 -1      gi|41      569      911 
     8      8  1       gi|1    34375    35734 
     8    132 -1      gi|22      211     1573 
     8    618 -1      gi|68    37355    38656 
     8    584 -1      gi|64    29010    30007 
     9      9  1       gi|1    36596    37278 
     9    454  1      gi|51    13690    14372 
    10     10  1       gi|1    38779    38874 
    10    211  1      gi|29    15418    15512 
    11     11  1       gi|1    38944    39330 
    11     86 -1      gi|18     7500     8238 
    11     99  1      gi|19    13382    14149 
    11    568 -1      gi|63     2624     2848 
    11    610 -1      gi|67    27641    27870 
    11    535  1      gi|59    18438    18534 
    12     12  1      gi|10     8657     9692 
    12     54  1      gi|14    24909    25499 
    12    606 -1      gi|66    28345    29371 
    13     13  1      gi|10    15054    15658 
    13    277 -1      gi|35    35884    36582 
    13     14  1      gi|10    16075    16515 
    14     15  1      gi|10    21586    22112 
    14    112  1       gi|2    20215    26962 
    14    430 -1       gi|5    19850    26605 
    14    194 -1      gi|28    17559    18073 
    15     16  1      gi|10    23628    24152 
    15    678  1      gi|73    31589    33031 
    15    241  1      gi|32     4164     4252 
    15    243  1      gi|32    35752    35890 
    16     17  1      gi|10    24347    24416 
    16    708  1       gi|8    34212    34696 
    16    290  1      gi|37     1937     2397 
    16    718  1      gi|32    37199    37562 
    16    458  1      gi|51    19233    19314 
    16    719 -1      gi|37    25092    25365 
    17     18  1      gi|10    30826    30988 
    17    537 -1      gi|59    23514    23676 
    18     19  1      gi|11      127     3862 
    18    414 -1      gi|48    31948    35656 
    19     20  1      gi|11     7752     8972 
    19    390 -1      gi|46    20567    20878 
    19    560 -1      gi|62    18010    19213 
    20     21  1      gi|11    10377    10920 
    20     61 -1      gi|15    18417    18844 
    20    720 -1      gi|31    16061    16213 
    20     78 -1      gi|17    29871    29938 
    20    300 -1      gi|37    27288    27390 
    20    474 -1      gi|53     5956     6023 
    20    689 -1      gi|75    34986    35178 
    20    506 -1      gi|55    30128    30174 
    21     22  1      gi|11    28984    29120 
    21    378 -1      gi|45    20960    21096 
    22     23  1      gi|11    30165    30284 
    23     24  1      gi|11    30241    30377 
    23    373 -1      gi|45      114      268 
    23    235  1      gi|31    20985    21110 
    23    324 -1       gi|4    26890    27032 
    23    538  1      gi|59    29166    29234 
    23    693 -1      gi|76     8833     8960 
    24     25  1      gi|11    30735    32494 
    24    138 -1      gi|22    15893    17638 
    25     26  1      gi|11    33226    34035 
    25    306  1      gi|38    38155    39926 
    25    599  1      gi|65    32224    33985 
    25     27  1      gi|11    34268    35234 
    26     28  1      gi|11    36867    37286 
    26    116  1      gi|20     1805     2257 
    27     29  1      gi|11    39964    40171 
    27    148  1      gi|24    14786    14992 
    28     30  1      gi|12     4976     8706 
    28    416  1      gi|49     5546     9271 
    29     31  1      gi|12    12493    12730 
    29    316 -1      gi|39    28643    28872 
    30     32  1      gi|12    24141    24290 
    30    281 -1      gi|36     2821     8903 
    30    303  1      gi|38    24538    25447 
    30    442 -1      gi|50    20520    20722 
    31     33  1      gi|12    24911    25540 
    31    470 -1      gi|52    23021    23980 
    31    202 -1      gi|28    28973    29943 
    32     34  1      gi|12    26671    27386 
    32    469 -1      gi|52    21599    22323 
    32    483 -1      gi|53    33495    33702 
    33     35  1      gi|12    34180    34331 
    33    565  1      gi|62    31122    31277 
    34     36  1      gi|12    34280    35029 
    34    292 -1      gi|37     2991     3795 
    34    273  1      gi|35    13027    13398 
    35     37  1      gi|12    34865    35195 
    36     38  1      gi|12    35625    35832 
    36    730 -1       gi|8    16963    17460 
    36    734 -1      gi|36    29802    30314 
    36    736  1      gi|69    22920    23000 
    36    725 -1      gi|40    23851    23964 
    37     39  1      gi|12    36500    36943 
    37    494 -1      gi|55     1095     1145 
    38     40  1      gi|12    37222    37504 
    38    173  1      gi|26     5673     5955 
    39     41  1      gi|12    37631    40149 
    39    495  1      gi|55     1717     2231 
    39    499  1      gi|55    11789    14199 
    39    659 -1      gi|72    17070    18397 
    39    496  1      gi|55     2214     2632 
    40     42  1      gi|13    22942    23282 
    40    406 -1      gi|47    33808    34151 
    41     43  1      gi|13    23346    23940 
    41    255 -1      gi|33    19723    20299 
    42     44  1      gi|13    27078    27259 
    42    170 -1      gi|25    38793    38961 
    43     45  1      gi|13    29977    30258 
    43     97  1      gi|19    10812    11042 
    43    476  1      gi|53     8015     8291 
    44     46  1      gi|13    30773    31073 
    44    477  1      gi|53     8816     9124 
    45     47  1      gi|13    39488    39738 
    45    594 -1      gi|65    21833    22083 
    46     49  1      gi|14     2661     3193 
    46     69 -1      gi|16    12977    13239 
    46    326  1       gi|4    39682    40174 
    46    523 -1      gi|57    21895    21996 
    47     50  1      gi|14     6848     7117 
    47    739 -1      gi|16    16110    16363 
    47    738  1      gi|14    11986    12231 
    47    163 -1      gi|25    11979    12117 
    47    522 -1      gi|57    19268    19397 
    48     51  1      gi|14     7057     8938 
    49     53  1      gi|14    15479    15537 
    49    236  1      gi|31    25551    25914 
    49    699 -1       gi|8      526      585 
    50     55  1      gi|14    27215    27964 
    50    579  1      gi|64     5301     6043 
    51     56  1      gi|14    31409    32554 
    51    106  1      gi|19    38813    39959 
    52     57  1      gi|15     1008     1165 
    52    721 -1      gi|31    16217    16543 
    52     64  1      gi|15    36476    36779 
    52    626 -1      gi|69    27346    27397 
    52    674 -1      gi|73    27351    27732 
    52    284 -1      gi|36    11841    11887 
    52    613 -1      gi|68    11411    11529 
    53     58  1      gi|15     3060     3986 
    53    615 -1      gi|68    23779    24705 
    54     59  1      gi|15     4356     5889 
    55     60  1      gi|15    18247    18352 
    55    633 -1      gi|70     6426     6480 
    55    723  1      gi|36    28318    28597 
    55    690 -1      gi|75    38353    38458 
    55    726 -1      gi|40    23292    23851 
    55    737  1      gi|39    29913    29986 
    55    728 -1       gi|8    15609    16202 
    55     62  1      gi|15    33254    33332 
    55    732 -1      gi|36    28655    29031 
    56     63  1      gi|15    34644    35048 
    56    141 -1      gi|23     1376     1840 
    57     65  1      gi|15    38118    38179 
    57    648  1      gi|71    15397    15458 
    58     66  1      gi|15    39887    40154 
    58    607 -1      gi|67     9178     9445 
    59     67  1      gi|16        4     1545 
    59    275 -1      gi|35    16990    17897 
    59    276 -1      gi|35    17858    20623 
    59     92  1      gi|18    39881    40177 
    60     68  1      gi|16     9719     9785 
    60    402 -1      gi|47    29910    29980 
    60    493  1      gi|54    36851    36929 
    60    355 -1      gi|42    32160    32249 
    61     72  1      gi|16    36275    37146 
    61    295 -1      gi|37    13955    14751 
    61    399 -1      gi|47    22104    22679 
    62     73  1      gi|17     3878     3969 
    62     91  1      gi|18    31521    31768 
    62    343 -1      gi|41     5954     6063 
    63     74  1      gi|17    12528    12632 
    63    384  1      gi|46     4697     6079 
    63    440  1      gi|50    15087    16396 
    63    473  1      gi|53     1610     2378 
    63     87  1      gi|18    16149    16281 
    63    459  1      gi|51    20622    20805 
    64     75  1      gi|17    19588    19945 
    64    591  1      gi|65    16991    17348 
    65     76  1      gi|17    21668    22878 
    65    504  1      gi|55    27172    28454 
    65    282  1      gi|36    10406    11692 
    65    385  1      gi|46     7259     8476 
    66     77  1      gi|17    24853    26170 
    66    395 -1      gi|46    29631    30937 
    67     79  1      gi|17    30052    30357 
    67    729  1       gi|8    16205    16962 
    67    189 -1      gi|27    37604    37878 
    67    472 -1      gi|52    29000    29771 
    67    733  1      gi|36    29031    29791 
    68     80  1      gi|17    30659    31800 
    69     81  1      gi|17    32724    32861 
    69    484 -1      gi|53    35154    35499 
    69    121  1      gi|20    31727    32057 
    70     82  1      gi|17    35700    37138 
    70    616  1      gi|68    30184    31615 
    71     83  1      gi|17    37507    39296 
    71    162 -1      gi|25     9886    11673 
    72     84  1      gi|18     2999     4447 
    72    124  1      gi|21     1340     2775 
    72    161 -1      gi|25     3318     4720 
    72    509  1      gi|56     2312     3529 
    73     85  1      gi|18     5443     7009 
    73    100 -1      gi|19    14361    15869 
    74     88  1      gi|18    16662    17705 
    74    183  1      gi|27    11366    12397 
    75     89  1      gi|18    23558    24110 
    76     90  1      gi|18    24271    25025 
    76    360 -1      gi|43    11629    12395 
    76    155  1      gi|24    27576    27839 
    77     93  1      gi|19     2430     3050 
    77    420  1      gi|49    25231    25852 
    77    240  1      gi|32     2558     2714 
    78     94  1      gi|19     6587     6727 
    78    638 -1      gi|70    14527    14663 
    79     95  1      gi|19     9946    10071 
    79    716 -1      gi|58     4784     5302 
    80     96  1      gi|19    10465    10610 
    80    460 -1      gi|51    20995    21072 
    81     98  1      gi|19    11431    12019 
    81    248 -1      gi|33    12135    12730 
    82    101  1      gi|19    24125    24264 
    82    653 -1      gi|71    31974    32119 
    83    102  1      gi|19    24375    25490 
    83    652 -1      gi|71    30288    31409 
    84    103  1      gi|19    25488    26083 
    84    651 -1      gi|71    28519    29138 
    85    104  1      gi|19    26154    27532 
    85    650 -1      gi|71    26815    28138 
    86    105  1      gi|19    30161    30789 
    86    570  1      gi|63    17322    17947 
    87    107  1       gi|2       10      954 
    87    590 -1      gi|65    13917    14866 
    88    108  1       gi|2     3442     4689 
    88    305 -1      gi|38    34179    35420 
    89    109  1       gi|2    12852    13919 
    89    491 -1      gi|54    34361    35427 
    90    110  1       gi|2    13835    15329 
    90    200 -1      gi|28    22881    24385 
    90    435 -1       gi|5    31180    32145 
    91    111  1       gi|2    19923    20431 
    91    431 -1       gi|5    26853    26955 
    92    113  1       gi|2    26814    27277 
    92    193 -1      gi|28    12180    12662 
    93    114  1       gi|2    27268    28817 
    93    428 -1       gi|5    19301    19671 
    93    429 -1       gi|5    19544    19813 
    94    115  1       gi|2    28796    30142 
    94    191 -1      gi|28     8531     9801 
    94    425 -1       gi|5    17341    17536 
    94    426 -1       gi|5    17507    17657 
    94    427 -1       gi|5    17931    18691 
    95    117  1      gi|20     5895     6144 
    95    125 -1      gi|21     4989     5241 
    96    118  1      gi|20     7211    12858 
    97    119  1      gi|20    25468    25818 
    97    134 -1      gi|22     4965     5305 
    97    657 -1      gi|72     6452     6648 
    97    663 -1      gi|72    24706    24953 
    98    120  1      gi|20    30424    30508 
    98    357  1      gi|43     4593     4674 
    99    122  1      gi|20    32575    32627 
    99    280  1      gi|36     1260     2811 
    99    184 -1      gi|27    13946    14064 
    99    441  1      gi|50    18947    20467 
   100    123  1      gi|21      826      946 
   100    492  1      gi|54    36159    36279 
   101    126  1      gi|21     5441     6484 
   101    309  1      gi|39     6256     7294 
   102    127  1      gi|21     7238     7532 
   102    468  1      gi|52    18692    18993 
   103    128  1      gi|21    12970    13100 
   103    587 -1      gi|65     1455     1630 
   103    743 -1      gi|27    14044    14131 
   104    129  1      gi|21    13179    13392 
   104    175 -1      gi|26    15751    15964 
   105    130  1      gi|21    18107    18394 
   105    231 -1      gi|31     2971     3255 
   106    131  1      gi|21    20045    20140 
   106    154  1      gi|24    24536    24646 
   107    133  1      gi|22     4028     4690 
   107    662  1      gi|72    23641    24303 
   108    135  1      gi|22     5950     6122 
   108    413  1      gi|48    21503    21864 
   108    620  1      gi|69     4017     4255 
   109    136  1      gi|22     6395     7410 
   109    589 -1      gi|65     6183     7196 
   110    137  1      gi|22    14507    15712 
   110    327 -1      gi|40     6777     7890 
   110    328 -1      gi|40    11696    11889 
   110    744 -1      gi|59    12330    12854 
   110    510 -1      gi|56     5085     5191 
   111    139  1      gi|22    18445    19058 
   111    581  1      gi|64     7215     7783 
   112    140  1      gi|22    35514    36607 
   112    665  1      gi|72    31318    32407 
   113    142  1      gi|23     2385     2849 
   113    419  1      gi|49    17655    18128 
   114    143  1      gi|23     8666     8735 
   114    418  1      gi|49    14909    14990 
   115    144  1      gi|23    19313    19462 
   115    461  1      gi|51    31375    31538 
   116    145  1      gi|24     6187     7700 
   116    351  1      gi|42     3278     4840 
   116    680  1      gi|74     7741     9266 
   116    681 -1      gi|74    10916    12354 
   116    631  1       gi|7     5590     7267 
   117    146  1      gi|24     8595     9254 
   117    411 -1      gi|48    12792    12868 
   117    704  1       gi|8    17401    18347 
   117    630 -1      gi|69    34490    35412 
   118    147  1      gi|24    12583    12721 
   118    711  1       gi|8    35285    35421 
   119    149  1      gi|24    15039    15340 
   119    356  1      gi|43       25      442 
   119    401 -1      gi|47    27335    27742 
   120    150  1      gi|24    15471    15577 
   121    151  1      gi|24    15608    16420 
   121    614  1      gi|68    22703    23506 
   122    152  1      gi|24    18860    18908 
   122    746  1      gi|76     3195     3335 
   122    507 -1      gi|55    30327    30429 
   122    745 -1      gi|55    24369    24467 
   122    747 -1      gi|34    38762    38848 
   123    153  1      gi|24    21793    21873 
   123    649  1      gi|71    19243    19324 
   124    156  1      gi|24    28031    28158 
   124    376 -1      gi|45     9273     9399 
   125    157  1      gi|24    28358    29036 
   125    551  1      gi|61     8213     8737 
   126    158  1      gi|24    29343    29434 
   126    487  1      gi|54     2385     2477 
   127    160  1      gi|25     3166     3289 
   127    325 -1       gi|4    27085    28174 
   127    340 -1      gi|40    38865    39857 
   127    750  1      gi|25     2198     2627 
   128    164  1      gi|25    12538    12651 
   128    387 -1      gi|46    11661    11774 
   129    165  1      gi|25    14802    16641 
   129    285  1      gi|36    18702    20508 
   129    571 -1      gi|63    18350    19587 
   130    166  1      gi|25    16937    17943 
   130    286  1      gi|36    20833    21843 
   130    213 -1      gi|29    19367    20139 
   131    167  1      gi|25    30294    31058 
   131    354  1      gi|42    23390    24121 
   132    169  1      gi|25    37305    37926 
   132    529 -1      gi|58     2491     3115 
   133    171  1      gi|25    40012    40172 
   133    451  1      gi|51     6388     6549 
   134    172  1      gi|26     4277     4372 
   134    632 -1       gi|7    36783    36887 
   135    174  1      gi|26     9264    10784 
   135    226 -1      gi|30    12391    13910 
   135    563 -1      gi|62    28925    29368 
   135    337  1      gi|40    31900    31981 
   136    176  1      gi|26    16149    16230 
   136    455 -1      gi|51    15762    16117 
   136    412  1      gi|48    20552    20594 
   136    386 -1      gi|46    11008    11148 
   136    697  1      gi|76    24904    25202 
   137    177  1      gi|26    16195    16426 
   138    178  1      gi|26    23326    23893 
   138    232  1      gi|31    10884    11501 
   138    438  1      gi|50     6441     7058 
   139    179  1      gi|26    37713    38415 
   139    514  1      gi|56    34185    34883 
   140    180  1      gi|27     5554     6618 
   140    259 -1      gi|34        5     1095 
   140    513 -1      gi|56    19370    19552 
   141    181  1      gi|27     9360     9770 
   141    342 -1      gi|41     3479     3910 
   142    182  1      gi|27    10883    11303 
   142    673  1      gi|73    24913    25319 
   143    186  1      gi|27    24801    29754 
   143    462  1      gi|51    31466    36436 
   144    187  1      gi|27    30265    30388 
   144    463  1      gi|51    36783    36900 
   145    188  1      gi|27    33213    33290 
   145    230 -1      gi|30    34374    34451 
   146    190  1      gi|28     6255     6833 
   146    679 -1      gi|73    38067    38643 
   147    192  1      gi|28    10495    11984 
   148    195  1      gi|28    18250    18320 
   148    433  1       gi|5    28723    28796 
   148    196  1      gi|28    18883    18961 
   149    197  1      gi|28    19153    19315 
   149    432  1       gi|5    27603    27762 
   150    198  1      gi|28    21914    22186 
   150    434  1       gi|5    30778    31031 
   151    199  1      gi|28    22098    23045 
   152    203  1      gi|28    32677    33189 
   152    220 -1       gi|3     9823    10326 
   153    205  1      gi|29     4288     5167 
   153    315  1      gi|39    26314    27160 
   154    206  1      gi|29     8330     8542 
   154    299  1      gi|37    26183    26989 
   155    207  1      gi|29     8477     8670 
   155    350  1      gi|41    39828    40051 
   156    208  1      gi|29     9902    10603 
   156    548 -1      gi|60    23102    23824 
   157    209  1      gi|29    11880    12481 
   157    408 -1      gi|47    34518    34890 
   157    456 -1      gi|51    16047    16634 
   157    294  1      gi|37    12155    12326 
   158    210  1      gi|29    12360    12647 
   159    212  1      gi|29    15764    16045 
   159    393 -1      gi|46    24435    25137 
   159    448 -1      gi|50    33826    34555 
   159    392 -1      gi|46    22655    23246 
   159    569  1      gi|63    13610    14075 
   159    628  1      gi|69    32119    32240 
   159    621  1      gi|69    13188    13411 
   160    214  1      gi|29    20538    20774 
   160    352  1      gi|42     5931     6170 
   161    215  1      gi|29    33831    34482 
   161    543 -1      gi|60    12248    12760 
   161    702  1       gi|8     8842     9464 
   161    331  1      gi|40    15112    15535 
   162    216  1      gi|29    39532    40020 
   162    332  1      gi|40    20674    21144 
   163    217  1       gi|3      264      375 
   163    558  1      gi|62    12222    12330 
   164    218  1       gi|3     2560     2810 
   164    545  1      gi|60    14924    15174 
   165    219  1       gi|3     2913     4248 
   165    761  1      gi|46     4570     4611 
   165    760  1      gi|46     3292     4568 
   165    421  1      gi|49    30403    31669 
   165    422  1      gi|49    31878    32943 
   166    221  1       gi|3    10939    11236 
   166    464 -1      gi|52     1493     1800 
   167    222  1       gi|3    29775    29925 
   167    756  1      gi|29        8      322 
   167    759 -1      gi|32     9049     9351 
   168    223  1       gi|3    37077    38755 
   168    698 -1      gi|76    35173    36854 
   169    224  1      gi|30      205      938 
   170    225  1      gi|30    11902    12009 
   170    443 -1      gi|50    20705    23197 
   171    227  1      gi|30    20863    26459 
   172    228  1      gi|30    26393    26746 
   172    748  1      gi|38    25255    30800 
   172    762  1      gi|30    26671    27007 
   173    233  1      gi|31    14675    15103 
   173    308  1      gi|39     5889     6001 
   174    237  1      gi|31    25841    26024 
   174    642  1      gi|70    28219    28403 
   175    238  1      gi|31    27846    27939 
   175    310 -1      gi|39     8764     8852 
   176    239  1      gi|32     1418     1841 
   176    381  1      gi|45    26588    27008 
   177    245  1      gi|32    38120    38187 
   177    297 -1      gi|37    23342    23407 
   178    246  1      gi|32    39830    40177 
   178    263  1      gi|35      764      966 
   178    264  1      gi|35     1749     1951 
   178    265  1      gi|35     3158     3375 
   178    266  1      gi|35     4435     4662 
   178    269  1      gi|35     7764     7969 
   178    270  1      gi|35     8816     9047 
   178    271  1      gi|35     9898    10108 
   178    274  1      gi|35    13544    14198 
   178    291 -1      gi|37     2249     2726 
   179    247  1      gi|33     3857     3929 
   179    540 -1      gi|59    38412    38481 
   180    249  1      gi|33    14776    14919 
   180    700  1       gi|8     4113     4252 
   181    250  1      gi|33    15129    16190 
   181    751  1      gi|28    26102    27183 
   181    251  1      gi|33    16327    17349 
   181    752  1      gi|33    17423    18323 
   182    253  1      gi|33    18609    19296 
   182    546 -1      gi|60    16269    17092 
   182    405  1      gi|47    32138    32683 
   183    254  1      gi|33    19159    19717 
   183    404  1      gi|47    31630    32123 
   184    256  1      gi|33    21134    22506 
   184    542 -1      gi|60     9512    10941 
   184    410  1      gi|47    35929    36061 
   185    257  1      gi|33    23758    25140 
   185    541 -1      gi|60     6519     7899 
   186    258  1      gi|33    29048    29383 
   186    511 -1      gi|56     5699     6035 
   186    600 -1      gi|66     4684     4992 
   187    260  1      gi|34    31498    32018 
   187    519  1      gi|57     9139     9659 
   188    261  1      gi|34    38543    38677 
   188    347  1      gi|41    30041    30193 
   189    267  1      gi|35     5529     5815 
   190    268  1      gi|35     6596     6931 
   191    272  1      gi|35    10874    12658 
   191    293 -1      gi|37     3594     5384 
   192    279  1      gi|35    38289    39391 
   192    677  1      gi|73    30123    31227 
   193    283  1      gi|36    11742    11849 
   193    647  1      gi|71     9977    10324 
   194    289  1      gi|36    32133    33267 
   194    382 -1      gi|45    38366    39494 
   194    517  1      gi|57      102      490 
   194    518  1      gi|57      369      987 
   195    296  1      gi|37    20942    22982 
   195    345  1      gi|41    27183    27291 
   195    388 -1      gi|46    13275    14309 
   195    389 -1      gi|46    14742    16802 
   196    301  1      gi|37    34379    34557 
   196    516 -1      gi|56    38883    39984 
   197    302  1      gi|38     8770     8917 
   197    353  1      gi|42    20242    20388 
   198    307  1      gi|39     1609     1749 
   199    311  1      gi|39    13589    14181 
   199    643  1      gi|70    29872    30461 
   200    312  1      gi|39    14515    14717 
   200    710 -1       gi|8    35081    35296 
   200    369 -1      gi|44    19006    19189 
   200    437  1      gi|50     3691     3804 
   201    313  1      gi|39    21277    21381 
   201    446 -1      gi|50    29654    29758 
   202    314  1      gi|39    23842    24694 
   203    318  1      gi|39    30777    31790 
   203    371  1      gi|44    33483    34567 
   203    319  1      gi|39    32096    32586 
   204    320  1      gi|39    32587    32908 
   204    372  1      gi|44    34692    35022 
   205    321  1      gi|39    36239    36284 
   205    687 -1      gi|75    24987    25036 
   206    323  1       gi|4    25501    25904 
   206    755  1      gi|44    14304    14709 
   206    753  1       gi|4    23278    23604 
   206    531 -1      gi|58    34759    34972 
   207    329  1      gi|40    11810    12241 
   208    330  1      gi|40    12771    13479 
   208    686  1      gi|75    23217    23928 
   209    333  1      gi|40    21813    22123 
   209    367 -1      gi|44    13184    13494 
   210    335  1      gi|40    25562    26377 
   210    564  1      gi|62    29675    30496 
   211    336  1      gi|40    26772    28232 
   211    396 -1      gi|46    33404    34815 
   212    338  1      gi|40    32069    32504 
   212    592  1      gi|65    19054    21259 
   212    562  1      gi|62    23566    25758 
   213    344  1      gi|41    24134    24616 
   213    403 -1      gi|47    30912    31392 
   214    346  1      gi|41    27952    29622 
   214    636 -1      gi|70     7776     9301 
   214    691  1      gi|76      250     1730 
   214    712 -1       gi|8    37499    39143 
   214    624 -1      gi|69    18244    19922 
   215    348  1      gi|41    33621    34512 
   215    525 -1      gi|57    25634    26520 
   216    349  1      gi|41    34504    35353 
   216    524 -1      gi|57    23273    24128 
   217    358  1      gi|43     5929     6725 
   217    567 -1      gi|62    36068    36857 
   217    623  1      gi|69    14970    15131 
   218    359  1      gi|43     7101     7790 
   218    566 -1      gi|62    35241    35951 
   218    361  1      gi|43    12690    13397 
   219    362  1      gi|43    26176    26350 
   219    439  1      gi|50     8967     9142 
   220    363  1      gi|43    30783    30856 
   221    364  1      gi|43    32515    33297 
   221    417  1      gi|49    10457    11237 
   222    365  1      gi|44     1348     2583 
   222    482 -1      gi|53    29140    30357 
   223    366  1      gi|44     5204     5887 
   224    370  1      gi|44    19539    20478 
   224    637 -1      gi|70    12967    13906 
   225    374  1      gi|45     1593     3148 
   226    375  1      gi|45     7950     9019 
   226    578  1      gi|64      232     1296 
   227    377  1      gi|45    12646    12897 
   227    577 -1      gi|63    37072    37328 
   228    379  1      gi|45    22152    23363 
   228    465  1      gi|52     6897     8116 
   229    380  1      gi|45    25052    25379 
   229    528 -1      gi|58       27      378 
   230    391  1      gi|46    22438    22590 
   230    709 -1       gi|8    34759    35017 
   230    394  1      gi|46    26684    26948 
   230    585 -1      gi|65       83      256 
   231    397  1      gi|46    34987    36671 
   231    415  1      gi|48    37921    39600 
   232    398  1      gi|46    37105    37295 
   232    639 -1      gi|70    16224    16376 
   232    742 -1      gi|73    17292    17544 
   232    400  1      gi|47    26756    27027 
   232    449  1      gi|51     3416     3525 
   232    604  1      gi|66    15968    16050 
   232    685 -1      gi|75    13540    13626 
   233    407  1      gi|47    34438    34538 
   233    544 -1      gi|60    14400    14502 
   234    409  1      gi|47    34949    35553 
   234    634  1      gi|70     6520     7131 
   235    423  1      gi|49    35935    36163 
   236    424  1       gi|5    12610    12652 
   236    629 -1      gi|69    32450    32491 
   237    436  1       gi|5    39239    40178 
   237    611  1      gi|67    33755    34696 
   238    444  1      gi|50    22795    26570 
   239    445  1      gi|50    26468    28588 
   240    447  1      gi|50    31110    32258 
   240    715 -1       gi|9    33782    34930 
   241    453  1      gi|51    11414    12079 
   241    527 -1      gi|57    36389    37061 
   242    457  1      gi|51    16643    16754 
   242    597 -1      gi|65    27799    27908 
   243    466  1      gi|52    10672    10746 
   243    640  1      gi|70    24509    24582 
   244    467  1      gi|52    14034    15010 
   244    539 -1      gi|59    33219    34214 
   245    471  1      gi|52    27052    28490 
   246    475  1      gi|53     7615     7712 
   247    478  1      gi|53    14452    14586 
   247    536  1      gi|59    21542    21682 
   248    479  1      gi|53    14828    15382 
   249    480  1      gi|53    19059    19344 
   249    556 -1      gi|61    31191    31614 
   250    481  1      gi|53    23378    24481 
   250    515  1      gi|56    35558    36613 
   250    561  1      gi|62    20257    20832 
   251    486  1      gi|54     2031     2375 
   252    488  1      gi|54     9127    10600 
   252    532 -1      gi|59     7632     9094 
   253    489  1      gi|54    24602    24728 
   253    503 -1      gi|55    26674    26809 
   254    497  1      gi|55     5638    11226 
   254    661 -1      gi|72    18682    22299 
   254    664 -1      gi|72    25940    26155 
   254    714  1       gi|9    19127    26126 
   254    498  1      gi|55    11194    11773 
   255    500  1      gi|55    14231    16884 
   255    654  1      gi|72        3     2653 
   255    656 -1      gi|72     3265     3750 
   256    501  1      gi|55    17244    17901 
   256    655  1      gi|72     2632     3269 
   257    505  1      gi|55    28583    29392 
   257    552  1      gi|61    22842    23650 
   258    508  1      gi|55    38948    39953 
   259    512  1      gi|56    10776    11151 
   259    576  1      gi|63    35528    36349 
   260    520  1      gi|57    13139    13962 
   261    521  1      gi|57    14918    15528 
   261    573 -1      gi|63    28182    28795 
   262    526  1      gi|57    34519    35708 
   262    627  1      gi|69    29810    30993 
   263    533  1      gi|59    10493    11196 
   263    583 -1      gi|64    25240    25940 
   264    547  1      gi|60    19871    20278 
   264    644  1      gi|70    30932    31344 
   265    549  1      gi|60    32288    32736 
   265    603 -1      gi|66    15137    15576 
   266    550  1      gi|60    33822    34198 
   266    588 -1      gi|65     2773     3151 
   267    553  1      gi|61    24660    26423 
   267    574  1      gi|63    30004    31684 
   267    622  1      gi|69    14561    14643 
   268    554  1      gi|61    27024    27347 
   268    575  1      gi|63    32305    32629 
   269    555  1      gi|61    28712    28772 
   269    668  1      gi|72    38867    38978 
   270    559  1      gi|62    12296    12398 
   270    688  1      gi|75    25592    25704 
   271    572  1      gi|63    23432    24477 
   271    586  1      gi|65      404     1465 
   272    580  1      gi|64     6681     6874 
   272    696  1      gi|76    24507    24694 
   273    593  1      gi|65    21305    21389 
   273    619 -1      gi|68    39663    39740 
   274    595  1      gi|65    25424    25688 
   274    617 -1      gi|68    34903    35138 
   275    596  1      gi|65    26243    26658 
   276    598  1      gi|65    30525    30846 
   276    667 -1      gi|72    37926    38247 
   277    601  1      gi|66     5457     6175 
   278    602  1      gi|66     9920    10037 
   278    635  1      gi|70     7303     7406 
   279    605  1      gi|66    24359    24556 
   279    666 -1      gi|72    36632    36853 
   280    608  1      gi|67    20725    21172 
   281    609  1      gi|67    21150    21261 
   282    612  1      gi|68      420      791 
   283    641  1      gi|70    27917    28282 
   283    683 -1      gi|75     6064     6231 
   284    645  1      gi|70    32363    32624 
   284    684 -1      gi|75     6217     6491 
   285    646  1      gi|71     3569     4473 
   285    682 -1      gi|75     2811     3711 
   286    658  1      gi|72    16225    16990 
   286    764 -1      gi|61    33707    34458 
   286    767  1      gi|53    36279    37105 
   286    768 -1       gi|8    22711    23504 
   287    660  1      gi|72    18391    18962 
   288    669  1      gi|73     5302     5520 
   288    694 -1      gi|76    21438    21578 
   288    707  1       gi|8    33232    33397 
   289    670  1      gi|73    11524    11754 
   289    740  1      gi|14     2428     2633 
   289    741 -1      gi|16    19738    19864 
   290    671  1      gi|73    16848    17228 
   291    675  1      gi|73    27676    27964 
   292    695  1      gi|76    22598    22809 
   293    701  1       gi|8     8476     8711 
   294    705  1       gi|8    20766    21088 
   295    713  1       gi|9    14603    14782 
   296    722  1      gi|36    28258    28313 
   296    727  1       gi|8    15556    15601 
   297    731  1       gi|8    17462    17520 
   297    735 -1      gi|69    22860    22918 
   298    749  1      gi|38    30807    31079 
   298    763  1      gi|30    27007    27287 
   299    754  1       gi|4    23610    23677 
   299    757  1      gi|29      322      386 
   299    758 -1      gi|32     8986     9036 
   300    765  1      gi|61    34464    34496 
   300    769  1       gi|8    23507    23558 
   300    766 -1      gi|53    36236    36271 
