1 gi|1 2 558
2 gi|1 1993 2687
3 gi|1 5722 6508
4 gi|1 16247 18451
5 gi|1 29367 29668
6 gi|1 31963 33079
7 gi|1 33190 33540
8 gi|1 34375 35736
9 gi|1 36596 37278
10 gi|1 38779 38874
11 gi|1 38944 39333
12 gi|10 8657 9692
13 gi|10 15054 15658
14 gi|10 16075 16515
15 gi|10 21586 22112
16 gi|10 23628 24152
17 gi|10 24347 24416
18 gi|10 30826 30988
19 gi|11 127 3862
20 gi|11 7752 8972
21 gi|11 10377 10920
22 gi|11 28984 29120
23 gi|11 30165 30284
24 gi|11 30241 30377
25 gi|11 30735 32494
26 gi|11 33226 34035
27 gi|11 34268 35234
28 gi|11 36867 37286
29 gi|11 39964 40171
30 gi|12 4976 8706
31 gi|12 12493 12730
32 gi|12 24141 24297
33 gi|12 24910 25540
34 gi|12 26671 27386
35 gi|12 34180 34331
36 gi|12 34280 35029
37 gi|12 34865 35195
38 gi|12 35625 35832
39 gi|12 36500 36943
40 gi|12 37222 37504
41 gi|12 37631 40149
42 gi|13 22942 23282
43 gi|13 23346 23940
44 gi|13 27078 27269
45 gi|13 29975 30258
46 gi|13 30773 31073
47 gi|13 39488 39738
48 gi|14 2410 2633
49 gi|14 2661 3193
50 gi|14 6847 7117
51 gi|14 7057 8938
52 gi|14 11968 12231
53 gi|14 15478 15541
54 gi|14 24909 25499
55 gi|14 27215 27964
56 gi|14 31409 32554
57 gi|15 1008 1165
58 gi|15 3060 3986
59 gi|15 4356 5889
60 gi|15 18239 18353
61 gi|15 18416 18844
62 gi|15 33254 33332
63 gi|15 34644 35048
64 gi|15 36476 36782
65 gi|15 38118 38179
66 gi|15 39887 40154
67 gi|16 4 1547
68 gi|16 9719 9785
69 gi|16 12977 13239
70 gi|16 16110 16378
71 gi|16 19738 19882
72 gi|16 36275 37146
73 gi|17 3878 3974
74 gi|17 12528 12632
75 gi|17 19588 19945
76 gi|17 21668 22878
77 gi|17 24853 26170
78 gi|17 29870 29938
79 gi|17 30052 30358
80 gi|17 30659 31800
81 gi|17 32724 32861
82 gi|17 35700 37138
83 gi|17 37507 39296
84 gi|18 2999 4448
85 gi|18 5443 7009
86 gi|18 7500 8238
87 gi|18 16149 16281
88 gi|18 16662 17705
89 gi|18 23558 24110
90 gi|18 24271 25025
91 gi|18 31521 31768
92 gi|18 39881 40178
93 gi|19 2430 3050
94 gi|19 6587 6727
95 gi|19 9946 10071
96 gi|19 10465 10610
97 gi|19 10809 11042
98 gi|19 11431 12019
99 gi|19 13382 14149
100 gi|19 14361 15869
101 gi|19 24125 24264
102 gi|19 24375 25490
103 gi|19 25488 26083
104 gi|19 26154 27532
105 gi|19 30161 30789
106 gi|19 38813 39959
107 gi|2 10 954
108 gi|2 3442 4689
109 gi|2 12852 13919
110 gi|2 13835 15329
111 gi|2 19922 20431
112 gi|2 20215 26962
113 gi|2 26814 27277
114 gi|2 27260 28817
115 gi|2 28796 30142
116 gi|20 1805 2257
117 gi|20 5895 6144
118 gi|20 7211 12858
119 gi|20 25468 25818
120 gi|20 30424 30508
121 gi|20 31727 32057
122 gi|20 32575 32628
123 gi|21 826 946
124 gi|21 1340 2775
125 gi|21 4989 5241
126 gi|21 5441 6484
127 gi|21 7238 7532
128 gi|21 12970 13106
129 gi|21 13179 13392
130 gi|21 18107 18394
131 gi|21 20045 20140
132 gi|22 211 1573
133 gi|22 4028 4690
134 gi|22 4965 5311
135 gi|22 5949 6122
136 gi|22 6395 7410
137 gi|22 14507 15712
138 gi|22 15893 17638
139 gi|22 18445 19058
140 gi|22 35514 36607
141 gi|23 1376 1840
142 gi|23 2385 2849
143 gi|23 8666 8735
144 gi|23 19313 19462
145 gi|24 6187 7700
146 gi|24 8590 9259
147 gi|24 12583 12721
148 gi|24 14786 14992
149 gi|24 15039 15340
150 gi|24 15471 15577
151 gi|24 15608 16420
152 gi|24 18860 18913
153 gi|24 21793 21873
154 gi|24 24536 24646
155 gi|24 27572 27839
156 gi|24 28031 28158
157 gi|24 28358 29036
158 gi|24 29343 29434
159 gi|25 2198 2656
160 gi|25 3166 3289
161 gi|25 3318 4720
162 gi|25 9886 11673
163 gi|25 11979 12122
164 gi|25 12538 12651
165 gi|25 14802 16641
166 gi|25 16937 17943
167 gi|25 30294 31058
168 gi|25 32701 32999
169 gi|25 37305 37926
170 gi|25 38793 38961
171 gi|25 40012 40172
172 gi|26 4277 4372
173 gi|26 5673 5955
174 gi|26 9264 10784
175 gi|26 15751 15964
176 gi|26 16149 16230
177 gi|26 16195 16426
178 gi|26 23326 23893
179 gi|26 37713 38415
180 gi|27 5554 6618
181 gi|27 9360 9770
182 gi|27 10883 11303
183 gi|27 11366 12397
184 gi|27 13946 14064
185 gi|27 14041 14161
186 gi|27 24801 29754
187 gi|27 30265 30388
188 gi|27 33213 33290
189 gi|27 37602 37881
190 gi|28 6255 6833
191 gi|28 8531 9803
192 gi|28 10495 11984
193 gi|28 12180 12662
194 gi|28 17559 18073
195 gi|28 18250 18320
196 gi|28 18883 18961
197 gi|28 19153 19315
198 gi|28 21914 22186
199 gi|28 22098 23045
200 gi|28 22881 24385
201 gi|28 26102 27207
202 gi|28 28973 29943
203 gi|28 32677 33189
204 gi|29 8 391
205 gi|29 4288 5167
206 gi|29 8330 8549
207 gi|29 8477 8670
208 gi|29 9902 10603
209 gi|29 11880 12481
210 gi|29 12360 12647
211 gi|29 15418 15512
212 gi|29 15764 16045
213 gi|29 19367 20139
214 gi|29 20538 20774
215 gi|29 33831 34482
216 gi|29 39532 40020
217 gi|3 264 375
218 gi|3 2560 2810
219 gi|3 2913 4248
220 gi|3 9823 10326
221 gi|3 10939 11236
222 gi|3 29775 29930
223 gi|3 37077 38755
224 gi|30 205 938
225 gi|30 11902 12009
226 gi|30 12391 13910
227 gi|30 20863 26459
228 gi|30 26393 26746
229 gi|30 26671 27287
230 gi|30 34374 34451
231 gi|31 2971 3255
232 gi|31 10884 11503
233 gi|31 14675 15103
234 gi|31 16061 16543
235 gi|31 20985 21111
236 gi|31 25551 25914
237 gi|31 25841 26024
238 gi|31 27846 27939
239 gi|32 1418 1841
240 gi|32 2558 2714
241 gi|32 4164 4252
242 gi|32 8986 9351
243 gi|32 35752 35890
244 gi|32 37199 37578
245 gi|32 38120 38187
246 gi|32 39830 40178
247 gi|33 3857 3929
248 gi|33 12135 12730
249 gi|33 14776 14919
250 gi|33 15129 16190
251 gi|33 16327 17353
252 gi|33 17423 18345
253 gi|33 18609 19296
254 gi|33 19159 19717
255 gi|33 19723 20299
256 gi|33 21134 22506
257 gi|33 23758 25140
258 gi|33 29048 29383
259 gi|34 5 1095
260 gi|34 31498 32018
261 gi|34 38543 38677
262 gi|34 38762 38862
263 gi|35 764 966
264 gi|35 1749 1951
265 gi|35 3158 3375
266 gi|35 4435 4662
267 gi|35 5529 5815
268 gi|35 6596 6931
269 gi|35 7764 7969
270 gi|35 8816 9047
271 gi|35 9898 10108
272 gi|35 10874 12658
273 gi|35 13027 13398
274 gi|35 13544 14198
275 gi|35 16990 17897
276 gi|35 17858 20623
277 gi|35 35884 36582
278 gi|35 37260 37913
279 gi|35 38289 39391
280 gi|36 1260 2816
281 gi|36 2821 8903
282 gi|36 10406 11692
283 gi|36 11737 11853
284 gi|36 11841 11887
285 gi|36 18702 20508
286 gi|36 20833 21843
287 gi|36 28258 28597
288 gi|36 28653 30314
289 gi|36 32133 33267
290 gi|37 1937 2402
291 gi|37 2249 2726
292 gi|37 2991 3795
293 gi|37 3594 5384
294 gi|37 12155 12333
295 gi|37 13955 14751
296 gi|37 20942 22982
297 gi|37 23342 23407
298 gi|37 25077 25365
299 gi|37 26183 26989
300 gi|37 27288 27390
301 gi|37 34379 34557
302 gi|38 8770 8917
303 gi|38 24538 25447
304 gi|38 25255 31079
305 gi|38 34179 35420
306 gi|38 38155 39926
307 gi|39 1609 1749
308 gi|39 5889 6001
309 gi|39 6256 7294
310 gi|39 8764 8852
311 gi|39 13589 14181
312 gi|39 14515 14717
313 gi|39 21277 21381
314 gi|39 23842 24694
315 gi|39 26314 27160
316 gi|39 28643 28872
317 gi|39 29888 29986
318 gi|39 30777 31790
319 gi|39 32096 32586
320 gi|39 32587 32908
321 gi|39 36239 36284
322 gi|4 23278 23680
323 gi|4 25501 25906
324 gi|4 26890 27036
325 gi|4 27085 28174
326 gi|4 39682 40174
327 gi|40 6777 7890
328 gi|40 11695 11889
329 gi|40 11810 12241
330 gi|40 12771 13479
331 gi|40 15105 15540
332 gi|40 20674 21144
333 gi|40 21813 22123
334 gi|40 23272 23964
335 gi|40 25562 26377
336 gi|40 26772 28232
337 gi|40 31900 31981
338 gi|40 32069 32505
339 gi|40 36512 36792
340 gi|40 38865 39857
341 gi|41 569 911
342 gi|41 3479 3910
343 gi|41 5954 6063
344 gi|41 24134 24616
345 gi|41 27183 27291
346 gi|41 27952 29622
347 gi|41 30041 30193
348 gi|41 33621 34512
349 gi|41 34504 35353
350 gi|41 39828 40051
351 gi|42 3278 4840
352 gi|42 5931 6170
353 gi|42 20242 20388
354 gi|42 23390 24121
355 gi|42 32160 32249
356 gi|43 25 442
357 gi|43 4593 4674
358 gi|43 5929 6725
359 gi|43 7101 7791
360 gi|43 11629 12395
361 gi|43 12690 13397
362 gi|43 26176 26350
363 gi|43 30783 30856
364 gi|43 32515 33297
365 gi|44 1348 2583
366 gi|44 5204 5887
367 gi|44 13184 13494
368 gi|44 14304 14724
369 gi|44 19006 19189
370 gi|44 19539 20478
371 gi|44 33483 34567
372 gi|44 34692 35022
373 gi|45 114 268
374 gi|45 1593 3148
375 gi|45 7950 9019
376 gi|45 9273 9399
377 gi|45 12646 12897
378 gi|45 20960 21096
379 gi|45 22152 23373
380 gi|45 25052 25379
381 gi|45 26588 27008
382 gi|45 38366 39494
383 gi|46 3292 4611
384 gi|46 4697 6079
385 gi|46 7259 8476
386 gi|46 11008 11148
387 gi|46 11661 11774
388 gi|46 13275 14309
389 gi|46 14742 16802
390 gi|46 20567 20878
391 gi|46 22438 22591
392 gi|46 22651 23246
393 gi|46 24435 25137
394 gi|46 26680 26948
395 gi|46 29631 30937
396 gi|46 33404 34815
397 gi|46 34987 36671
398 gi|46 37105 37295
399 gi|47 22104 22679
400 gi|47 26756 27027
401 gi|47 27335 27742
402 gi|47 29910 29985
403 gi|47 30912 31392
404 gi|47 31630 32123
405 gi|47 32138 32683
406 gi|47 33808 34151
407 gi|47 34438 34538
408 gi|47 34518 34890
409 gi|47 34949 35553
410 gi|47 35929 36061
411 gi|48 12792 12868
412 gi|48 20549 20594
413 gi|48 21503 21867
414 gi|48 31948 35656
415 gi|48 37921 39600
416 gi|49 5546 9271
417 gi|49 10457 11237
418 gi|49 14909 14990
419 gi|49 17655 18128
420 gi|49 25231 25852
421 gi|49 30403 31671
422 gi|49 31878 32943
423 gi|49 35935 36163
424 gi|5 12610 12652
425 gi|5 17341 17537
426 gi|5 17507 17657
427 gi|5 17931 18693
428 gi|5 19301 19671
429 gi|5 19544 19817
430 gi|5 19850 26605
431 gi|5 26853 26955
432 gi|5 27603 27762
433 gi|5 28721 28800
434 gi|5 30778 31031
435 gi|5 31180 32147
436 gi|5 39239 40178
437 gi|50 3691 3804
438 gi|50 6441 7058
439 gi|50 8967 9142
440 gi|50 15087 16396
441 gi|50 18947 20471
442 gi|50 20520 20722
443 gi|50 20705 23197
444 gi|50 22795 26570
445 gi|50 26468 28588
446 gi|50 29654 29758
447 gi|50 31110 32258
448 gi|50 33826 34555
449 gi|51 3413 3527
450 gi|51 5435 6126
451 gi|51 6388 6549
452 gi|51 6557 7113
453 gi|51 11414 12079
454 gi|51 13690 14372
455 gi|51 15762 16117
456 gi|51 16047 16634
457 gi|51 16643 16754
458 gi|51 19233 19314
459 gi|51 20622 20805
460 gi|51 20995 21072
461 gi|51 31375 31538
462 gi|51 31466 36436
463 gi|51 36783 36900
464 gi|52 1493 1800
465 gi|52 6897 8116
466 gi|52 10672 10746
467 gi|52 14034 15010
468 gi|52 18692 18993
469 gi|52 21599 22323
470 gi|52 23021 23980
471 gi|52 27052 28490
472 gi|52 29000 29775
473 gi|53 1610 2378
474 gi|53 5955 6023
475 gi|53 7615 7712
476 gi|53 8015 8291
477 gi|53 8816 9124
478 gi|53 14452 14586
479 gi|53 14828 15382
480 gi|53 19054 19344
481 gi|53 23378 24482
482 gi|53 29140 30357
483 gi|53 33495 33702
484 gi|53 35154 35499
485 gi|53 36236 37105
486 gi|54 2031 2375
487 gi|54 2385 2477
488 gi|54 9127 10600
489 gi|54 24602 24728
490 gi|54 26784 28976
491 gi|54 34361 35427
492 gi|54 36159 36279
493 gi|54 36850 36931
494 gi|55 1095 1145
495 gi|55 1717 2231
496 gi|55 2214 2632
497 gi|55 5638 11226
498 gi|55 11194 11773
499 gi|55 11789 14199
500 gi|55 14231 16884
501 gi|55 17244 17901
502 gi|55 24369 24487
503 gi|55 26674 26809
504 gi|55 27172 28454
505 gi|55 28583 29392
506 gi|55 30128 30179
507 gi|55 30324 30434
508 gi|55 38948 39953
509 gi|56 2312 3533
510 gi|56 5085 5191
511 gi|56 5699 6036
512 gi|56 10770 11151
513 gi|56 19370 19552
514 gi|56 34185 34883
515 gi|56 35558 36613
516 gi|56 38883 39984
517 gi|57 102 490
518 gi|57 369 987
519 gi|57 9139 9659
520 gi|57 13139 13962
521 gi|57 14918 15528
522 gi|57 19268 19397
523 gi|57 21895 21996
524 gi|57 23273 24128
525 gi|57 25634 26520
526 gi|57 34519 35708
527 gi|57 36389 37061
528 gi|58 27 378
529 gi|58 2491 3115
530 gi|58 4784 5436
531 gi|58 34759 34972
532 gi|59 7632 9094
533 gi|59 10493 11196
534 gi|59 12305 12854
535 gi|59 18438 18534
536 gi|59 21542 21682
537 gi|59 23514 23676
538 gi|59 29166 29234
539 gi|59 33219 34214
540 gi|59 38412 38481
541 gi|60 6519 7899
542 gi|60 9512 10941
543 gi|60 12248 12760
544 gi|60 14400 14502
545 gi|60 14924 15174
546 gi|60 16269 17092
547 gi|60 19871 20278
548 gi|60 23102 23824
549 gi|60 32288 32736
550 gi|60 33822 34198
551 gi|61 8213 8737
552 gi|61 22842 23650
553 gi|61 24660 26423
554 gi|61 27024 27347
555 gi|61 28712 28772
556 gi|61 31191 31614
557 gi|61 33707 34496
558 gi|62 12222 12330
559 gi|62 12296 12398
560 gi|62 18010 19213
561 gi|62 20257 20832
562 gi|62 23566 25758
563 gi|62 28925 29368
564 gi|62 29675 30496
565 gi|62 31122 31277
566 gi|62 35241 35952
567 gi|62 36068 36857
568 gi|63 2624 2848
569 gi|63 13609 14075
570 gi|63 17322 17947
571 gi|63 18350 19587
572 gi|63 23432 24477
573 gi|63 28182 28795
574 gi|63 30004 31684
575 gi|63 32305 32629
576 gi|63 35528 36349
577 gi|63 37072 37328
578 gi|64 232 1296
579 gi|64 5301 6043
580 gi|64 6681 6874
581 gi|64 7215 7783
582 gi|64 18970 20086
583 gi|64 25240 25940
584 gi|64 29010 30007
585 gi|65 80 256
586 gi|65 404 1465
587 gi|65 1455 1630
588 gi|65 2773 3151
589 gi|65 6183 7196
590 gi|65 13917 14866
591 gi|65 16991 17348
592 gi|65 19051 21259
593 gi|65 21305 21389
594 gi|65 21833 22083
595 gi|65 25424 25688
596 gi|65 26243 26658
597 gi|65 27799 27908
598 gi|65 30525 30846
599 gi|65 32224 33985
600 gi|66 4684 4992
601 gi|66 5457 6175
602 gi|66 9920 10037
603 gi|66 15137 15576
604 gi|66 15968 16050
605 gi|66 24359 24556
606 gi|66 28345 29371
607 gi|67 9178 9445
608 gi|67 20725 21172
609 gi|67 21150 21261
610 gi|67 27641 27870
611 gi|67 33755 34696
612 gi|68 420 791
613 gi|68 11411 11530
614 gi|68 22703 23506
615 gi|68 23779 24705
616 gi|68 30184 31615
617 gi|68 34903 35138
618 gi|68 37355 38656
619 gi|68 39663 39740
620 gi|69 4017 4255
621 gi|69 13188 13411
622 gi|69 14557 14643
623 gi|69 14970 15135
624 gi|69 18244 19922
625 gi|69 22860 23000
626 gi|69 27346 27397
627 gi|69 29810 30993
628 gi|69 32119 32240
629 gi|69 32450 32491
630 gi|69 34490 35412
631 gi|7 5590 7267
632 gi|7 36783 36887
633 gi|70 6426 6480
634 gi|70 6520 7131
635 gi|70 7303 7406
636 gi|70 7776 9305
637 gi|70 12967 13906
638 gi|70 14527 14663
639 gi|70 16224 16383
640 gi|70 24509 24582
641 gi|70 27917 28282
642 gi|70 28219 28403
643 gi|70 29872 30461
644 gi|70 30932 31344
645 gi|70 32363 32624
646 gi|71 3569 4473
647 gi|71 9977 10324
648 gi|71 15397 15458
649 gi|71 19243 19324
650 gi|71 26815 28138
651 gi|71 28519 29138
652 gi|71 30288 31409
653 gi|71 31974 32119
654 gi|72 3 2653
655 gi|72 2632 3269
656 gi|72 3265 3750
657 gi|72 6452 6648
658 gi|72 16222 16994
659 gi|72 17068 18400
660 gi|72 18391 18962
661 gi|72 18682 22299
662 gi|72 23641 24303
663 gi|72 24706 24953
664 gi|72 25940 26155
665 gi|72 31318 32407
666 gi|72 36632 36853
667 gi|72 37926 38247
668 gi|72 38867 38978
669 gi|73 5302 5520
670 gi|73 11523 11754
671 gi|73 16848 17228
672 gi|73 17268 17544
673 gi|73 24913 25319
674 gi|73 27351 27732
675 gi|73 27676 27964
676 gi|73 28775 29743
677 gi|73 30123 31227
678 gi|73 31589 33031
679 gi|73 38067 38643
680 gi|74 7734 9266
681 gi|74 10916 12354
682 gi|75 2811 3711
683 gi|75 6064 6231
684 gi|75 6217 6491
685 gi|75 13540 13626
686 gi|75 23217 23928
687 gi|75 24987 25036
688 gi|75 25592 25704
689 gi|75 34986 35178
690 gi|75 38352 38458
691 gi|76 250 1734
692 gi|76 3181 3340
693 gi|76 8832 8960
694 gi|76 21438 21578
695 gi|76 22598 22809
696 gi|76 24507 24694
697 gi|76 24904 25202
698 gi|76 35173 36854
699 gi|8 521 589
700 gi|8 4113 4252
701 gi|8 8476 8711
702 gi|8 8842 9464
703 gi|8 15556 17520
704 gi|8 17401 18347
705 gi|8 20766 21088
706 gi|8 22711 23558
707 gi|8 33232 33397
708 gi|8 34212 34697
709 gi|8 34759 35017
710 gi|8 35078 35296
711 gi|8 35285 35421
712 gi|8 37499 39143
713 gi|9 14603 14783
714 gi|9 19127 26126
715 gi|9 33782 34930
