# cline: mcl output/orthofinder/Results_Feb17/WorkingDirectory/OrthoFinder_graph.txt "-I" "1.5" "-o" "output/orthofinder/Results_Feb17/WorkingDirectory/clusters_OrthoFinder_I1.5.txt" "-te" "2" "-V" "all"
(mclheader
mcltype matrix
dimensions 10239x5514
)
(mclmatrix
begin
0     1871 1910 1935 1936 1951 2197 2209 2246 2419 2426 2457 2532
        2533 2594 2858 2981 3026 3130 3287 3543 3570 3714 3770 3792
        3831 3922 4050 4184 4212 4225 4316 4473 4561 4594 4636 4837
        4939 5112 5308 5489 5491 5708 5916 6698 6738 6794 6888 6927
        7091 7137 7146 $
1     291 1775 1842 1878 1900 2593 2720 2784 2845 2855 2918 3029 3045
        3455 3576 3677 3772 3839 3936 3974 3983 4032 4132 4147 4162
        4249 4262 4396 4553 4563 4592 4839 4850 5279 5344 5424 5608
        5680 5858 5887 6076 $
2     1888 2003 2008 2056 2293 2564 2578 2717 2824 2837 2898 3150
        3444 3568 3788 3849 3916 4282 4486 4533 4585 4891 4972 5025
        5057 5415 5538 5660 6045 6080 6313 6552 6638 6668 6726 7004
        7151 7196 9499 $
3     659 1966 2134 2282 2497 2610 2978 3336 3430 3567 3997 4204 4226
        4234 4411 4632 4934 4983 5285 5495 5611 5783 5807 5833 5897
        5940 6149 7051 7089 7098 8827 10166 $
4     2165 2224 2225 2226 2464 2596 2737 2739 2904 3001 3252 3348
        3731 4265 4267 4530 4604 5307 5685 5912 6148 6688 6703 6704
        6729 6896 8938 $
5     1895 1899 2129 2968 3140 3278 3325 3363 3646 4276 4288 4367
        4369 4503 4582 4635 5421 6003 6020 6022 6023 6233 6345 6553
        6624 6781 $
6     307 1903 1924 1998 2020 2044 2321 4010 4024 4045 4057 4901 4968
        5156 5161 5228 5252 5321 5650 8467 8891 8917 9710 9779 $
7     1441 2590 2814 2816 2913 3052 3380 3661 3721 4070 4075 4164
        4380 5645 5734 5860 6259 6293 6436 6834 6875 7192 7220 $
8     1159 1949 2198 2546 2956 3339 3802 4432 4460 4649 4664 4768
        4940 5143 5223 5300 5409 5707 5721 5865 6766 9373 $
9     1881 1908 1958 2009 2472 2675 2742 3829 3929 4135 4220 4415
        4475 4753 5302 5850 5892 6214 6607 $
10    1886 1961 2154 2193 2556 2943 3000 3007 3221 3553 3581 3912
        3986 4721 4749 5392 5686 7083 10221 $
11    2498 2648 2988 3082 3330 3638 3773 3786 3805 4005 4305 4403
        4982 5503 5614 5748 6386 6420 6606 $
12    1187 1752 2645 2708 3113 3328 3692 3708 4298 4539 4759 4985
        5176 5659 5687 5825 6565 6691 $
13    1870 1911 2152 2188 2392 2413 3039 3626 4051 4114 4181 4626
        5869 5881 5934 6227 6546 $
14    273 801 839 2874 3354 3516 4906 4918 5814 6692 6909 7069 7409
        7601 8748 $
15    539 637 677 1072 1317 2609 2973 3056 4641 5905 6783 6861 7763
        8422 9473 $
16    789 1877 2144 3153 3734 4209 4235 4241 4242 5236 5390 5920 6088
        6310 8280 $
17    790 1875 1876 2143 3152 3735 4105 4208 4236 4243 5237 5391 5919
        6087 6311 $
18    1868 2190 2393 3017 3080 3628 3766 3809 4103 4141 4183 5124
        5612 6605 10127 $
19    2185 2191 2750 2902 3183 3340 3372 3607 3723 4188 4528 4536
        4750 5557 6114 $
20    2815 2960 3053 3893 4286 4597 5910 6006 6111 6207 6258 6435
        6833 6874 7221 $
21    9129 9181 9182 9183 9185 9186 9187 9188 9189 9190 9191 9195
        9843 9844 9845 $
22    1103 3069 3808 3935 4030 4648 5017 5050 5486 5809 5826 6068
        7257 8465 $
23    2024 2548 2899 3812 3943 4271 4303 4419 4742 4809 4929 6497
        6741 7033 $
24    2462 2463 2738 2957 3346 3538 3729 4482 4556 4605 5140 5305
        6043 6689 $
25    526 1751 1756 1925 2166 2501 2901 4099 4645 5558 5822 6623 7002 $
26    786 2948 2954 4145 4551 4851 5018 5074 5116 5605 6868 6941 8370 $
27    1869 2189 2394 3018 3081 3627 3767 3810 4104 4182 5123 5613
        6604 $
28    1882 2508 2581 2826 2946 2952 3316 4048 4203 5137 5543 5640
        6001 $
29    2182 2647 2875 2897 3515 4371 4402 4905 4920 5749 5815 6908
        8379 $
30    131 2135 3337 4022 4425 4631 4644 5379 6220 6467 6958 7050 $
31    172 2145 2955 4107 4210 4240 4552 5235 5607 5921 6309 6867 $
32    554 1412 2550 2690 2758 2765 2836 3178 3494 4615 5240 5406 $
33    787 825 2176 2953 4550 4852 6869 8189 8369 8425 8816 8858 $
34    792 1200 1451 2146 2173 4555 4986 5180 5574 5663 7474 8108 $
35    1319 1905 4012 4309 4310 4311 4314 5159 5163 5227 5651 7254 $
36    1421 4272 4608 5013 5014 5573 5637 5911 5941 7702 8939 9324 $
37    2139 2984 3206 3911 5426 5576 6260 6700 6793 6854 7013 7125 $
38    2557 3051 4431 4647 4807 5436 6069 6523 6695 7107 9088 9636 $
39    2802 3529 8317 8322 8548 8574 8598 8670 8988 9215 9420 9510 $
40    36 3106 3108 4774 6713 7313 8674 8852 9314 9315 9713 $
41    610 1953 2528 2736 3722 3830 4187 5181 5900 6609 6612 $
42    710 2777 2982 3128 3817 4427 5072 5142 5610 6489 6493 $
43    1440 2385 3588 5500 6117 7072 7356 7862 8055 8916 8983 $
44    1524 2252 2745 3282 3284 3634 4033 4491 5138 5899 7018 $
45    1937 1983 2615 2744 4039 5218 5786 5902 6608 7021 7082 $
46    1990 2195 2940 3116 3837 4207 4266 4549 5035 6611 6898 $
47    2263 4229 4231 5111 5212 6044 6327 6598 6614 6945 7120 $
48    2859 4015 4517 4963 5095 5470 6814 7612 7843 8971 9226 $
49    27 2474 3155 4195 4239 4525 4793 6093 6487 6595 $
50    38 39 73 2423 2731 3107 3949 6709 8691 8964 $
51    274 7070 7193 7408 8650 8749 9415 9457 10085 10170 $
52    1810 1814 1980 3228 4089 4400 5008 5200 6799 6975 $
53    2903 3806 4042 4064 4072 4313 4315 5158 5667 5868 $
54    9347 9348 9349 9350 9352 9353 9354 9355 9356 9357 $
55    42 1999 2000 3579 4055 4056 4903 4966 8298 $
56    60 3744 3798 3962 4292 5678 6221 6494 7017 $
57    201 2174 2678 2876 4337 4980 8721 9544 10073 $
58    684 1487 2312 2417 3522 3712 5584 5889 7747 $
59    949 2251 3114 3694 4092 5318 5592 5787 7791 $
60    1318 1904 4011 4023 4043 5157 5162 5226 5649 $
61    1742 2580 2854 3365 3991 4206 4395 4970 6943 $
62    1840 2514 2986 3237 3243 5898 6615 7234 8509 $
63    1921 2013 2018 2019 2041 3127 4307 4426 5324 $
64    1986 3371 3748 3816 4612 5845 5878 6992 7140 $
65    2265 3750 3993 7681 8170 8765 8781 10212 10226 $
66    2936 4021 4115 4116 4117 4139 5041 5043 10115 $
67    101 4106 4572 4702 6306 8376 8715 9416 $
68    309 1922 2022 2042 2324 4967 5323 9781 $
69    493 824 6209 6210 6213 6215 7026 8479 $
70    555 1682 2035 3133 4741 6482 7063 7064 $
71    991 2779 3659 4293 6389 8076 9855 10184 $
72    1265 2404 4392 4818 6015 6239 6919 7461 $
73    1607 4637 6057 8159 8348 8828 9299 10070 $
74    1686 2065 4068 4705 7628 8786 8932 9639 $
75    1943 2253 3601 4028 6212 6696 7010 9778 $
76    1947 2421 5422 6056 7079 7185 7239 9323 $
77    1964 2979 2999 3030 3033 3771 8191 10220 $
78    1967 2196 3145 3987 5879 6246 6572 7141 $
79    2040 2864 3757 5311 6514 7219 8625 9333 $
80    2545 3032 3736 4481 4848 5288 6540 6693 $
81    2977 3059 3920 5189 5571 5908 6785 6791 $
82    8430 8505 8834 9311 9312 9313 9540 10202 $
83    28 5646 7000 7084 8208 8636 10025 $
84    265 548 2327 2718 3475 9466 10040 $
85    308 1923 2021 2043 2323 5322 9780 $
86    407 3304 3966 4706 6538 7435 9776 $
87    489 2424 5566 8563 8878 9516 10069 $
88    490 855 1531 3665 3975 7646 8979 $
89    563 1041 1665 6706 7773 9398 9439 $
90    713 2212 3117 6557 7145 7443 9794 $
91    782 870 2058 2507 4562 5171 9602 $
92    802 1149 3968 4248 5355 9690 10031 $
93    920 1699 1700 5337 6633 6842 7260 $
94    956 960 3207 5297 7259 8219 10146 $
95    1031 1032 1115 2603 5494 6878 7253 $
96    1064 2118 4822 6734 9119 9120 9211 $
97    1111 4898 7147 7215 8334 8908 9025 $
98    1217 1403 5945 7889 8123 9044 9127 $
99    1233 2318 3695 5591 7755 7792 8403 $
100   1251 4543 5511 6432 6685 7846 9727 $
101   1288 2428 2534 2597 4261 5238 6820 $
102   1753 2319 3696 4301 4760 5661 5909 $
103   1898 1985 3173 4792 6094 6109 7073 $
104   2011 3790 4808 5080 5312 6188 6512 $
105   2228 3495 4326 4618 4619 4663 8409 $
106   2403 3099 3433 3585 4820 6017 6749 $
107   2577 2830 2963 3593 5120 5935 5936 $
108   2848 3624 3985 5946 6991 9448 10145 $
109   3345 3454 4729 5304 6897 7095 8937 $
110   7718 7719 7720 7721 7722 7723 9726 $
111   7733 7734 7907 7908 8431 9840 10196 $
112   7910 8199 8304 8838 9489 9715 9811 $
113   8491 9842 9851 9981 9983 9984 9986 $
114   8 2214 3826 6222 7519 9470 $
115   26 2473 2896 4194 4372 6486 $
116   61 145 4330 7653 8994 9949 $
117   95 102 4701 4703 5778 6305 $
118   99 2933 4885 6500 7563 8796 $
119   106 2570 2941 2942 3996 6684 $
120   138 423 2915 2916 5186 9155 $
121   147 1794 3387 3388 3499 9894 $
122   174 1628 2479 3493 4611 4999 $
123   199 958 1023 3759 4960 9685 $
124   206 3061 3545 3719 6616 8488 $
125   264 547 2367 2719 9465 10041 $
126   270 271 7076 7077 10060 10061 $
127   323 1078 1182 4450 7716 9193 $
128   383 740 2483 6159 7636 9699 $
129   389 5790 6385 8722 9110 10222 $
130   435 1061 1482 4674 5278 9243 $
131   496 535 596 6218 9667 9671 $
132   532 3122 7152 7813 9173 9647 $
133   552 1499 4879 6160 8697 9475 $
134   582 1012 5715 6126 8111 9793 $
135   729 791 2012 4672 8583 8819 $
136   783 2054 2707 4340 5468 6550 $
137   819 1809 3379 4087 6254 9654 $
138   955 4065 5644 7214 9214 9566 $
139   978 1298 2149 2651 7047 7543 $
140   1029 1123 4682 5875 6859 9906 $
141   1037 2887 3048 6959 7178 9698 $
142   1096 1858 2565 5164 5243 9139 $
143   1195 3307 3687 8901 9013 10078 $
144   1220 1416 1916 2411 2686 4698 $
145   1222 1941 2727 2971 5901 10067 $
146   1229 1759 2410 4178 6252 6336 $
147   1256 1257 1258 1259 8113 8566 $
148   1308 2891 3496 4429 5248 8328 $
149   1315 3101 5781 7162 7163 8850 $
150   1423 4872 6947 7167 8575 9653 $
151   1587 2326 2527 4689 4886 9322 $
152   1715 4838 5213 7048 7101 9249 $
153   1824 3317 3982 4196 6283 6331 $
154   1897 2126 2131 3175 3539 5417 $
155   1989 2427 3764 3914 5103 5280 $
156   2014 2016 3283 3756 5070 7231 $
157   2163 4035 4405 5148 5706 6507 $
158   2217 2710 3845 3848 5796 5798 $
159   2461 3217 3293 3915 5026 5283 $
160   2503 3257 3258 3599 4979 6699 $
161   2559 3955 6024 6719 7157 7158 $
162   2592 2949 2987 4146 5019 5606 $
163   2604 3713 5282 6443 7643 8630 $
164   2825 5287 5431 5849 8372 8445 $
165   2844 3456 4250 5508 6147 9358 $
166   2965 3592 4237 5118 5857 6683 $
167   3057 3058 3918 3919 5906 5907 $
168   3084 3621 4485 5292 5928 6426 $
169   3134 3219 3751 5220 6610 6686 $
170   3240 3318 3597 3649 4094 6333 $
171   3241 3319 3598 3647 4095 6332 $
172   3254 3366 4991 5038 5225 5670 $
173   4040 4041 4062 4063 4071 5652 $
174   5474 7634 8342 8542 8905 8948 $
175   7672 8315 8502 8503 8835 9374 $
176   8179 8666 8950 9096 9097 10032 $
177   8493 8494 8826 10131 10132 10133 $
178   9 2210 3828 6224 7516 $
179   84 86 88 481 2078 $
180   94 1494 2034 6338 7631 $
181   115 3090 3326 4680 9663 $
182   123 124 311 3142 4734 $
183   181 620 2670 3198 4192 $
184   185 4743 5627 8293 9955 $
185   251 1557 2571 7138 7757 $
186   289 2502 3678 4937 8915 $
187   313 5145 5726 8544 8969 $
188   315 6757 7999 9543 10160 $
189   446 2229 3222 5583 8288 $
190   480 3989 4433 5403 6825 $
191   483 3285 5886 6792 7012 $
192   494 533 594 6216 9665 $
193   495 534 6217 9674 10053 $
194   497 536 597 6219 9672 $
195   503 1088 1228 3019 5122 $
196   540 2605 4638 5578 6862 $
197   542 2607 2975 4640 6864 $
198   599 7201 7510 7581 9918 $
199   604 4059 4739 8508 9302 $
200   608 4053 8396 8926 9422 $
201   627 6079 6181 7470 8854 $
202   700 2934 3727 8084 9656 $
203   707 1237 4844 6561 8821 $
204   734 7024 7468 9285 10013 $
205   756 3656 3863 5949 10012 $
206   774 2924 7227 7238 9687 $
207   795 4159 6314 7124 8140 $
208   841 2478 3300 4014 9826 $
209   905 3717 4268 5638 9115 $
210   934 2387 5354 7610 7962 $
211   953 4066 7212 9212 9564 $
212   954 4067 7213 9213 9565 $
213   968 1657 1744 1962 7509 $
214   981 2269 4909 7596 9526 $
215   996 2485 3020 9644 9645 $
216   1033 1114 2601 6328 6876 $
217   1034 5810 5866 8954 8956 $
218   1035 1839 3344 6479 7065 $
219   1062 3468 4409 6949 9822 $
220   1080 4449 7715 8756 9194 $
221   1118 2170 4152 6294 6650 $
222   1145 1543 3635 4441 8930 $
223   1177 5724 6953 9207 10090 $
224   1192 1679 2203 5187 8711 $
225   1210 1717 2723 3281 8784 $
226   1219 1415 1917 2412 2687 $
227   1246 1541 5683 8164 8857 $
228   1264 2405 4391 4817 7460 $
229   1321 1322 1438 7210 9387 $
230   1417 2685 6894 7038 10027 $
231   1433 2712 3834 5310 8554 $
232   1596 4976 5430 6284 6963 $
233   1601 1632 5978 5990 9298 $
234   1602 3787 5979 9153 9297 $
235   1622 1738 2839 9771 9890 $
236   1701 5334 8074 9821 9966 $
237   1836 4602 4843 5151 5792 $
238   1848 2506 3795 6806 8335 $
239   1851 1939 2017 6515 7022 $
240   1853 1861 3238 4884 6815 $
241   1856 1857 2790 6568 6621 $
242   1896 2128 3181 5063 5420 $
243   1906 1912 1913 4026 5648 $
244   1959 3930 3978 5839 8512 $
245   1968 3571 3875 3908 4947 $
246   1971 2659 3320 5172 5848 $
247   2036 4186 5834 5835 9648 $
248   2073 5884 6049 6954 7782 $
249   2164 2599 2905 5306 5446 $
250   2192 3310 5684 6911 6955 $
251   2221 2878 4365 4834 5788 $
252   2494 5740 6846 6847 6848 $
253   2925 3255 3813 7335 8588 $
254   2938 5791 5938 5939 9612 $
255   2964 3594 5119 5855 6303 $
256   2983 3205 3910 3959 7127 $
257   3003 3807 4304 5246 5639 $
258   3154 4238 4524 6594 10086 $
259   3189 3644 4962 7142 9106 $
260   3201 4306 5313 5484 6516 $
261   3394 5496 5666 7828 8902 $
262   3814 7093 8367 8539 9410 $
263   3871 6052 7103 8115 9997 $
264   3964 5130 5864 7433 9774 $
265   4150 5404 8766 8782 10227 $
266   4161 6506 6923 9090 9560 $
267   4502 6915 7099 7662 7909 $
268   4660 6316 7241 7244 9201 $
269   6921 7170 7171 7172 7176 $
270   7347 7853 8067 9086 9922 $
271   8202 8204 8841 8843 8844 $
272   8371 8392 8560 8617 10200 $
273   8384 8959 8960 8963 9394 $
274   6 817 6646 9534 $
275   7 3827 6223 7520 $
276   16 4463 5371 7795 $
277   29 810 5544 9622 $
278   37 911 922 1572 $
279   76 6639 7011 8097 $
280   78 3215 6042 7605 $
281   89 6376 7179 8144 $
282   97 2219 8434 9300 $
283   100 188 2222 8437 $
284   121 1166 1730 4956 $
285   141 2842 2914 8220 $
286   150 1750 1902 4049 $
287   156 5996 7529 8034 $
288   179 4542 8685 10096 $
289   184 3819 6374 8296 $
290   203 253 4831 10066 $
291   215 1396 1401 7898 $
292   262 2368 4324 10042 $
293   293 7282 7294 7617 $
294   303 711 2500 7810 $
295   326 1185 8755 8910 $
296   378 4882 8736 10030 $
297   419 501 4878 7333 $
298   430 2873 7206 9483 $
299   431 2872 7938 9484 $
300   434 2549 3132 7462 $
301   438 4971 6843 10093 $
302   465 2386 5851 7637 $
303   502 6480 8383 8833 $
304   509 840 5414 9269 $
305   541 2606 4639 6863 $
306   558 3335 6539 9624 $
307   561 2566 4331 9518 $
308   572 1476 6177 8180 $
309   579 5914 6123 8110 $
310   585 6129 7799 8109 $
311   634 6163 8126 8150 $
312   636 2031 2974 8423 $
313   639 3984 5351 8153 $
314   655 5356 9919 10154 $
315   679 1070 6398 6926 $
316   692 1611 1663 1707 $
317   698 3504 4836 8086 $
318   714 2211 6556 7444 $
319   723 2374 5009 7744 $
320   726 1297 2650 7805 $
321   727 1993 2370 8657 $
322   732 7028 8777 8801 $
323   748 5531 8330 9787 $
324   766 4251 5365 9936 $
325   775 4894 6113 8496 $
326   776 6116 8675 9506 $
327   785 2068 9161 10099 $
328   815 2766 5929 7281 $
329   822 7202 7295 7599 $
330   853 1527 1855 3663 $
331   861 4732 5023 7618 $
332   862 2620 3822 7528 $
333   877 5314 5955 8246 $
334   878 5956 8249 8679 $
335   918 5315 6758 8146 $
336   929 4406 6250 9621 $
337   935 2049 3043 8088 $
338   948 6548 6986 10071 $
339   952 1725 7633 9305 $
340   967 5552 7826 9767 $
341   969 3821 5529 10141 $
342   975 4098 6481 8364 $
343   993 3895 6339 9292 $
344   1022 4260 5885 7041 $
345   1047 6656 7247 7541 $
346   1059 3510 4941 9634 $
347   1063 2644 8526 8567 $
348   1067 2621 10004 10065 $
349   1075 5378 9559 9676 $
350   1077 5475 6158 7475 $
351   1083 1480 5461 9598 $
352   1099 3236 6429 8271 $
353   1104 2109 5512 7329 $
354   1105 3533 4946 7802 $
355   1124 1932 4683 9905 $
356   1141 3186 6255 9865 $
357   1147 4492 8413 9012 $
358   1206 2724 9689 10034 $
359   1243 2668 4466 7790 $
360   1245 2247 3945 8355 $
361   1247 1449 5309 5462 $
362   1252 1505 1551 7143 $
363   1253 4158 7088 8534 $
364   1255 3266 5633 8565 $
365   1267 2524 6235 7194 $
366   1268 5696 7071 9454 $
367   1270 2137 6780 7491 $
368   1300 4744 5628 8295 $
369   1340 3778 5527 10171 $
370   1429 6680 6885 7416 $
371   1432 3005 3481 6301 $
372   1447 5688 8120 9329 $
373   1475 5275 8216 9451 $
374   1501 4867 6851 8695 $
375   1517 2280 3783 8339 $
376   1542 9021 9272 9399 $
377   1556 2294 5336 7477 $
378   1580 4897 7148 7422 $
379   1589 1723 8735 10164 $
380   1593 1680 7053 9427 $
381   1605 7274 8728 9925 $
382   1613 6882 8658 9847 $
383   1648 3864 4273 6347 $
384   1658 1741 9657 10185 $
385   1668 5149 6226 8643 $
386   1671 5347 8957 8961 $
387   1676 2201 3602 5739 $
388   1684 4740 5298 9972 $
389   1685 6944 8925 9101 $
390   1690 2827 5681 7410 $
391   1726 3657 3793 3794 $
392   1748 1822 3364 4278 $
393   1749 4950 7087 7097 $
394   1770 2931 3800 5173 $
395   1793 4217 4442 9895 $
396   1832 3038 7067 9795 $
397   1835 3091 3324 4428 $
398   1838 2900 7188 8399 $
399   1852 2007 2862 3139 $
400   1874 3347 5222 6054 $
401   1883 2079 3055 8914 $
402   1894 2130 5062 5419 $
403   1920 2422 5876 6055 $
404   1940 2320 2322 6694 $
405   1948 5230 5231 7816 $
406   1955 6858 8921 8922 $
407   1957 4343 6543 9482 $
408   1995 2722 6344 6756 $
409   2023 2749 3610 4101 $
410   2039 3126 5487 7645 $
411   2053 2860 4969 7256 $
412   2101 4796 5135 5635 $
413   2127 4513 5060 6206 $
414   2140 2635 4651 5289 $
415   2175 2180 3485 6905 $
416   2177 8555 9276 10111 $
417   2230 2231 2232 2233 $
418   2248 2612 8900 9637 $
419   2262 5994 7750 10022 $
420   2396 2399 4390 4816 $
421   2408 5795 6253 6337 $
422   2518 3625 4118 5932 $
423   2530 3796 4110 4673 $
424   2591 2950 4943 5126 $
425   2791 5078 6567 6622 $
426   2795 2797 2798 2799 $
427   2853 3147 3615 5191 $
428   2863 3707 6895 8868 $
429   2888 5705 5714 6157 $
430   2919 4134 4413 5559 $
431   2922 2927 4133 4954 $
432   3047 3096 5044 5596 $
433   3103 7159 7778 9392 $
434   3171 3179 4958 7272 $
435   3224 3368 4653 9147 $
436   3271 3274 3573 5846 $
437   3469 6110 8454 8622 $
438   3470 4548 6065 6736 $
439   3476 3477 5134 5634 $
440   3497 5214 6613 8410 $
441   3500 5589 5590 8400 $
442   3572 5847 7286 7287 $
443   3616 3617 5923 5924 $
444   3633 4477 5139 7023 $
445   3799 4227 4233 7119 $
446   3835 3874 3904 7130 $
447   3868 3878 7423 9225 $
448   3979 5609 8323 9609 $
449   4018 4126 4140 5942 $
450   4287 4596 5821 6491 $
451   4408 5454 7228 7785 $
452   4416 5179 6334 8203 $
453   4421 4437 5890 7174 $
454   4540 4564 6866 9440 $
455   4590 4657 4785 6035 $
456   4628 5758 6418 9368 $
457   5016 5728 6498 8785 $
458   5042 5903 6930 6932 $
459   5108 7727 7840 8516 $
460   5114 5115 6939 6940 $
461   5580 8591 10224 10225 $
462   5873 8198 8837 9403 $
463   6368 8320 8569 8572 $
464   6536 8713 8817 8818 $
465   7291 8455 8829 8981 $
466   7342 7344 7345 7407 $
467   7381 8002 8003 9050 $
468   7405 7906 9028 9567 $
469   7567 8779 8800 9926 $
470   7683 8325 9082 9731 $
471   7688 7916 8332 8473 $
472   7697 8725 8773 10089 $
473   8281 8421 10047 10048 $
474   8547 8632 9550 10094 $
475   8759 8776 8790 8803 $
476   8787 10211 10228 10236 $
477   9003 9004 9005 9010 $
478   4 5616 9697 $
479   5 3523 9688 $
480   11 5239 9641 $
481   12 2730 9745 $
482   13 6410 7305 $
483   15 2383 9620 $
484   18 4860 9500 $
485   20 6661 9896 $
486   21 6179 9762 $
487   22 2055 9763 $
488   32 3643 9117 $
489   41 3580 8299 $
490   43 3578 8297 $
491   44 938 9210 $
492   45 5209 7307 $
493   49 4356 5205 $
494   52 109 3549 $
495   54 2172 10198 $
496   57 450 1230 $
497   58 6918 9681 $
498   59 6321 9277 $
499   63 4328 7536 $
500   65 6027 7129 $
501   67 607 8319 $
502   68 6406 8081 $
503   69 6405 8082 $
504   70 6760 9366 $
505   77 6640 8746 $
506   91 6375 8143 $
507   93 5350 7648 $
508   96 2138 8436 $
509   103 3467 4658 $
510   108 4922 9557 $
511   118 4890 8363 $
512   122 6705 9396 $
513   127 5766 7676 $
514   128 5765 7441 $
515   132 6469 10068 $
516   135 4455 9817 $
517   136 4454 9818 $
518   144 1184 4448 $
519   151 4899 7131 $
520   152 4458 7589 $
521   153 4457 7588 $
522   154 4456 7587 $
523   162 6451 9946 $
524   164 6465 7521 $
525   165 6463 7508 $
526   167 6461 9262 $
527   168 6460 9265 $
528   169 6459 8182 $
529   186 3391 5152 $
530   190 6146 8238 $
531   191 6145 8237 $
532   192 1087 6141 $
533   195 5756 7438 $
534   196 5755 7439 $
535   197 6827 7623 $
536   202 5294 9450 $
537   204 1754 10046 $
538   205 1755 10045 $
539   207 2662 9750 $
540   208 2661 9751 $
541   210 3506 6041 $
542   211 2245 3261 $
543   224 2329 2623 $
544   237 1395 9036 $
545   248 4765 8613 $
546   259 5547 7571 $
547   261 2369 10043 $
548   267 268 7800 $
549   272 7075 10059 $
550   281 1408 7948 $
551   287 2090 7183 $
552   288 4459 7591 $
553   290 4726 9924 $
554   298 3869 3880 $
555   304 773 2491 $
556   306 2679 8165 $
557   310 1523 9782 $
558   312 2841 4758 $
559   314 8545 8968 $
560   316 5381 9593 $
561   319 4521 9481 $
562   321 6452 9944 $
563   322 6453 10158 $
564   327 6454 9943 $
565   328 6455 9940 $
566   329 6456 9939 $
567   338 1345 2338 $
568   358 2330 6579 $
569   370 6899 8525 $
570   371 5195 8188 $
571   372 5196 9242 $
572   379 2108 8742 $
573   381 4826 7570 $
574   382 4827 7608 $
575   384 4717 9255 $
576   388 6307 9472 $
577   393 4853 10148 $
578   394 3406 9471 $
579   395 6755 7609 $
580   397 2451 7664 $
581   401 6470 7493 $
582   402 6471 7494 $
583   408 3260 7544 $
584   409 3249 9229 $
585   410 6357 8139 $
586   411 6358 9874 $
587   414 4591 9879 $
588   418 4877 7330 $
589   420 2099 9270 $
590   424 4244 6187 $
591   425 6135 9241 $
592   429 6139 6449 $
593   432 3303 10083 $
594   433 3302 10084 $
595   443 5629 8291 $
596   445 5631 8294 $
597   448 6170 9321 $
598   455 4997 5819 $
599   459 6916 9419 $
600   463 6380 9247 $
601   464 6381 9252 $
602   467 3078 7003 $
603   468 5768 7678 $
604   472 7135 9743 $
605   473 7134 9744 $
606   474 2587 4854 $
607   486 6382 9253 $
608   488 6647 8747 $
609   498 7092 9105 $
610   499 4829 8239 $
611   506 5438 7545 $
612   508 7288 9508 $
613   510 8624 8947 $
614   511 7437 8663 $
615   512 6367 9523 $
616   513 4823 9749 $
617   516 2553 7619 $
618   517 2552 9337 $
619   523 3306 9921 $
620   524 3305 9920 $
621   527 6722 9304 $
622   529 2693 9464 $
623   531 2692 9462 $
624   546 2264 7695 $
625   562 1664 9438 $
626   566 6356 10140 $
627   571 6174 8360 $
628   573 6178 9519 $
629   574 4880 7824 $
630   576 6120 9864 $
631   577 6121 9863 $
632   580 6124 7652 $
633   581 6125 10091 $
634   583 6127 9861 $
635   584 6128 9860 $
636   586 6130 9695 $
637   587 3988 6131 $
638   589 6133 9858 $
639   590 6134 9857 $
640   593 1179 9669 $
641   601 8163 8859 $
642   609 6720 6721 $
643   611 4424 9264 $
644   614 3246 7812 $
645   619 751 3199 $
646   621 749 3197 $
647   628 4926 6169 $
648   629 4925 6168 $
649   635 2032 8424 $
650   640 5643 9765 $
651   644 2097 9332 $
652   645 5011 5674 $
653   648 988 6521 $
654   650 5368 9933 $
655   651 683 796 $
656   652 5359 8125 $
657   671 2110 9867 $
658   672 6977 8365 $
659   674 2806 6669 $
660   675 2266 10019 $
661   676 2218 8435 $
662   680 4855 7503 $
663   682 6271 9871 $
664   685 7276 8729 $
665   686 7277 8117 $
666   687 3761 7700 $
667   688 7278 10207 $
668   689 7279 8730 $
669   693 1720 8731 $
670   694 1721 8732 $
671   695 1722 8734 $
672   697 4835 8087 $
673   699 4833 8085 $
674   701 1740 9923 $
675   705 6478 9535 $
676   708 6559 7492 $
677   715 1963 6555 $
678   719 6275 7499 $
679   720 3957 6274 $
680   721 6273 9945 $
681   722 6272 9869 $
682   725 3443 4720 $
683   731 7029 9886 $
684   733 7025 9899 $
685   739 2075 7598 $
686   741 5769 7679 $
687   742 5770 7595 $
688   752 2277 7666 $
689   753 5349 9530 $
690   761 1727 9957 $
691   764 5700 7668 $
692   765 5366 9935 $
693   767 5363 9937 $
694   771 5369 9932 $
695   772 5370 9930 $
696   779 5480 9308 $
697   780 2060 10100 $
698   781 2059 9515 $
699   794 6241 7597 $
700   797 6564 9753 $
701   798 6563 9752 $
702   800 4193 6554 $
703   804 6281 7324 $
704   805 6280 7556 $
705   806 6279 7554 $
706   808 6278 7553 $
707   809 5520 7323 $
708   812 6828 9980 $
709   814 6826 9789 $
710   816 1732 10104 $
711   818 6645 9282 $
712   820 6937 7467 $
713   831 1837 7198 $
714   842 3301 9827 $
715   845 2096 7781 $
716   847 915 4735 $
717   852 1528 3664 $
718   854 1529 3662 $
719   864 3739 8504 $
720   865 6972 9640 $
721   866 6902 9263 $
722   867 6901 7696 $
723   868 5367 9934 $
724   872 5950 8242 $
725   873 5951 8243 $
726   874 5952 7627 $
727   875 5953 8244 $
728   876 5954 8245 $
729   879 5957 8250 $
730   880 5958 8251 $
731   881 5959 8252 $
732   882 5960 8253 $
733   883 5961 8254 $
734   884 5962 8255 $
735   885 5963 10014 $
736   886 5964 8257 $
737   887 5965 8258 $
738   888 5966 8259 $
739   890 5967 8260 $
740   891 5968 10189 $
741   892 5969 8261 $
742   893 5970 8262 $
743   894 5971 8263 $
744   895 5972 8264 $
745   896 5973 8265 $
746   897 5974 8266 $
747   898 5975 8267 $
748   899 5976 8268 $
749   900 5977 8269 $
750   901 5147 8546 $
751   902 3715 8940 $
752   903 1945 3716 $
753   907 1017 2092 $
754   908 2091 9910 $
755   909 2088 9802 $
756   910 6836 7761 $
757   917 6856 7775 $
758   924 5476 9748 $
759   925 4247 7621 $
760   927 4722 10016 $
761   931 6839 7667 $
762   936 2071 8080 $
763   941 2179 2551 $
764   944 2673 9938 $
765   945 5058 7337 $
766   957 4801 7466 $
767   964 1942 5144 $
768   966 3513 9742 $
769   970 3331 7328 $
770   976 6373 9828 $
771   977 7054 9902 $
772   980 7045 9884 $
773   983 1615 10008 $
774   984 5695 7484 $
775   985 6889 8300 $
776   989 6520 6592 $
777   994 2488 7481 $
778   995 2487 9908 $
779   997 2484 7498 $
780   998 1146 8929 $
781   999 2467 9330 $
782   1000 5693 9963 $
783   1007 5709 9604 $
784   1010 5712 9397 $
785   1011 5713 6198 $
786   1013 5716 7469 $
787   1014 5717 8754 $
788   1015 5718 7505 $
789   1018 6194 6753 $
790   1019 6193 7558 $
791   1028 4846 4895 $
792   1038 4300 9824 $
793   1042 4699 7501 $
794   1043 6433 7245 $
795   1044 6437 7312 $
796   1045 6438 9267 $
797   1046 6657 8078 $
798   1048 6655 9967 $
799   1049 6654 9974 $
800   1051 6473 7436 $
801   1052 4803 9684 $
802   1053 6472 7495 $
803   1056 3636 8639 $
804   1058 3512 9280 $
805   1068 2112 10155 $
806   1071 6399 6925 $
807   1076 2785 3313 $
808   1082 5459 9912 $
809   1086 4327 8739 $
810   1089 4763 7299 $
811   1091 2881 7537 $
812   1097 4299 9954 $
813   1108 5471 9453 $
814   1122 4681 9907 $
815   1125 5047 9662 $
816   1140 4341 7531 $
817   1142 6256 9872 $
818   1150 5342 8656 $
819   1153 6777 10125 $
820   1155 6779 10124 $
821   1156 6300 9638 $
822   1157 6474 7415 $
823   1163 3398 7321 $
824   1165 3541 7622 $
825   1168 5455 9916 $
826   1169 5456 9915 $
827   1170 5457 9914 $
828   1171 5458 9913 $
829   1174 6748 7454 $
830   1175 6747 7320 $
831   1178 5760 7677 $
832   1180 3156 8886 $
833   1189 5993 7311 $
834   1190 5483 9148 $
835   1191 5482 9149 $
836   1198 6450 9947 $
837   1201 4580 5477 $
838   1207 5533 7546 $
839   1209 5535 7547 $
840   1212 5536 7548 $
841   1213 5537 7549 $
842   1216 5947 9513 $
843   1221 2725 7769 $
844   1224 6176 9505 $
845   1225 2105 9829 $
846   1232 2299 10029 $
847   1234 4692 9491 $
848   1238 2316 2908 $
849   1241 4849 9279 $
850   1244 2751 2756 $
851   1250 5944 10152 $
852   1260 6488 10229 $
853   1262 6948 8147 $
854   1266 6238 6268 $
855   1272 2122 7526 $
856   1273 1405 4977 $
857   1274 2111 7420 $
858   1275 3399 3784 $
859   1276 5451 7414 $
860   1278 2684 7550 $
861   1279 2683 7551 $
862   1281 2681 9423 $
863   1283 2680 7539 $
864   1285 2492 7949 $
865   1290 4368 9623 $
866   1292 4566 7445 $
867   1299 5317 7483 $
868   1303 6759 9887 $
869   1304 2100 7659 $
870   1305 3559 4761 $
871   1306 1309 2893 $
872   1310 3268 5844 $
873   1312 1645 2889 $
874   1313 5400 8248 $
875   1314 5931 6106 $
876   1324 4122 9386 $
877   1327 5519 9893 $
878   1331 5515 7540 $
879   1339 5526 9594 $
880   1341 5528 7535 $
881   1418 2762 7310 $
882   1419 5399 8077 $
883   1424 6384 9124 $
884   1425 6383 9254 $
885   1428 5490 7440 $
886   1435 5352 9261 $
887   1437 5353 7607 $
888   1439 7209 7472 $
889   1450 7149 7523 $
890   1458 7258 10187 $
891   1459 3521 7327 $
892   1461 3540 4484 $
893   1462 3564 9616 $
894   1470 3250 9230 $
895   1471 3251 9231 $
896   1474 5274 9452 $
897   1483 4676 9236 $
898   1485 4677 9234 $
899   1488 2121 9873 $
900   1489 2652 9257 $
901   1491 2496 3520 $
902   1492 2104 7497 $
903   1493 2048 8354 $
904   1497 6162 8698 $
905   1498 6161 10203 $
906   1500 6852 8696 $
907   1502 6850 8694 $
908   1503 4866 6849 $
909   1506 7262 8129 $
910   1507 7263 8130 $
911   1508 7264 8131 $
912   1509 7265 8132 $
913   1510 7266 8133 $
914   1512 7268 8135 $
915   1513 7269 8136 $
916   1515 7273 8727 $
917   1521 6762 9927 $
918   1522 6763 10156 $
919   1530 3666 8976 $
920   1537 5982 10142 $
921   1538 5983 9293 $
922   1539 5986 9289 $
923   1540 5987 9288 $
924   1547 2273 8151 $
925   1548 2270 9527 $
926   1553 2298 8075 $
927   1554 2297 7489 $
928   1555 2295 7478 $
929   1559 6602 8312 $
930   1560 6601 8311 $
931   1562 6577 8309 $
932   1563 6576 8308 $
933   1564 6574 8307 $
934   1565 6099 7915 $
935   1566 6098 7914 $
936   1567 6641 8745 $
937   1568 6643 9128 $
938   1570 6644 9126 $
939   1571 4334 8247 $
940   1574 2310 9245 $
941   1584 6904 9258 $
942   1588 2325 9897 $
943   1590 6910 8090 $
944   1592 3256 6599 $
945   1603 5980 9296 $
946   1604 5981 9295 $
947   1614 6881 9846 $
948   1616 6096 7691 $
949   1618 5331 9956 $
950   1623 1737 9891 $
951   1624 1736 9892 $
952   1626 6326 10024 $
953   1637 6152 9675 $
954   1640 5985 9290 $
955   1641 5984 9291 $
956   1652 2081 9803 $
957   1655 1729 7572 $
958   1669 6788 7542 $
959   1674 7428 9496 $
960   1677 6458 9528 $
961   1678 2307 7450 $
962   1681 6404 8083 $
963   1687 5296 9971 $
964   1694 2554 6270 $
965   1709 3517 7583 $
966   1710 3518 9522 $
967   1711 3519 7582 $
968   1712 5989 9286 $
969   1713 5988 9287 $
970   1714 4515 4953 $
971   1718 1887 9501 $
972   1724 4981 6064 $
973   1760 4175 4177 $
974   1785 5466 7249 $
975   1796 3386 4077 $
976   1797 3385 6662 $
977   1798 3384 4079 $
978   1802 3374 4081 $
979   1803 3375 4082 $
980   1807 3377 4085 $
981   1808 3378 4086 $
982   1849 2465 5284 $
983   1859 5883 9138 $
984   1860 4143 5169 $
985   1862 8303 8949 $
986   1872 1873 4222 $
987   1892 3176 5416 $
988   1954 3726 5870 $
989   1975 2695 3654 $
990   1981 3229 6976 $
991   1991 3343 4215 $
992   2006 3138 8185 $
993   2015 2249 8941 $
994   2029 3478 6393 $
995   2037 2045 3733 $
996   2072 3124 9760 $
997   2074 2475 7055 $
998   2085 3120 6768 $
999   2115 3014 8888 $
1000  2158 6744 9223 $
1001  2254 3167 3168 $
1002  2276 4394 5595 $
1003  2429 9228 9539 $
1004  2431 6446 6447 $
1005  2511 3279 10026 $
1006  2526 6047 9785 $
1007  2536 3079 4137 $
1008  2541 3225 5617 $
1009  2542 9717 9889 $
1010  2547 3259 5039 $
1011  2558 9502 10098 $
1012  2637 3870 10035 $
1013  2696 2700 3653 $
1014  2702 2867 5579 $
1015  2703 4858 4859 $
1016  2709 5799 6993 $
1017  2711 3846 5797 $
1018  2714 2716 5000 $
1019  2733 3453 4728 $
1020  2764 4031 5823 $
1021  2768 4038 8507 $
1022  2771 9379 9632 $
1023  2773 9382 9629 $
1024  2774 9383 9628 $
1025  2787 6571 6618 $
1026  2788 6570 6619 $
1027  2789 6569 6620 $
1028  2883 3314 3884 $
1029  2911 6879 8659 $
1030  2929 7669 8896 $
1031  2958 4600 8690 $
1032  3002 5055 8284 $
1033  3008 5015 9973 $
1034  3015 8114 8783 $
1035  3040 4469 4755 $
1036  3046 3220 7061 $
1037  3062 3660 5464 $
1038  3063 3535 9233 $
1039  3075 4436 9882 $
1040  3097 3763 3992 $
1041  3125 6107 6634 $
1042  3136 3789 6808 $
1043  3166 3190 3407 $
1044  3315 6439 8621 $
1045  3357 4955 5053 $
1046  3447 3448 6636 $
1047  3449 4588 6635 $
1048  3514 8452 9735 $
1049  3524 3777 8912 $
1050  3527 3528 3774 $
1051  3618 4558 5925 $
1052  3680 8072 10064 $
1053  3688 5024 6230 $
1054  3693 5319 6000 $
1055  3700 5735 8887 $
1056  3709 8285 8474 $
1057  3738 5254 5273 $
1058  3840 7081 8633 $
1059  3873 5397 9601 $
1060  3944 6060 7251 $
1061  3947 8851 8881 $
1062  3948 5265 7161 $
1063  3971 4019 4020 $
1064  3973 4197 7199 $
1065  3981 5423 5813 $
1066  4069 6151 6251 $
1067  4136 4189 7034 $
1068  4160 6922 7451 $
1069  4168 4746 7235 $
1070  4180 5502 7297 $
1071  4199 4646 5434 $
1072  4263 7078 10062 $
1073  4302 5930 8324 $
1074  4346 8686 9732 $
1075  4393 7160 9393 $
1076  4614 5427 5793 $
1077  4627 5871 9402 $
1078  4629 6417 9404 $
1079  4738 7806 9477 $
1080  4752 5913 10172 $
1081  4754 6996 7928 $
1082  4781 7216 8671 $
1083  4797 5136 5636 $
1084  4815 6261 6262 $
1085  4842 5082 7970 $
1086  4847 9208 9533 $
1087  4856 8872 9303 $
1088  5034 6524 9375 $
1089  5069 6596 7020 $
1090  5109 5385 5751 $
1091  5166 8382 8629 $
1092  5245 5948 6589 $
1093  5373 6425 8568 $
1094  5374 8450 9385 $
1095  5386 5750 7743 $
1096  5575 6617 8840 $
1097  5657 5658 9433 $
1098  5762 6979 7181 $
1099  5880 7693 9455 $
1100  6091 6716 6718 $
1101  6211 7446 7615 $
1102  6340 6690 7590 $
1103  6359 6360 6361 $
1104  6531 7182 8830 $
1105  6566 6914 7195 $
1106  6575 8531 10092 $
1107  6652 7110 9977 $
1108  6727 10036 10097 $
1109  6737 8688 8870 $
1110  6795 6796 6797 $
1111  6913 7032 8898 $
1112  6990 7511 9369 $
1113  7009 7037 7200 $
1114  7373 9576 9577 $
1115  7375 7878 9057 $
1116  7377 7879 9055 $
1117  7378 7880 9054 $
1118  7382 7885 9049 $
1119  7391 7893 9039 $
1120  7392 9038 9572 $
1121  7421 9768 9948 $
1122  7449 9092 9704 $
1123  7514 7856 9568 $
1124  7566 8780 8799 $
1125  7712 8441 10237 $
1126  7714 8486 8487 $
1127  7847 8228 9660 $
1128  8240 8702 9755 $
1129  8241 8703 9756 $
1130  8329 9734 10037 $
1131  8394 8907 9224 $
1132  8420 8596 9007 $
1133  8648 8716 9417 $
1134  8760 8775 8804 $
1135  8761 8774 8805 $
1136  8762 8763 8806 $
1137  8934 9541 9542 $
1138  0 5301 $
1139  10 7515 $
1140  17 5372 $
1141  19 6660 $
1142  23 10095 $
1143  25 2038 $
1144  30 5541 $
1145  31 5540 $
1146  33 5698 $
1147  40 2205 $
1148  46 5208 $
1149  47 5207 $
1150  48 5206 $
1151  50 5204 $
1152  51 5203 $
1153  55 452 $
1154  56 451 $
1155  62 4329 $
1156  64 7319 $
1157  72 2770 $
1158  75 6442 $
1159  80 1411 $
1160  85 87 $
1161  92 5133 $
1162  105 3758 $
1163  111 2315 $
1164  114 5170 $
1165  116 6838 $
1166  117 6906 $
1167  119 6673 $
1168  120 6676 $
1169  125 6387 $
1170  126 7309 $
1171  129 5764 $
1172  130 5763 $
1173  137 4453 $
1174  155 5997 $
1175  158 6288 $
1176  159 3327 $
1177  163 4762 $
1178  166 6462 $
1179  170 3333 $
1180  187 3012 $
1181  189 2148 $
1182  193 6140 $
1183  194 5757 $
1184  198 6408 $
1185  214 238 $
1186  219 1391 $
1187  220 1390 $
1188  226 1386 $
1189  227 1385 $
1190  228 1384 $
1191  229 1383 $
1192  231 1381 $
1193  233 1380 $
1194  235 1379 $
1195  240 2347 $
1196  241 1372 $
1197  242 1371 $
1198  243 1369 $
1199  244 1368 $
1200  245 1367 $
1201  246 1366 $
1202  249 4914 $
1203  252 1197 $
1204  254 5545 $
1205  275 6029 $
1206  283 2909 $
1207  284 4323 $
1208  285 5155 $
1209  292 1914 $
1210  294 3860 $
1211  295 3881 $
1212  297 3876 $
1213  299 3879 $
1214  300 3016 $
1215  301 3511 $
1216  302 6190 $
1217  317 5382 $
1218  336 1343 $
1219  337 1344 $
1220  339 2337 $
1221  340 2336 $
1222  341 2335 $
1223  342 2334 $
1224  348 352 $
1225  350 354 $
1226  360 1373 $
1227  367 8040 $
1228  374 3530 $
1229  377 3642 $
1230  399 2754 $
1231  400 5720 $
1232  405 6724 $
1233  406 6725 $
1234  412 2664 $
1235  413 6549 $
1236  417 4876 $
1237  421 9271 $
1238  426 6136 $
1239  427 6137 $
1240  439 4297 $
1241  442 6400 $
1242  444 5630 $
1243  447 8965 $
1244  449 6171 $
1245  457 5817 $
1246  458 6917 $
1247  460 5867 $
1248  461 2302 $
1249  462 6379 $
1250  466 6431 $
1251  469 4798 $
1252  491 5401 $
1253  500 6819 $
1254  504 7512 $
1255  507 5450 $
1256  514 4824 $
1257  518 3392 $
1258  519 3395 $
1259  520 3471 $
1260  521 4893 $
1261  522 4913 $
1262  525 3280 $
1263  530 9463 $
1264  537 7959 $
1265  538 6138 $
1266  545 2906 $
1267  549 9467 $
1268  551 4881 $
1269  553 5247 $
1270  556 759 $
1271  559 6366 $
1272  564 8638 $
1273  565 9141 $
1274  567 6185 $
1275  568 6186 $
1276  575 6119 $
1277  578 6122 $
1278  588 6132 $
1279  591 6318 $
1280  592 4511 $
1281  595 9666 $
1282  598 1490 $
1283  600 6999 $
1284  602 10230 $
1285  603 5051 $
1286  612 2563 $
1287  613 3245 $
1288  622 3196 $
1289  624 3194 $
1290  625 3193 $
1291  626 3192 $
1292  630 6167 $
1293  631 6166 $
1294  633 6164 $
1295  641 5642 $
1296  653 5358 $
1297  654 5357 $
1298  658 2283 $
1299  660 4942 $
1300  664 1644 $
1301  670 3024 $
1302  673 6108 $
1303  681 6269 $
1304  696 1215 $
1305  702 5253 $
1306  704 7606 $
1307  706 6562 $
1308  717 9723 $
1309  728 5177 $
1310  730 7030 $
1311  735 4128 $
1312  737 1287 $
1313  743 5998 $
1314  757 1728 $
1315  762 5702 $
1316  768 5362 $
1317  770 5360 $
1318  784 6277 $
1319  793 6242 $
1320  803 8615 $
1321  811 6870 $
1322  813 1316 $
1323  821 6936 $
1324  826 8292 $
1325  827 2482 $
1326  828 5394 $
1327  829 6430 $
1328  833 4745 $
1329  835 2641 $
1330  837 5562 $
1331  838 6475 $
1332  848 4916 $
1333  849 7080 $
1334  850 4915 $
1335  858 8356 $
1336  860 6933 $
1337  863 2622 $
1338  869 5364 $
1339  904 3718 $
1340  906 2093 $
1341  912 5767 $
1342  916 6857 $
1343  919 8427 $
1344  921 6844 $
1345  926 6987 $
1346  928 5387 $
1347  930 1121 $
1348  932 6837 $
1349  933 8497 $
1350  940 3509 $
1351  943 2313 $
1352  946 6984 $
1353  959 5022 $
1354  971 6981 $
1355  973 6966 $
1356  979 7046 $
1357  982 3334 $
1358  987 7283 $
1359  990 6519 $
1360  1001 8710 $
1361  1002 1927 $
1362  1004 2600 $
1363  1008 5710 $
1364  1009 5711 $
1365  1020 6192 $
1366  1025 4319 $
1367  1027 1847 $
1368  1039 4694 $
1369  1040 4696 $
1370  1050 6723 $
1371  1057 5655 $
1372  1065 5448 $
1373  1066 10007 $
1374  1074 2879 $
1375  1081 4447 $
1376  1090 2939 $
1377  1092 7207 $
1378  1094 5733 $
1379  1098 5744 $
1380  1100 7522 $
1381  1101 5194 $
1382  1106 3532 $
1383  1109 9319 $
1384  1110 9023 $
1385  1113 9026 $
1386  1119 6651 $
1387  1126 4685 $
1388  1127 4686 $
1389  1128 6666 $
1390  1129 3741 $
1391  1131 2574 $
1392  1132 4714 $
1393  1133 4713 $
1394  1134 4712 $
1395  1135 4711 $
1396  1136 4710 $
1397  1137 4709 $
1398  1138 4708 $
1399  1139 4707 $
1400  1143 6257 $
1401  1148 7464 $
1402  1151 5343 $
1403  1154 6778 $
1404  1162 6731 $
1405  1167 3359 $
1406  1173 8753 $
1407  1181 1786 $
1408  1204 5703 $
1409  1205 2667 $
1410  1208 5534 $
1411  1231 2300 $
1412  1236 2094 $
1413  1239 7040 $
1414  1240 7043 $
1415  1248 9722 $
1416  1249 9721 $
1417  1269 5697 $
1418  1271 2123 $
1419  1280 2682 $
1420  1284 8924 $
1421  1289 5242 $
1422  1296 2489 $
1423  1301 6997 $
1424  1311 2890 $
1425  1320 8121 $
1426  1323 9388 $
1427  1326 2586 $
1428  1328 5518 $
1429  1330 5516 $
1430  1332 5514 $
1431  1333 5521 $
1432  1334 5522 $
1433  1335 5523 $
1434  1337 5524 $
1435  1338 5525 $
1436  1342 5530 $
1437  1413 2689 $
1438  1422 3011 $
1439  1426 6476 $
1440  1427 4345 $
1441  1430 6678 $
1442  1431 1636 $
1443  1436 7225 $
1444  1442 6653 $
1445  1443 4690 $
1446  1444 4691 $
1447  1446 8119 $
1448  1448 8118 $
1449  1452 9239 $
1450  1456 3537 $
1451  1457 2256 $
1452  1463 2207 $
1453  1468 6754 $
1454  1469 6728 $
1455  1472 8272 $
1456  1473 6457 $
1457  1486 4678 $
1458  1495 2476 $
1459  1496 7044 $
1460  1504 6775 $
1461  1511 7267 $
1462  1518 4467 $
1463  1519 8160 $
1464  1525 2748 $
1465  1526 8977 $
1466  1532 6286 $
1467  1533 3489 $
1468  1535 5102 $
1469  1550 2080 $
1470  1561 8310 $
1471  1575 2308 $
1472  1577 7427 $
1473  1578 2871 $
1474  1579 4896 $
1475  1581 6884 $
1476  1583 5647 $
1477  1591 4574 $
1478  1595 2677 $
1479  1597 5577 $
1480  1598 4320 $
1481  1599 4321 $
1482  1606 8865 $
1483  1612 9848 $
1484  1625 1735 $
1485  1627 2477 $
1486  1630 2481 $
1487  1635 4510 $
1488  1638 4342 $
1489  1639 4344 $
1490  1642 7261 $
1491  1647 4832 $
1492  1649 4295 $
1493  1650 7005 $
1494  1653 6697 $
1495  1660 6961 $
1496  1661 9570 $
1497  1670 5341 $
1498  1672 5348 $
1499  1673 1688 $
1500  1675 6989 $
1501  1689 9014 $
1502  1691 6950 $
1503  1692 4257 $
1504  1693 4258 $
1505  1696 5340 $
1506  1697 5339 $
1507  1698 7226 $
1508  1702 6518 $
1509  1703 6517 $
1510  1716 4545 $
1511  1719 4924 $
1512  1758 1779 $
1513  1763 5554 $
1514  1777 2576 $
1515  1780 1781 $
1516  1799 3383 $
1517  1800 3382 $
1518  1801 4076 $
1519  1804 4083 $
1520  1821 3769 $
1521  1846 2752 $
1522  1863 1864 $
1523  1866 5904 $
1524  1879 3464 $
1525  1885 2070 $
1526  1907 3452 $
1527  1938 5785 $
1528  1946 5303 $
1529  1950 6199 $
1530  1960 2582 $
1531  1972 6946 $
1532  1977 3226 $
1533  1984 8626 $
1534  1987 8485 $
1535  2001 3210 $
1536  2005 3135 $
1537  2046 5249 $
1538  2051 5730 $
1539  2066 2067 $
1540  2084 7831 $
1541  2089 9951 $
1542  2113 2114 $
1543  2119 9876 $
1544  2120 9875 $
1545  2141 8705 $
1546  2142 10199 $
1547  2161 2194 $
1548  2168 6005 $
1549  2204 7204 $
1550  2215 2216 $
1551  2227 2234 $
1552  2238 10080 $
1553  2242 8970 $
1554  2255 6082 $
1555  2268 3218 $
1556  2281 8361 $
1557  2311 3928 $
1558  2361 2364 $
1559  2362 2365 $
1560  2363 2366 $
1561  2376 6541 $
1562  2377 2753 $
1563  2378 2741 $
1564  2380 10117 $
1565  2395 4813 $
1566  2398 4814 $
1567  2400 4812 $
1568  2406 2407 $
1569  2448 5193 $
1570  2456 2759 $
1571  2459 3892 $
1572  2460 3213 $
1573  2468 7573 $
1574  2469 3923 $
1575  2512 7603 $
1576  2513 6581 $
1577  2523 8161 $
1578  2561 5033 $
1579  2575 8706 $
1580  2583 4715 $
1581  2602 6877 $
1582  2608 4554 $
1583  2613 2614 $
1584  2619 7122 $
1585  2630 9686 $
1586  2640 7803 $
1587  2646 4401 $
1588  2649 2778 $
1589  2653 6225 $
1590  2655 4875 $
1591  2671 10075 $
1592  2674 5806 $
1593  2704 4857 $
1594  2729 8752 $
1595  2734 6687 $
1596  2740 5141 $
1597  2769 8443 $
1598  2772 9630 $
1599  2775 9627 $
1600  2776 9626 $
1601  2782 8943 $
1602  2783 7230 $
1603  2793 4468 $
1604  2804 2809 $
1605  2821 3414 $
1606  2833 10063 $
1607  2846 10190 $
1608  2852 9301 $
1609  2856 10162 $
1610  2861 3286 $
1611  2870 4138 $
1612  2884 3501 $
1613  2885 5852 $
1614  2907 3894 $
1615  2926 5742 $
1616  2970 3933 $
1617  2972 2985 $
1618  2990 2994 $
1619  2992 6234 $
1620  3009 6665 $
1621  3010 3405 $
1622  3013 7768 $
1623  3028 4518 $
1624  3034 9739 $
1625  3035 9738 $
1626  3036 9737 $
1627  3054 7334 $
1628  3066 3071 $
1629  3070 8616 $
1630  3077 4291 $
1631  3094 9412 $
1632  3110 6155 $
1633  3146 6534 $
1634  3149 5190 $
1635  3159 6942 $
1636  3163 3410 $
1637  3164 3409 $
1638  3165 3408 $
1639  3169 3420 $
1640  3177 6663 $
1641  3184 7968 $
1642  3187 4633 $
1643  3214 8306 $
1644  3242 4289 $
1645  3244 9909 $
1646  3248 4975 $
1647  3269 3272 $
1648  3270 3273 $
1649  3276 6074 $
1650  3289 5862 $
1651  3342 4366 $
1652  3350 8104 $
1653  3351 8103 $
1654  3352 8102 $
1655  3353 8106 $
1656  3361 8684 $
1657  3370 8655 $
1658  3404 6484 $
1659  3479 3669 $
1660  3480 3667 $
1661  3486 7479 $
1662  3490 3590 $
1663  3498 8411 $
1664  3525 3776 $
1665  3526 3775 $
1666  3544 7233 $
1667  3550 10192 $
1668  3552 4351 $
1669  3554 5842 $
1670  3555 5843 $
1671  3560 9118 $
1672  3577 5722 $
1673  3586 5048 $
1674  3600 4352 $
1675  3619 5926 $
1676  3620 5927 $
1677  3632 5479 $
1678  3639 4659 $
1679  3655 9174 $
1680  3675 9437 $
1681  3679 3746 $
1682  3682 5838 $
1683  3698 4006 $
1684  3728 4606 $
1685  3730 4603 $
1686  3740 5104 $
1687  3755 8740 $
1688  3779 5004 $
1689  3781 5481 $
1690  3785 6714 $
1691  3824 8543 $
1692  3858 8347 $
1693  3882 4462 $
1694  3899 4951 $
1695  3913 8210 $
1696  3931 5754 $
1697  3934 5542 $
1698  3954 4864 $
1699  3965 9775 $
1700  3972 5804 $
1701  3994 10173 $
1702  3995 7682 $
1703  3999 4002 $
1704  4000 4001 $
1705  4007 4900 $
1706  4008 6764 $
1707  4044 8892 $
1708  4046 8893 $
1709  4058 8181 $
1710  4060 7925 $
1711  4073 9104 $
1712  4109 7105 $
1713  4149 4274 $
1714  4163 4414 $
1715  4169 6510 $
1716  4173 4399 $
1717  4190 5045 $
1718  4198 7532 $
1719  4228 4232 $
1720  4269 6102 $
1721  4279 5229 $
1722  4290 7918 $
1723  4296 4508 $
1724  4312 8305 $
1725  4335 4422 $
1726  4338 7602 $
1727  4373 4374 $
1728  4379 8945 $
1729  4382 6028 $
1730  4398 7293 $
1731  4407 5882 $
1732  4430 5335 $
1733  4471 5003 $
1734  4472 4595 $
1735  4476 7113 $
1736  4500 7112 $
1737  4527 8177 $
1738  4537 7626 $
1739  4541 9976 $
1740  4565 9555 $
1741  4577 6522 $
1742  4579 4995 $
1743  4593 6818 $
1744  4599 6841 $
1745  4616 5405 $
1746  4666 7109 $
1747  4684 9904 $
1748  4687 6191 $
1749  4693 7788 $
1750  4770 4771 $
1751  4782 9098 $
1752  4786 6036 $
1753  4828 10044 $
1754  4830 5054 $
1755  4861 8882 $
1756  4862 8880 $
1757  4863 8875 $
1758  4868 8879 $
1759  4870 5266 $
1760  4874 8883 $
1761  4887 5802 $
1762  4889 8352 $
1763  4902 8920 $
1764  4911 7411 $
1765  4912 7412 $
1766  4978 8340 $
1767  4989 8357 $
1768  4993 4994 $
1769  4996 5818 $
1770  5001 6324 $
1771  5005 5006 $
1772  5010 8653 $
1773  5027 5097 $
1774  5029 5030 $
1775  5096 8862 $
1776  5098 8863 $
1777  5131 9773 $
1778  5168 8936 $
1779  5175 10039 $
1780  5184 9217 $
1781  5201 6798 $
1782  5232 5233 $
1783  5260 5263 $
1784  5262 9613 $
1785  5271 5272 $
1786  5276 5473 $
1787  5281 8209 $
1788  5295 9970 $
1789  5316 8472 $
1790  5329 5828 $
1791  5345 7139 $
1792  5346 7929 $
1793  5383 5753 $
1794  5384 5752 $
1795  5407 9091 $
1796  5449 10005 $
1797  5510 7919 $
1798  5517 9953 $
1799  5572 8520 $
1800  5585 8405 $
1801  5586 8406 $
1802  5587 8407 $
1803  5588 8408 $
1804  5599 9608 $
1805  5600 6730 $
1806  5602 8457 $
1807  5603 8458 $
1808  5604 8459 $
1809  5615 7190 $
1810  5676 8428 $
1811  5690 7575 $
1812  5694 7485 $
1813  5719 7507 $
1814  5761 6674 $
1815  5779 7132 $
1816  5782 6871 $
1817  5801 7232 $
1818  5832 7969 $
1819  5836 8148 $
1820  5841 8845 $
1821  5891 7504 $
1822  5893 8230 $
1823  5915 9599 $
1824  5917 7832 $
1825  5995 10023 $
1826  5999 9338 $
1827  6038 6407 $
1828  6053 6058 $
1829  6071 8557 $
1830  6078 9553 $
1831  6089 6628 $
1832  6103 6104 $
1833  6115 8899 $
1834  6195 7809 $
1835  6196 7808 $
1836  6200 6205 $
1837  6290 6319 $
1838  6295 7180 $
1839  6308 6312 $
1840  6335 6590 $
1841  6371 9444 $
1842  6377 7580 $
1843  6402 6591 $
1844  6440 8620 $
1845  6441 8619 $
1846  6466 9878 $
1847  6468 9877 $
1848  6501 6503 $
1849  6502 9799 $
1850  6528 9456 $
1851  6542 8192 $
1852  6544 8480 $
1853  6545 8481 $
1854  6586 9068 $
1855  6629 7821 $
1856  6632 9434 $
1857  6658 8737 $
1858  6659 7762 $
1859  6707 6715 $
1860  6739 6928 $
1861  6743 7739 $
1862  6745 9222 $
1863  6765 6767 $
1864  6769 6770 $
1865  6772 7325 $
1866  6801 8349 $
1867  6803 7085 $
1868  6804 7086 $
1869  6805 6812 $
1870  6807 8738 $
1871  6809 8350 $
1872  6830 9122 $
1873  6831 6832 $
1874  6840 9529 $
1875  6880 8661 $
1876  6924 7453 $
1877  6952 7576 $
1878  6957 9108 $
1879  6969 7578 $
1880  6970 8967 $
1881  6971 8966 $
1882  7007 9146 $
1883  7008 7154 $
1884  7042 8321 $
1885  7059 7060 $
1886  7074 10058 $
1887  7094 10191 $
1888  7136 9363 $
1889  7155 7169 $
1890  7164 7165 $
1891  7166 7168 $
1892  7177 8640 $
1893  7223 8593 $
1894  7271 9121 $
1895  7298 8398 $
1896  7343 7406 $
1897  7348 8064 $
1898  7349 9081 $
1899  7350 10122 $
1900  7351 9080 $
1901  7363 7867 $
1902  7366 7872 $
1903  7367 7874 $
1904  7370 9060 $
1905  7374 10180 $
1906  7376 9056 $
1907  7380 9052 $
1908  7384 9048 $
1909  7394 9546 $
1910  7397 7896 $
1911  7400 9034 $
1912  7403 7904 $
1913  7404 7905 $
1914  7431 10101 $
1915  7471 7767 $
1916  7534 9589 $
1917  7564 8797 $
1918  7565 8798 $
1919  7568 8778 $
1920  7604 8449 $
1921  7640 9807 $
1922  7657 8468 $
1923  7665 9256 $
1924  7711 9177 $
1925  7728 8720 $
1926  7731 7732 $
1927  7765 8577 $
1928  7766 8186 $
1929  7817 9725 $
1930  7842 9112 $
1931  7849 9838 $
1932  7850 9711 $
1933  7851 9837 $
1934  7854 9085 $
1935  7860 8061 $
1936  7884 9053 $
1937  7886 9047 $
1938  7887 9046 $
1939  7888 9045 $
1940  7890 9043 $
1941  7891 9041 $
1942  7892 9040 $
1943  7912 9585 $
1944  7913 10149 $
1945  7940 10147 $
1946  8019 8054 $
1947  8026 10130 $
1948  8122 8576 $
1949  8138 8884 $
1950  8155 9218 $
1951  8196 9027 $
1952  8197 8836 $
1953  8212 8973 $
1954  8227 8527 $
1955  8229 8623 $
1956  8275 8978 $
1957  8286 10144 $
1958  8377 9015 $
1959  8390 8758 $
1960  8414 8944 $
1961  8416 8469 $
1962  8439 8440 $
1963  8453 9093 $
1964  8511 9683 $
1965  8519 9409 $
1966  8521 9102 $
1967  8522 9729 $
1968  8524 9870 $
1969  8536 9018 $
1970  8553 10110 $
1971  8579 10018 $
1972  8586 9441 $
1973  8600 9169 $
1974  8601 9157 $
1975  8605 9168 $
1976  8651 9414 $
1977  8668 10186 $
1978  8669 8990 $
1979  8683 8815 $
1980  8687 8871 $
1981  8689 8869 $
1982  8723 8724 $
1983  8789 8802 $
1984  8885 9814 $
1985  8958 8962 $
1986  9008 9011 $
1987  9037 9574 $
1988  9065 9076 $
1989  9163 10112 $
1990  9260 9635 $
1991  9306 9307 $
1992  9334 9497 $
1993  9335 9498 $
1994  9380 9631 $
1995  9592 9595 $
1996  9678 10057 $
1997  9700 10183 $
1998  9808 9809 $
1999  9832 9836 $
2000  9852 9853 $
2001  10102 10103 $
2002  10121 10182 $
2003  10137 10138 $
2004  10216 10238 $
2005  1 $
2006  2 $
2007  3 $
2008  14 $
2009  24 $
2010  34 $
2011  35 $
2012  53 $
2013  66 $
2014  71 $
2015  74 $
2016  79 $
2017  81 $
2018  82 $
2019  83 $
2020  90 $
2021  98 $
2022  104 $
2023  107 $
2024  110 $
2025  112 $
2026  113 $
2027  133 $
2028  134 $
2029  139 $
2030  140 $
2031  142 $
2032  143 $
2033  146 $
2034  148 $
2035  149 $
2036  157 $
2037  160 $
2038  161 $
2039  171 $
2040  173 $
2041  175 $
2042  176 $
2043  177 $
2044  178 $
2045  180 $
2046  182 $
2047  183 $
2048  200 $
2049  209 $
2050  212 $
2051  213 $
2052  216 $
2053  217 $
2054  218 $
2055  221 $
2056  222 $
2057  223 $
2058  225 $
2059  230 $
2060  232 $
2061  234 $
2062  236 $
2063  239 $
2064  247 $
2065  250 $
2066  255 $
2067  256 $
2068  257 $
2069  258 $
2070  260 $
2071  263 $
2072  266 $
2073  269 $
2074  276 $
2075  277 $
2076  278 $
2077  279 $
2078  280 $
2079  282 $
2080  286 $
2081  296 $
2082  305 $
2083  318 $
2084  320 $
2085  324 $
2086  325 $
2087  330 $
2088  331 $
2089  332 $
2090  333 $
2091  334 $
2092  335 $
2093  343 $
2094  344 $
2095  345 $
2096  346 $
2097  347 $
2098  349 $
2099  351 $
2100  353 $
2101  355 $
2102  356 $
2103  357 $
2104  359 $
2105  361 $
2106  362 $
2107  363 $
2108  364 $
2109  365 $
2110  366 $
2111  368 $
2112  369 $
2113  373 $
2114  375 $
2115  376 $
2116  380 $
2117  385 $
2118  386 $
2119  387 $
2120  390 $
2121  391 $
2122  392 $
2123  396 $
2124  398 $
2125  403 $
2126  404 $
2127  415 $
2128  416 $
2129  422 $
2130  428 $
2131  436 $
2132  437 $
2133  440 $
2134  441 $
2135  453 $
2136  454 $
2137  456 $
2138  470 $
2139  471 $
2140  475 $
2141  476 $
2142  477 $
2143  478 $
2144  479 $
2145  482 $
2146  484 $
2147  485 $
2148  487 $
2149  492 $
2150  505 $
2151  515 $
2152  528 $
2153  543 $
2154  544 $
2155  550 $
2156  557 $
2157  560 $
2158  569 $
2159  570 $
2160  605 $
2161  606 $
2162  615 $
2163  616 $
2164  617 $
2165  618 $
2166  623 $
2167  632 $
2168  638 $
2169  642 $
2170  643 $
2171  646 $
2172  647 $
2173  649 $
2174  656 $
2175  657 $
2176  661 $
2177  662 $
2178  663 $
2179  665 $
2180  666 $
2181  667 $
2182  668 $
2183  669 $
2184  678 $
2185  690 $
2186  691 $
2187  703 $
2188  709 $
2189  712 $
2190  716 $
2191  718 $
2192  724 $
2193  736 $
2194  738 $
2195  744 $
2196  745 $
2197  746 $
2198  747 $
2199  750 $
2200  754 $
2201  755 $
2202  758 $
2203  760 $
2204  763 $
2205  769 $
2206  777 $
2207  778 $
2208  788 $
2209  799 $
2210  807 $
2211  823 $
2212  830 $
2213  832 $
2214  834 $
2215  836 $
2216  843 $
2217  844 $
2218  846 $
2219  851 $
2220  856 $
2221  857 $
2222  859 $
2223  871 $
2224  889 $
2225  913 $
2226  914 $
2227  923 $
2228  937 $
2229  939 $
2230  942 $
2231  947 $
2232  950 $
2233  951 $
2234  961 $
2235  962 $
2236  963 $
2237  965 $
2238  972 $
2239  974 $
2240  986 $
2241  992 $
2242  1003 $
2243  1005 $
2244  1006 $
2245  1016 $
2246  1021 $
2247  1024 $
2248  1026 $
2249  1030 $
2250  1036 $
2251  1054 $
2252  1055 $
2253  1060 $
2254  1069 $
2255  1073 $
2256  1079 $
2257  1084 $
2258  1085 $
2259  1093 $
2260  1095 $
2261  1102 $
2262  1107 $
2263  1112 $
2264  1116 $
2265  1117 $
2266  1120 $
2267  1130 $
2268  1144 $
2269  1152 $
2270  1158 $
2271  1160 $
2272  1161 $
2273  1164 $
2274  1172 $
2275  1176 $
2276  1183 $
2277  1186 $
2278  1188 $
2279  1193 $
2280  1194 $
2281  1196 $
2282  1199 $
2283  1202 $
2284  1203 $
2285  1211 $
2286  1214 $
2287  1218 $
2288  1223 $
2289  1226 $
2290  1227 $
2291  1235 $
2292  1242 $
2293  1254 $
2294  1261 $
2295  1263 $
2296  1277 $
2297  1282 $
2298  1286 $
2299  1291 $
2300  1293 $
2301  1294 $
2302  1295 $
2303  1302 $
2304  1307 $
2305  1325 $
2306  1329 $
2307  1336 $
2308  1346 $
2309  1347 $
2310  1348 $
2311  1349 $
2312  1350 $
2313  1351 $
2314  1352 $
2315  1353 $
2316  1354 $
2317  1355 $
2318  1356 $
2319  1357 $
2320  1358 $
2321  1359 $
2322  1360 $
2323  1361 $
2324  1362 $
2325  1363 $
2326  1364 $
2327  1365 $
2328  1370 $
2329  1374 $
2330  1375 $
2331  1376 $
2332  1377 $
2333  1378 $
2334  1382 $
2335  1387 $
2336  1388 $
2337  1389 $
2338  1392 $
2339  1393 $
2340  1394 $
2341  1397 $
2342  1398 $
2343  1399 $
2344  1400 $
2345  1402 $
2346  1404 $
2347  1406 $
2348  1407 $
2349  1409 $
2350  1410 $
2351  1414 $
2352  1420 $
2353  1434 $
2354  1445 $
2355  1453 $
2356  1454 $
2357  1455 $
2358  1460 $
2359  1464 $
2360  1465 $
2361  1466 $
2362  1467 $
2363  1477 $
2364  1478 $
2365  1479 $
2366  1481 $
2367  1484 $
2368  1514 $
2369  1516 $
2370  1520 $
2371  1534 $
2372  1536 $
2373  1544 $
2374  1545 $
2375  1546 $
2376  1549 $
2377  1552 $
2378  1558 $
2379  1569 $
2380  1573 $
2381  1576 $
2382  1582 $
2383  1585 $
2384  1586 $
2385  1594 $
2386  1600 $
2387  1608 $
2388  1609 $
2389  1610 $
2390  1617 $
2391  1619 $
2392  1620 $
2393  1621 $
2394  1629 $
2395  1631 $
2396  1633 $
2397  1634 $
2398  1643 $
2399  1646 $
2400  1651 $
2401  1654 $
2402  1656 $
2403  1659 $
2404  1662 $
2405  1666 $
2406  1667 $
2407  1683 $
2408  1695 $
2409  1704 $
2410  1705 $
2411  1706 $
2412  1708 $
2413  1731 $
2414  1733 $
2415  1734 $
2416  1739 $
2417  1743 $
2418  1745 $
2419  1746 $
2420  1747 $
2421  1757 $
2422  1761 $
2423  1762 $
2424  1764 $
2425  1765 $
2426  1766 $
2427  1767 $
2428  1768 $
2429  1769 $
2430  1771 $
2431  1772 $
2432  1773 $
2433  1774 $
2434  1776 $
2435  1778 $
2436  1782 $
2437  1783 $
2438  1784 $
2439  1787 $
2440  1788 $
2441  1789 $
2442  1790 $
2443  1791 $
2444  1792 $
2445  1795 $
2446  1805 $
2447  1806 $
2448  1811 $
2449  1812 $
2450  1813 $
2451  1815 $
2452  1816 $
2453  1817 $
2454  1818 $
2455  1819 $
2456  1820 $
2457  1823 $
2458  1825 $
2459  1826 $
2460  1827 $
2461  1828 $
2462  1829 $
2463  1830 $
2464  1831 $
2465  1833 $
2466  1834 $
2467  1841 $
2468  1843 $
2469  1844 $
2470  1845 $
2471  1850 $
2472  1854 $
2473  1865 $
2474  1867 $
2475  1880 $
2476  1884 $
2477  1889 $
2478  1890 $
2479  1891 $
2480  1893 $
2481  1901 $
2482  1909 $
2483  1915 $
2484  1918 $
2485  1919 $
2486  1926 $
2487  1928 $
2488  1929 $
2489  1930 $
2490  1931 $
2491  1933 $
2492  1934 $
2493  1944 $
2494  1952 $
2495  1956 $
2496  1965 $
2497  1969 $
2498  1970 $
2499  1973 $
2500  1974 $
2501  1976 $
2502  1978 $
2503  1979 $
2504  1982 $
2505  1988 $
2506  1992 $
2507  1994 $
2508  1996 $
2509  1997 $
2510  2002 $
2511  2004 $
2512  2010 $
2513  2025 $
2514  2026 $
2515  2027 $
2516  2028 $
2517  2030 $
2518  2033 $
2519  2047 $
2520  2050 $
2521  2052 $
2522  2057 $
2523  2061 $
2524  2062 $
2525  2063 $
2526  2064 $
2527  2069 $
2528  2076 $
2529  2077 $
2530  2082 $
2531  2083 $
2532  2086 $
2533  2087 $
2534  2095 $
2535  2098 $
2536  2102 $
2537  2103 $
2538  2106 $
2539  2107 $
2540  2116 $
2541  2117 $
2542  2124 $
2543  2125 $
2544  2132 $
2545  2133 $
2546  2136 $
2547  2147 $
2548  2150 $
2549  2151 $
2550  2153 $
2551  2155 $
2552  2156 $
2553  2157 $
2554  2159 $
2555  2160 $
2556  2162 $
2557  2167 $
2558  2169 $
2559  2171 $
2560  2178 $
2561  2181 $
2562  2183 $
2563  2184 $
2564  2186 $
2565  2187 $
2566  2199 $
2567  2200 $
2568  2202 $
2569  2206 $
2570  2208 $
2571  2213 $
2572  2220 $
2573  2223 $
2574  2235 $
2575  2236 $
2576  2237 $
2577  2239 $
2578  2240 $
2579  2241 $
2580  2243 $
2581  2244 $
2582  2250 $
2583  2257 $
2584  2258 $
2585  2259 $
2586  2260 $
2587  2261 $
2588  2267 $
2589  2271 $
2590  2272 $
2591  2274 $
2592  2275 $
2593  2278 $
2594  2279 $
2595  2284 $
2596  2285 $
2597  2286 $
2598  2287 $
2599  2288 $
2600  2289 $
2601  2290 $
2602  2291 $
2603  2292 $
2604  2296 $
2605  2301 $
2606  2303 $
2607  2304 $
2608  2305 $
2609  2306 $
2610  2309 $
2611  2314 $
2612  2317 $
2613  2328 $
2614  2331 $
2615  2332 $
2616  2333 $
2617  2339 $
2618  2340 $
2619  2341 $
2620  2342 $
2621  2343 $
2622  2344 $
2623  2345 $
2624  2346 $
2625  2348 $
2626  2349 $
2627  2350 $
2628  2351 $
2629  2352 $
2630  2353 $
2631  2354 $
2632  2355 $
2633  2356 $
2634  2357 $
2635  2358 $
2636  2359 $
2637  2360 $
2638  2371 $
2639  2372 $
2640  2373 $
2641  2375 $
2642  2379 $
2643  2381 $
2644  2382 $
2645  2384 $
2646  2388 $
2647  2389 $
2648  2390 $
2649  2391 $
2650  2397 $
2651  2401 $
2652  2402 $
2653  2409 $
2654  2414 $
2655  2415 $
2656  2416 $
2657  2418 $
2658  2420 $
2659  2425 $
2660  2430 $
2661  2432 $
2662  2433 $
2663  2434 $
2664  2435 $
2665  2436 $
2666  2437 $
2667  2438 $
2668  2439 $
2669  2440 $
2670  2441 $
2671  2442 $
2672  2443 $
2673  2444 $
2674  2445 $
2675  2446 $
2676  2447 $
2677  2449 $
2678  2450 $
2679  2452 $
2680  2453 $
2681  2454 $
2682  2455 $
2683  2458 $
2684  2466 $
2685  2470 $
2686  2471 $
2687  2480 $
2688  2486 $
2689  2490 $
2690  2493 $
2691  2495 $
2692  2499 $
2693  2504 $
2694  2505 $
2695  2509 $
2696  2510 $
2697  2515 $
2698  2516 $
2699  2517 $
2700  2519 $
2701  2520 $
2702  2521 $
2703  2522 $
2704  2525 $
2705  2529 $
2706  2531 $
2707  2535 $
2708  2537 $
2709  2538 $
2710  2539 $
2711  2540 $
2712  2543 $
2713  2544 $
2714  2555 $
2715  2560 $
2716  2562 $
2717  2567 $
2718  2568 $
2719  2569 $
2720  2572 $
2721  2573 $
2722  2579 $
2723  2584 $
2724  2585 $
2725  2588 $
2726  2589 $
2727  2595 $
2728  2598 $
2729  2611 $
2730  2616 $
2731  2617 $
2732  2618 $
2733  2624 $
2734  2625 $
2735  2626 $
2736  2627 $
2737  2628 $
2738  2629 $
2739  2631 $
2740  2632 $
2741  2633 $
2742  2634 $
2743  2636 $
2744  2638 $
2745  2639 $
2746  2642 $
2747  2643 $
2748  2654 $
2749  2656 $
2750  2657 $
2751  2658 $
2752  2660 $
2753  2663 $
2754  2665 $
2755  2666 $
2756  2669 $
2757  2672 $
2758  2676 $
2759  2688 $
2760  2691 $
2761  2694 $
2762  2697 $
2763  2698 $
2764  2699 $
2765  2701 $
2766  2705 $
2767  2706 $
2768  2713 $
2769  2715 $
2770  2721 $
2771  2726 $
2772  2728 $
2773  2732 $
2774  2735 $
2775  2743 $
2776  2746 $
2777  2747 $
2778  2755 $
2779  2757 $
2780  2760 $
2781  2761 $
2782  2763 $
2783  2767 $
2784  2780 $
2785  2781 $
2786  2786 $
2787  2792 $
2788  2794 $
2789  2796 $
2790  2800 $
2791  2801 $
2792  2803 $
2793  2805 $
2794  2807 $
2795  2808 $
2796  2810 $
2797  2811 $
2798  2812 $
2799  2813 $
2800  2817 $
2801  2818 $
2802  2819 $
2803  2820 $
2804  2822 $
2805  2823 $
2806  2828 $
2807  2829 $
2808  2831 $
2809  2832 $
2810  2834 $
2811  2835 $
2812  2838 $
2813  2840 $
2814  2843 $
2815  2847 $
2816  2849 $
2817  2850 $
2818  2851 $
2819  2857 $
2820  2865 $
2821  2866 $
2822  2868 $
2823  2869 $
2824  2877 $
2825  2880 $
2826  2882 $
2827  2886 $
2828  2892 $
2829  2894 $
2830  2895 $
2831  2910 $
2832  2912 $
2833  2917 $
2834  2920 $
2835  2921 $
2836  2923 $
2837  2928 $
2838  2930 $
2839  2932 $
2840  2935 $
2841  2937 $
2842  2944 $
2843  2945 $
2844  2947 $
2845  2951 $
2846  2959 $
2847  2961 $
2848  2962 $
2849  2966 $
2850  2967 $
2851  2969 $
2852  2976 $
2853  2980 $
2854  2989 $
2855  2991 $
2856  2993 $
2857  2995 $
2858  2996 $
2859  2997 $
2860  2998 $
2861  3004 $
2862  3006 $
2863  3021 $
2864  3022 $
2865  3023 $
2866  3025 $
2867  3027 $
2868  3031 $
2869  3037 $
2870  3041 $
2871  3042 $
2872  3044 $
2873  3049 $
2874  3050 $
2875  3060 $
2876  3064 $
2877  3065 $
2878  3067 $
2879  3068 $
2880  3072 $
2881  3073 $
2882  3074 $
2883  3076 $
2884  3083 $
2885  3085 $
2886  3086 $
2887  3087 $
2888  3088 $
2889  3089 $
2890  3092 $
2891  3093 $
2892  3095 $
2893  3098 $
2894  3100 $
2895  3102 $
2896  3104 $
2897  3105 $
2898  3109 $
2899  3111 $
2900  3112 $
2901  3115 $
2902  3118 $
2903  3119 $
2904  3121 $
2905  3123 $
2906  3129 $
2907  3131 $
2908  3137 $
2909  3141 $
2910  3143 $
2911  3144 $
2912  3148 $
2913  3151 $
2914  3157 $
2915  3158 $
2916  3160 $
2917  3161 $
2918  3162 $
2919  3170 $
2920  3172 $
2921  3174 $
2922  3180 $
2923  3182 $
2924  3185 $
2925  3188 $
2926  3191 $
2927  3195 $
2928  3200 $
2929  3202 $
2930  3203 $
2931  3204 $
2932  3208 $
2933  3209 $
2934  3211 $
2935  3212 $
2936  3216 $
2937  3223 $
2938  3227 $
2939  3230 $
2940  3231 $
2941  3232 $
2942  3233 $
2943  3234 $
2944  3235 $
2945  3239 $
2946  3247 $
2947  3253 $
2948  3262 $
2949  3263 $
2950  3264 $
2951  3265 $
2952  3267 $
2953  3275 $
2954  3277 $
2955  3288 $
2956  3290 $
2957  3291 $
2958  3292 $
2959  3294 $
2960  3295 $
2961  3296 $
2962  3297 $
2963  3298 $
2964  3299 $
2965  3308 $
2966  3309 $
2967  3311 $
2968  3312 $
2969  3321 $
2970  3322 $
2971  3323 $
2972  3329 $
2973  3332 $
2974  3338 $
2975  3341 $
2976  3349 $
2977  3355 $
2978  3356 $
2979  3358 $
2980  3360 $
2981  3362 $
2982  3367 $
2983  3369 $
2984  3373 $
2985  3376 $
2986  3381 $
2987  3389 $
2988  3390 $
2989  3393 $
2990  3396 $
2991  3397 $
2992  3400 $
2993  3401 $
2994  3402 $
2995  3403 $
2996  3411 $
2997  3412 $
2998  3413 $
2999  3415 $
3000  3416 $
3001  3417 $
3002  3418 $
3003  3419 $
3004  3421 $
3005  3422 $
3006  3423 $
3007  3424 $
3008  3425 $
3009  3426 $
3010  3427 $
3011  3428 $
3012  3429 $
3013  3431 $
3014  3432 $
3015  3434 $
3016  3435 $
3017  3436 $
3018  3437 $
3019  3438 $
3020  3439 $
3021  3440 $
3022  3441 $
3023  3442 $
3024  3445 $
3025  3446 $
3026  3450 $
3027  3451 $
3028  3457 $
3029  3458 $
3030  3459 $
3031  3460 $
3032  3461 $
3033  3462 $
3034  3463 $
3035  3465 $
3036  3466 $
3037  3472 $
3038  3473 $
3039  3474 $
3040  3482 $
3041  3483 $
3042  3484 $
3043  3487 $
3044  3488 $
3045  3491 $
3046  3492 $
3047  3502 $
3048  3503 $
3049  3505 $
3050  3507 $
3051  3508 $
3052  3531 $
3053  3534 $
3054  3536 $
3055  3542 $
3056  3546 $
3057  3547 $
3058  3548 $
3059  3551 $
3060  3556 $
3061  3557 $
3062  3558 $
3063  3561 $
3064  3562 $
3065  3563 $
3066  3565 $
3067  3566 $
3068  3569 $
3069  3574 $
3070  3575 $
3071  3582 $
3072  3583 $
3073  3584 $
3074  3587 $
3075  3589 $
3076  3591 $
3077  3595 $
3078  3596 $
3079  3603 $
3080  3604 $
3081  3605 $
3082  3606 $
3083  3608 $
3084  3609 $
3085  3611 $
3086  3612 $
3087  3613 $
3088  3614 $
3089  3622 $
3090  3623 $
3091  3629 $
3092  3630 $
3093  3631 $
3094  3637 $
3095  3640 $
3096  3641 $
3097  3645 $
3098  3648 $
3099  3650 $
3100  3651 $
3101  3652 $
3102  3658 $
3103  3668 $
3104  3670 $
3105  3671 $
3106  3672 $
3107  3673 $
3108  3674 $
3109  3676 $
3110  3681 $
3111  3683 $
3112  3684 $
3113  3685 $
3114  3686 $
3115  3689 $
3116  3690 $
3117  3691 $
3118  3697 $
3119  3699 $
3120  3701 $
3121  3702 $
3122  3703 $
3123  3704 $
3124  3705 $
3125  3706 $
3126  3710 $
3127  3711 $
3128  3720 $
3129  3724 $
3130  3725 $
3131  3732 $
3132  3737 $
3133  3742 $
3134  3743 $
3135  3745 $
3136  3747 $
3137  3749 $
3138  3752 $
3139  3753 $
3140  3754 $
3141  3760 $
3142  3762 $
3143  3765 $
3144  3768 $
3145  3780 $
3146  3782 $
3147  3791 $
3148  3797 $
3149  3801 $
3150  3803 $
3151  3804 $
3152  3811 $
3153  3815 $
3154  3818 $
3155  3820 $
3156  3823 $
3157  3825 $
3158  3832 $
3159  3833 $
3160  3836 $
3161  3838 $
3162  3841 $
3163  3842 $
3164  3843 $
3165  3844 $
3166  3847 $
3167  3850 $
3168  3851 $
3169  3852 $
3170  3853 $
3171  3854 $
3172  3855 $
3173  3856 $
3174  3857 $
3175  3859 $
3176  3861 $
3177  3862 $
3178  3865 $
3179  3866 $
3180  3867 $
3181  3872 $
3182  3877 $
3183  3883 $
3184  3885 $
3185  3886 $
3186  3887 $
3187  3888 $
3188  3889 $
3189  3890 $
3190  3891 $
3191  3896 $
3192  3897 $
3193  3898 $
3194  3900 $
3195  3901 $
3196  3902 $
3197  3903 $
3198  3905 $
3199  3906 $
3200  3907 $
3201  3909 $
3202  3917 $
3203  3921 $
3204  3924 $
3205  3925 $
3206  3926 $
3207  3927 $
3208  3932 $
3209  3937 $
3210  3938 $
3211  3939 $
3212  3940 $
3213  3941 $
3214  3942 $
3215  3946 $
3216  3950 $
3217  3951 $
3218  3952 $
3219  3953 $
3220  3956 $
3221  3958 $
3222  3960 $
3223  3961 $
3224  3963 $
3225  3967 $
3226  3969 $
3227  3970 $
3228  3976 $
3229  3977 $
3230  3980 $
3231  3990 $
3232  3998 $
3233  4003 $
3234  4004 $
3235  4009 $
3236  4013 $
3237  4016 $
3238  4017 $
3239  4025 $
3240  4027 $
3241  4029 $
3242  4034 $
3243  4036 $
3244  4037 $
3245  4047 $
3246  4052 $
3247  4054 $
3248  4061 $
3249  4074 $
3250  4078 $
3251  4080 $
3252  4084 $
3253  4088 $
3254  4090 $
3255  4091 $
3256  4093 $
3257  4096 $
3258  4097 $
3259  4100 $
3260  4102 $
3261  4108 $
3262  4111 $
3263  4112 $
3264  4113 $
3265  4119 $
3266  4120 $
3267  4121 $
3268  4123 $
3269  4124 $
3270  4125 $
3271  4127 $
3272  4129 $
3273  4130 $
3274  4131 $
3275  4142 $
3276  4144 $
3277  4148 $
3278  4151 $
3279  4153 $
3280  4154 $
3281  4155 $
3282  4156 $
3283  4157 $
3284  4165 $
3285  4166 $
3286  4167 $
3287  4170 $
3288  4171 $
3289  4172 $
3290  4174 $
3291  4176 $
3292  4179 $
3293  4185 $
3294  4191 $
3295  4200 $
3296  4201 $
3297  4202 $
3298  4205 $
3299  4211 $
3300  4213 $
3301  4214 $
3302  4216 $
3303  4218 $
3304  4219 $
3305  4221 $
3306  4223 $
3307  4224 $
3308  4230 $
3309  4245 $
3310  4246 $
3311  4252 $
3312  4253 $
3313  4254 $
3314  4255 $
3315  4256 $
3316  4259 $
3317  4264 $
3318  4270 $
3319  4275 $
3320  4277 $
3321  4280 $
3322  4281 $
3323  4283 $
3324  4284 $
3325  4285 $
3326  4294 $
3327  4308 $
3328  4317 $
3329  4318 $
3330  4322 $
3331  4325 $
3332  4332 $
3333  4333 $
3334  4336 $
3335  4339 $
3336  4347 $
3337  4348 $
3338  4349 $
3339  4350 $
3340  4353 $
3341  4354 $
3342  4355 $
3343  4357 $
3344  4358 $
3345  4359 $
3346  4360 $
3347  4361 $
3348  4362 $
3349  4363 $
3350  4364 $
3351  4370 $
3352  4375 $
3353  4376 $
3354  4377 $
3355  4378 $
3356  4381 $
3357  4383 $
3358  4384 $
3359  4385 $
3360  4386 $
3361  4387 $
3362  4388 $
3363  4389 $
3364  4397 $
3365  4404 $
3366  4410 $
3367  4412 $
3368  4417 $
3369  4418 $
3370  4420 $
3371  4423 $
3372  4434 $
3373  4435 $
3374  4438 $
3375  4439 $
3376  4440 $
3377  4443 $
3378  4444 $
3379  4445 $
3380  4446 $
3381  4451 $
3382  4452 $
3383  4461 $
3384  4464 $
3385  4465 $
3386  4470 $
3387  4474 $
3388  4478 $
3389  4479 $
3390  4480 $
3391  4483 $
3392  4487 $
3393  4488 $
3394  4489 $
3395  4490 $
3396  4493 $
3397  4494 $
3398  4495 $
3399  4496 $
3400  4497 $
3401  4498 $
3402  4499 $
3403  4501 $
3404  4504 $
3405  4505 $
3406  4506 $
3407  4507 $
3408  4509 $
3409  4512 $
3410  4514 $
3411  4516 $
3412  4519 $
3413  4520 $
3414  4522 $
3415  4523 $
3416  4526 $
3417  4529 $
3418  4531 $
3419  4532 $
3420  4534 $
3421  4535 $
3422  4538 $
3423  4544 $
3424  4546 $
3425  4547 $
3426  4557 $
3427  4559 $
3428  4560 $
3429  4567 $
3430  4568 $
3431  4569 $
3432  4570 $
3433  4571 $
3434  4573 $
3435  4575 $
3436  4576 $
3437  4578 $
3438  4581 $
3439  4583 $
3440  4584 $
3441  4586 $
3442  4587 $
3443  4589 $
3444  4598 $
3445  4601 $
3446  4607 $
3447  4609 $
3448  4610 $
3449  4613 $
3450  4617 $
3451  4620 $
3452  4621 $
3453  4622 $
3454  4623 $
3455  4624 $
3456  4625 $
3457  4630 $
3458  4634 $
3459  4642 $
3460  4643 $
3461  4650 $
3462  4652 $
3463  4654 $
3464  4655 $
3465  4656 $
3466  4661 $
3467  4662 $
3468  4665 $
3469  4667 $
3470  4668 $
3471  4669 $
3472  4670 $
3473  4671 $
3474  4675 $
3475  4679 $
3476  4688 $
3477  4695 $
3478  4697 $
3479  4700 $
3480  4704 $
3481  4716 $
3482  4718 $
3483  4719 $
3484  4723 $
3485  4724 $
3486  4725 $
3487  4727 $
3488  4730 $
3489  4731 $
3490  4733 $
3491  4736 $
3492  4737 $
3493  4747 $
3494  4748 $
3495  4751 $
3496  4756 $
3497  4757 $
3498  4764 $
3499  4766 $
3500  4767 $
3501  4769 $
3502  4772 $
3503  4773 $
3504  4775 $
3505  4776 $
3506  4777 $
3507  4778 $
3508  4779 $
3509  4780 $
3510  4783 $
3511  4784 $
3512  4787 $
3513  4788 $
3514  4789 $
3515  4790 $
3516  4791 $
3517  4794 $
3518  4795 $
3519  4799 $
3520  4800 $
3521  4802 $
3522  4804 $
3523  4805 $
3524  4806 $
3525  4810 $
3526  4811 $
3527  4819 $
3528  4821 $
3529  4825 $
3530  4840 $
3531  4841 $
3532  4845 $
3533  4865 $
3534  4869 $
3535  4871 $
3536  4873 $
3537  4883 $
3538  4888 $
3539  4892 $
3540  4904 $
3541  4907 $
3542  4908 $
3543  4910 $
3544  4917 $
3545  4919 $
3546  4921 $
3547  4923 $
3548  4927 $
3549  4928 $
3550  4930 $
3551  4931 $
3552  4932 $
3553  4933 $
3554  4935 $
3555  4936 $
3556  4938 $
3557  4944 $
3558  4945 $
3559  4948 $
3560  4949 $
3561  4952 $
3562  4957 $
3563  4959 $
3564  4961 $
3565  4964 $
3566  4965 $
3567  4973 $
3568  4974 $
3569  4984 $
3570  4987 $
3571  4988 $
3572  4990 $
3573  4992 $
3574  4998 $
3575  5002 $
3576  5007 $
3577  5012 $
3578  5020 $
3579  5021 $
3580  5028 $
3581  5031 $
3582  5032 $
3583  5036 $
3584  5037 $
3585  5040 $
3586  5046 $
3587  5049 $
3588  5052 $
3589  5056 $
3590  5059 $
3591  5061 $
3592  5064 $
3593  5065 $
3594  5066 $
3595  5067 $
3596  5068 $
3597  5071 $
3598  5073 $
3599  5075 $
3600  5076 $
3601  5077 $
3602  5079 $
3603  5081 $
3604  5083 $
3605  5084 $
3606  5085 $
3607  5086 $
3608  5087 $
3609  5088 $
3610  5089 $
3611  5090 $
3612  5091 $
3613  5092 $
3614  5093 $
3615  5094 $
3616  5099 $
3617  5100 $
3618  5101 $
3619  5105 $
3620  5106 $
3621  5107 $
3622  5110 $
3623  5113 $
3624  5117 $
3625  5121 $
3626  5125 $
3627  5127 $
3628  5128 $
3629  5129 $
3630  5132 $
3631  5146 $
3632  5150 $
3633  5153 $
3634  5154 $
3635  5160 $
3636  5165 $
3637  5167 $
3638  5174 $
3639  5178 $
3640  5182 $
3641  5183 $
3642  5185 $
3643  5188 $
3644  5192 $
3645  5197 $
3646  5198 $
3647  5199 $
3648  5202 $
3649  5210 $
3650  5211 $
3651  5215 $
3652  5216 $
3653  5217 $
3654  5219 $
3655  5221 $
3656  5224 $
3657  5234 $
3658  5241 $
3659  5244 $
3660  5250 $
3661  5251 $
3662  5255 $
3663  5256 $
3664  5257 $
3665  5258 $
3666  5259 $
3667  5261 $
3668  5264 $
3669  5267 $
3670  5268 $
3671  5269 $
3672  5270 $
3673  5277 $
3674  5286 $
3675  5290 $
3676  5291 $
3677  5293 $
3678  5299 $
3679  5320 $
3680  5325 $
3681  5326 $
3682  5327 $
3683  5328 $
3684  5330 $
3685  5332 $
3686  5333 $
3687  5338 $
3688  5361 $
3689  5375 $
3690  5376 $
3691  5377 $
3692  5380 $
3693  5388 $
3694  5389 $
3695  5393 $
3696  5395 $
3697  5396 $
3698  5398 $
3699  5402 $
3700  5408 $
3701  5410 $
3702  5411 $
3703  5412 $
3704  5413 $
3705  5418 $
3706  5425 $
3707  5428 $
3708  5429 $
3709  5432 $
3710  5433 $
3711  5435 $
3712  5437 $
3713  5439 $
3714  5440 $
3715  5441 $
3716  5442 $
3717  5443 $
3718  5444 $
3719  5445 $
3720  5447 $
3721  5452 $
3722  5453 $
3723  5460 $
3724  5463 $
3725  5465 $
3726  5467 $
3727  5469 $
3728  5472 $
3729  5478 $
3730  5485 $
3731  5488 $
3732  5492 $
3733  5493 $
3734  5497 $
3735  5498 $
3736  5499 $
3737  5501 $
3738  5504 $
3739  5505 $
3740  5506 $
3741  5507 $
3742  5509 $
3743  5513 $
3744  5532 $
3745  5539 $
3746  5546 $
3747  5548 $
3748  5549 $
3749  5550 $
3750  5551 $
3751  5553 $
3752  5555 $
3753  5556 $
3754  5560 $
3755  5561 $
3756  5563 $
3757  5564 $
3758  5565 $
3759  5567 $
3760  5568 $
3761  5569 $
3762  5570 $
3763  5581 $
3764  5582 $
3765  5593 $
3766  5594 $
3767  5597 $
3768  5598 $
3769  5601 $
3770  5618 $
3771  5619 $
3772  5620 $
3773  5621 $
3774  5622 $
3775  5623 $
3776  5624 $
3777  5625 $
3778  5626 $
3779  5632 $
3780  5641 $
3781  5653 $
3782  5654 $
3783  5656 $
3784  5662 $
3785  5664 $
3786  5665 $
3787  5668 $
3788  5669 $
3789  5671 $
3790  5672 $
3791  5673 $
3792  5675 $
3793  5677 $
3794  5679 $
3795  5682 $
3796  5689 $
3797  5691 $
3798  5692 $
3799  5699 $
3800  5701 $
3801  5704 $
3802  5723 $
3803  5725 $
3804  5727 $
3805  5729 $
3806  5731 $
3807  5732 $
3808  5736 $
3809  5737 $
3810  5738 $
3811  5741 $
3812  5743 $
3813  5745 $
3814  5746 $
3815  5747 $
3816  5759 $
3817  5771 $
3818  5772 $
3819  5773 $
3820  5774 $
3821  5775 $
3822  5776 $
3823  5777 $
3824  5780 $
3825  5784 $
3826  5789 $
3827  5794 $
3828  5800 $
3829  5803 $
3830  5805 $
3831  5808 $
3832  5811 $
3833  5812 $
3834  5816 $
3835  5820 $
3836  5824 $
3837  5827 $
3838  5829 $
3839  5830 $
3840  5831 $
3841  5837 $
3842  5840 $
3843  5853 $
3844  5854 $
3845  5856 $
3846  5859 $
3847  5861 $
3848  5863 $
3849  5872 $
3850  5874 $
3851  5877 $
3852  5888 $
3853  5894 $
3854  5895 $
3855  5896 $
3856  5918 $
3857  5922 $
3858  5933 $
3859  5937 $
3860  5943 $
3861  5991 $
3862  5992 $
3863  6002 $
3864  6004 $
3865  6007 $
3866  6008 $
3867  6009 $
3868  6010 $
3869  6011 $
3870  6012 $
3871  6013 $
3872  6014 $
3873  6016 $
3874  6018 $
3875  6019 $
3876  6021 $
3877  6025 $
3878  6026 $
3879  6030 $
3880  6031 $
3881  6032 $
3882  6033 $
3883  6034 $
3884  6037 $
3885  6039 $
3886  6040 $
3887  6046 $
3888  6048 $
3889  6050 $
3890  6051 $
3891  6059 $
3892  6061 $
3893  6062 $
3894  6063 $
3895  6066 $
3896  6067 $
3897  6070 $
3898  6072 $
3899  6073 $
3900  6075 $
3901  6077 $
3902  6081 $
3903  6083 $
3904  6084 $
3905  6085 $
3906  6086 $
3907  6090 $
3908  6092 $
3909  6095 $
3910  6097 $
3911  6100 $
3912  6101 $
3913  6105 $
3914  6112 $
3915  6118 $
3916  6142 $
3917  6143 $
3918  6144 $
3919  6150 $
3920  6153 $
3921  6154 $
3922  6156 $
3923  6165 $
3924  6172 $
3925  6173 $
3926  6175 $
3927  6180 $
3928  6182 $
3929  6183 $
3930  6184 $
3931  6189 $
3932  6197 $
3933  6201 $
3934  6202 $
3935  6203 $
3936  6204 $
3937  6208 $
3938  6228 $
3939  6229 $
3940  6231 $
3941  6232 $
3942  6236 $
3943  6237 $
3944  6240 $
3945  6243 $
3946  6244 $
3947  6245 $
3948  6247 $
3949  6248 $
3950  6249 $
3951  6263 $
3952  6264 $
3953  6265 $
3954  6266 $
3955  6267 $
3956  6276 $
3957  6282 $
3958  6285 $
3959  6287 $
3960  6289 $
3961  6291 $
3962  6292 $
3963  6296 $
3964  6297 $
3965  6298 $
3966  6299 $
3967  6302 $
3968  6304 $
3969  6315 $
3970  6317 $
3971  6320 $
3972  6322 $
3973  6323 $
3974  6325 $
3975  6329 $
3976  6330 $
3977  6341 $
3978  6342 $
3979  6343 $
3980  6346 $
3981  6348 $
3982  6349 $
3983  6350 $
3984  6351 $
3985  6352 $
3986  6353 $
3987  6354 $
3988  6355 $
3989  6362 $
3990  6363 $
3991  6364 $
3992  6365 $
3993  6369 $
3994  6370 $
3995  6372 $
3996  6378 $
3997  6388 $
3998  6390 $
3999  6391 $
4000  6392 $
4001  6394 $
4002  6395 $
4003  6396 $
4004  6397 $
4005  6401 $
4006  6403 $
4007  6409 $
4008  6411 $
4009  6412 $
4010  6413 $
4011  6414 $
4012  6415 $
4013  6416 $
4014  6419 $
4015  6421 $
4016  6422 $
4017  6423 $
4018  6424 $
4019  6427 $
4020  6428 $
4021  6434 $
4022  6444 $
4023  6445 $
4024  6448 $
4025  6464 $
4026  6477 $
4027  6483 $
4028  6485 $
4029  6490 $
4030  6492 $
4031  6495 $
4032  6496 $
4033  6499 $
4034  6504 $
4035  6505 $
4036  6508 $
4037  6509 $
4038  6511 $
4039  6513 $
4040  6525 $
4041  6526 $
4042  6527 $
4043  6529 $
4044  6530 $
4045  6532 $
4046  6533 $
4047  6535 $
4048  6537 $
4049  6547 $
4050  6551 $
4051  6558 $
4052  6560 $
4053  6573 $
4054  6578 $
4055  6580 $
4056  6582 $
4057  6583 $
4058  6584 $
4059  6585 $
4060  6587 $
4061  6588 $
4062  6593 $
4063  6597 $
4064  6600 $
4065  6603 $
4066  6625 $
4067  6626 $
4068  6627 $
4069  6630 $
4070  6631 $
4071  6637 $
4072  6642 $
4073  6648 $
4074  6649 $
4075  6664 $
4076  6667 $
4077  6670 $
4078  6671 $
4079  6672 $
4080  6675 $
4081  6677 $
4082  6679 $
4083  6681 $
4084  6682 $
4085  6701 $
4086  6702 $
4087  6708 $
4088  6710 $
4089  6711 $
4090  6712 $
4091  6717 $
4092  6732 $
4093  6733 $
4094  6735 $
4095  6740 $
4096  6742 $
4097  6746 $
4098  6750 $
4099  6751 $
4100  6752 $
4101  6761 $
4102  6771 $
4103  6773 $
4104  6774 $
4105  6776 $
4106  6782 $
4107  6784 $
4108  6786 $
4109  6787 $
4110  6789 $
4111  6790 $
4112  6800 $
4113  6802 $
4114  6810 $
4115  6811 $
4116  6813 $
4117  6816 $
4118  6817 $
4119  6821 $
4120  6822 $
4121  6823 $
4122  6824 $
4123  6829 $
4124  6835 $
4125  6845 $
4126  6853 $
4127  6855 $
4128  6860 $
4129  6865 $
4130  6872 $
4131  6873 $
4132  6883 $
4133  6886 $
4134  6887 $
4135  6890 $
4136  6891 $
4137  6892 $
4138  6893 $
4139  6900 $
4140  6903 $
4141  6907 $
4142  6912 $
4143  6920 $
4144  6929 $
4145  6931 $
4146  6934 $
4147  6935 $
4148  6938 $
4149  6951 $
4150  6956 $
4151  6960 $
4152  6962 $
4153  6964 $
4154  6965 $
4155  6967 $
4156  6968 $
4157  6973 $
4158  6974 $
4159  6978 $
4160  6980 $
4161  6982 $
4162  6983 $
4163  6985 $
4164  6988 $
4165  6994 $
4166  6995 $
4167  6998 $
4168  7001 $
4169  7006 $
4170  7014 $
4171  7015 $
4172  7016 $
4173  7019 $
4174  7027 $
4175  7031 $
4176  7035 $
4177  7036 $
4178  7039 $
4179  7049 $
4180  7052 $
4181  7056 $
4182  7057 $
4183  7058 $
4184  7062 $
4185  7066 $
4186  7068 $
4187  7090 $
4188  7096 $
4189  7100 $
4190  7102 $
4191  7104 $
4192  7106 $
4193  7108 $
4194  7111 $
4195  7114 $
4196  7115 $
4197  7116 $
4198  7117 $
4199  7118 $
4200  7121 $
4201  7123 $
4202  7126 $
4203  7128 $
4204  7133 $
4205  7144 $
4206  7150 $
4207  7153 $
4208  7156 $
4209  7173 $
4210  7175 $
4211  7184 $
4212  7186 $
4213  7187 $
4214  7189 $
4215  7191 $
4216  7197 $
4217  7203 $
4218  7205 $
4219  7208 $
4220  7211 $
4221  7217 $
4222  7218 $
4223  7222 $
4224  7224 $
4225  7229 $
4226  7236 $
4227  7237 $
4228  7240 $
4229  7242 $
4230  7243 $
4231  7246 $
4232  7248 $
4233  7250 $
4234  7252 $
4235  7255 $
4236  7270 $
4237  7275 $
4238  7280 $
4239  7284 $
4240  7285 $
4241  7289 $
4242  7290 $
4243  7292 $
4244  7296 $
4245  7300 $
4246  7301 $
4247  7302 $
4248  7303 $
4249  7304 $
4250  7306 $
4251  7308 $
4252  7314 $
4253  7315 $
4254  7316 $
4255  7317 $
4256  7318 $
4257  7322 $
4258  7326 $
4259  7331 $
4260  7332 $
4261  7336 $
4262  7338 $
4263  7339 $
4264  7340 $
4265  7341 $
4266  7346 $
4267  7352 $
4268  7353 $
4269  7354 $
4270  7355 $
4271  7357 $
4272  7358 $
4273  7359 $
4274  7360 $
4275  7361 $
4276  7362 $
4277  7364 $
4278  7365 $
4279  7368 $
4280  7369 $
4281  7371 $
4282  7372 $
4283  7379 $
4284  7383 $
4285  7385 $
4286  7386 $
4287  7387 $
4288  7388 $
4289  7389 $
4290  7390 $
4291  7393 $
4292  7395 $
4293  7396 $
4294  7398 $
4295  7399 $
4296  7401 $
4297  7402 $
4298  7413 $
4299  7417 $
4300  7418 $
4301  7419 $
4302  7424 $
4303  7425 $
4304  7426 $
4305  7429 $
4306  7430 $
4307  7432 $
4308  7434 $
4309  7442 $
4310  7447 $
4311  7448 $
4312  7452 $
4313  7455 $
4314  7456 $
4315  7457 $
4316  7458 $
4317  7459 $
4318  7463 $
4319  7465 $
4320  7473 $
4321  7476 $
4322  7480 $
4323  7482 $
4324  7486 $
4325  7487 $
4326  7488 $
4327  7490 $
4328  7496 $
4329  7500 $
4330  7502 $
4331  7506 $
4332  7513 $
4333  7517 $
4334  7518 $
4335  7524 $
4336  7525 $
4337  7527 $
4338  7530 $
4339  7533 $
4340  7538 $
4341  7552 $
4342  7555 $
4343  7557 $
4344  7559 $
4345  7560 $
4346  7561 $
4347  7562 $
4348  7569 $
4349  7574 $
4350  7577 $
4351  7579 $
4352  7584 $
4353  7585 $
4354  7586 $
4355  7592 $
4356  7593 $
4357  7594 $
4358  7600 $
4359  7611 $
4360  7613 $
4361  7614 $
4362  7616 $
4363  7620 $
4364  7624 $
4365  7625 $
4366  7629 $
4367  7630 $
4368  7632 $
4369  7635 $
4370  7638 $
4371  7639 $
4372  7641 $
4373  7642 $
4374  7644 $
4375  7647 $
4376  7649 $
4377  7650 $
4378  7651 $
4379  7654 $
4380  7655 $
4381  7656 $
4382  7658 $
4383  7660 $
4384  7661 $
4385  7663 $
4386  7670 $
4387  7671 $
4388  7673 $
4389  7674 $
4390  7675 $
4391  7680 $
4392  7684 $
4393  7685 $
4394  7686 $
4395  7687 $
4396  7689 $
4397  7690 $
4398  7692 $
4399  7694 $
4400  7698 $
4401  7699 $
4402  7701 $
4403  7703 $
4404  7704 $
4405  7705 $
4406  7706 $
4407  7707 $
4408  7708 $
4409  7709 $
4410  7710 $
4411  7713 $
4412  7717 $
4413  7724 $
4414  7725 $
4415  7726 $
4416  7729 $
4417  7730 $
4418  7735 $
4419  7736 $
4420  7737 $
4421  7738 $
4422  7740 $
4423  7741 $
4424  7742 $
4425  7745 $
4426  7746 $
4427  7748 $
4428  7749 $
4429  7751 $
4430  7752 $
4431  7753 $
4432  7754 $
4433  7756 $
4434  7758 $
4435  7759 $
4436  7760 $
4437  7764 $
4438  7770 $
4439  7771 $
4440  7772 $
4441  7774 $
4442  7776 $
4443  7777 $
4444  7779 $
4445  7780 $
4446  7783 $
4447  7784 $
4448  7786 $
4449  7787 $
4450  7789 $
4451  7793 $
4452  7794 $
4453  7796 $
4454  7797 $
4455  7798 $
4456  7801 $
4457  7804 $
4458  7807 $
4459  7811 $
4460  7814 $
4461  7815 $
4462  7818 $
4463  7819 $
4464  7820 $
4465  7822 $
4466  7823 $
4467  7825 $
4468  7827 $
4469  7829 $
4470  7830 $
4471  7833 $
4472  7834 $
4473  7835 $
4474  7836 $
4475  7837 $
4476  7838 $
4477  7839 $
4478  7841 $
4479  7844 $
4480  7845 $
4481  7848 $
4482  7852 $
4483  7855 $
4484  7857 $
4485  7858 $
4486  7859 $
4487  7861 $
4488  7863 $
4489  7864 $
4490  7865 $
4491  7866 $
4492  7868 $
4493  7869 $
4494  7870 $
4495  7871 $
4496  7873 $
4497  7875 $
4498  7876 $
4499  7877 $
4500  7881 $
4501  7882 $
4502  7883 $
4503  7894 $
4504  7895 $
4505  7897 $
4506  7899 $
4507  7900 $
4508  7901 $
4509  7902 $
4510  7903 $
4511  7911 $
4512  7917 $
4513  7920 $
4514  7921 $
4515  7922 $
4516  7923 $
4517  7924 $
4518  7926 $
4519  7927 $
4520  7930 $
4521  7931 $
4522  7932 $
4523  7933 $
4524  7934 $
4525  7935 $
4526  7936 $
4527  7937 $
4528  7939 $
4529  7941 $
4530  7942 $
4531  7943 $
4532  7944 $
4533  7945 $
4534  7946 $
4535  7947 $
4536  7950 $
4537  7951 $
4538  7952 $
4539  7953 $
4540  7954 $
4541  7955 $
4542  7956 $
4543  7957 $
4544  7958 $
4545  7960 $
4546  7961 $
4547  7963 $
4548  7964 $
4549  7965 $
4550  7966 $
4551  7967 $
4552  7971 $
4553  7972 $
4554  7973 $
4555  7974 $
4556  7975 $
4557  7976 $
4558  7977 $
4559  7978 $
4560  7979 $
4561  7980 $
4562  7981 $
4563  7982 $
4564  7983 $
4565  7984 $
4566  7985 $
4567  7986 $
4568  7987 $
4569  7988 $
4570  7989 $
4571  7990 $
4572  7991 $
4573  7992 $
4574  7993 $
4575  7994 $
4576  7995 $
4577  7996 $
4578  7997 $
4579  7998 $
4580  8000 $
4581  8001 $
4582  8004 $
4583  8005 $
4584  8006 $
4585  8007 $
4586  8008 $
4587  8009 $
4588  8010 $
4589  8011 $
4590  8012 $
4591  8013 $
4592  8014 $
4593  8015 $
4594  8016 $
4595  8017 $
4596  8018 $
4597  8020 $
4598  8021 $
4599  8022 $
4600  8023 $
4601  8024 $
4602  8025 $
4603  8027 $
4604  8028 $
4605  8029 $
4606  8030 $
4607  8031 $
4608  8032 $
4609  8033 $
4610  8035 $
4611  8036 $
4612  8037 $
4613  8038 $
4614  8039 $
4615  8041 $
4616  8042 $
4617  8043 $
4618  8044 $
4619  8045 $
4620  8046 $
4621  8047 $
4622  8048 $
4623  8049 $
4624  8050 $
4625  8051 $
4626  8052 $
4627  8053 $
4628  8056 $
4629  8057 $
4630  8058 $
4631  8059 $
4632  8060 $
4633  8062 $
4634  8063 $
4635  8065 $
4636  8066 $
4637  8068 $
4638  8069 $
4639  8070 $
4640  8071 $
4641  8073 $
4642  8079 $
4643  8089 $
4644  8091 $
4645  8092 $
4646  8093 $
4647  8094 $
4648  8095 $
4649  8096 $
4650  8098 $
4651  8099 $
4652  8100 $
4653  8101 $
4654  8105 $
4655  8107 $
4656  8112 $
4657  8116 $
4658  8124 $
4659  8127 $
4660  8128 $
4661  8134 $
4662  8137 $
4663  8141 $
4664  8142 $
4665  8145 $
4666  8149 $
4667  8152 $
4668  8154 $
4669  8156 $
4670  8157 $
4671  8158 $
4672  8162 $
4673  8166 $
4674  8167 $
4675  8168 $
4676  8169 $
4677  8171 $
4678  8172 $
4679  8173 $
4680  8174 $
4681  8175 $
4682  8176 $
4683  8178 $
4684  8183 $
4685  8184 $
4686  8187 $
4687  8190 $
4688  8193 $
4689  8194 $
4690  8195 $
4691  8200 $
4692  8201 $
4693  8205 $
4694  8206 $
4695  8207 $
4696  8211 $
4697  8213 $
4698  8214 $
4699  8215 $
4700  8217 $
4701  8218 $
4702  8221 $
4703  8222 $
4704  8223 $
4705  8224 $
4706  8225 $
4707  8226 $
4708  8231 $
4709  8232 $
4710  8233 $
4711  8234 $
4712  8235 $
4713  8236 $
4714  8256 $
4715  8270 $
4716  8273 $
4717  8274 $
4718  8276 $
4719  8277 $
4720  8278 $
4721  8279 $
4722  8282 $
4723  8283 $
4724  8287 $
4725  8289 $
4726  8290 $
4727  8301 $
4728  8302 $
4729  8313 $
4730  8314 $
4731  8316 $
4732  8318 $
4733  8326 $
4734  8327 $
4735  8331 $
4736  8333 $
4737  8336 $
4738  8337 $
4739  8338 $
4740  8341 $
4741  8343 $
4742  8344 $
4743  8345 $
4744  8346 $
4745  8351 $
4746  8353 $
4747  8358 $
4748  8359 $
4749  8362 $
4750  8366 $
4751  8368 $
4752  8373 $
4753  8374 $
4754  8375 $
4755  8378 $
4756  8380 $
4757  8381 $
4758  8385 $
4759  8386 $
4760  8387 $
4761  8388 $
4762  8389 $
4763  8391 $
4764  8393 $
4765  8395 $
4766  8397 $
4767  8401 $
4768  8402 $
4769  8404 $
4770  8412 $
4771  8415 $
4772  8417 $
4773  8418 $
4774  8419 $
4775  8426 $
4776  8429 $
4777  8432 $
4778  8433 $
4779  8438 $
4780  8442 $
4781  8444 $
4782  8446 $
4783  8447 $
4784  8448 $
4785  8451 $
4786  8456 $
4787  8460 $
4788  8461 $
4789  8462 $
4790  8463 $
4791  8464 $
4792  8466 $
4793  8470 $
4794  8471 $
4795  8475 $
4796  8476 $
4797  8477 $
4798  8478 $
4799  8482 $
4800  8483 $
4801  8484 $
4802  8489 $
4803  8490 $
4804  8492 $
4805  8495 $
4806  8498 $
4807  8499 $
4808  8500 $
4809  8501 $
4810  8506 $
4811  8510 $
4812  8513 $
4813  8514 $
4814  8515 $
4815  8517 $
4816  8518 $
4817  8523 $
4818  8528 $
4819  8529 $
4820  8530 $
4821  8532 $
4822  8533 $
4823  8535 $
4824  8537 $
4825  8538 $
4826  8540 $
4827  8541 $
4828  8549 $
4829  8550 $
4830  8551 $
4831  8552 $
4832  8556 $
4833  8558 $
4834  8559 $
4835  8561 $
4836  8562 $
4837  8564 $
4838  8570 $
4839  8571 $
4840  8573 $
4841  8578 $
4842  8580 $
4843  8581 $
4844  8582 $
4845  8584 $
4846  8585 $
4847  8587 $
4848  8589 $
4849  8590 $
4850  8592 $
4851  8594 $
4852  8595 $
4853  8597 $
4854  8599 $
4855  8602 $
4856  8603 $
4857  8604 $
4858  8606 $
4859  8607 $
4860  8608 $
4861  8609 $
4862  8610 $
4863  8611 $
4864  8612 $
4865  8614 $
4866  8618 $
4867  8627 $
4868  8628 $
4869  8631 $
4870  8634 $
4871  8635 $
4872  8637 $
4873  8641 $
4874  8642 $
4875  8644 $
4876  8645 $
4877  8646 $
4878  8647 $
4879  8649 $
4880  8652 $
4881  8654 $
4882  8660 $
4883  8662 $
4884  8664 $
4885  8665 $
4886  8667 $
4887  8672 $
4888  8673 $
4889  8676 $
4890  8677 $
4891  8678 $
4892  8680 $
4893  8681 $
4894  8682 $
4895  8692 $
4896  8693 $
4897  8699 $
4898  8700 $
4899  8701 $
4900  8704 $
4901  8707 $
4902  8708 $
4903  8709 $
4904  8712 $
4905  8714 $
4906  8717 $
4907  8718 $
4908  8719 $
4909  8726 $
4910  8733 $
4911  8741 $
4912  8743 $
4913  8744 $
4914  8750 $
4915  8751 $
4916  8757 $
4917  8764 $
4918  8767 $
4919  8768 $
4920  8769 $
4921  8770 $
4922  8771 $
4923  8772 $
4924  8788 $
4925  8791 $
4926  8792 $
4927  8793 $
4928  8794 $
4929  8795 $
4930  8807 $
4931  8808 $
4932  8809 $
4933  8810 $
4934  8811 $
4935  8812 $
4936  8813 $
4937  8814 $
4938  8820 $
4939  8822 $
4940  8823 $
4941  8824 $
4942  8825 $
4943  8831 $
4944  8832 $
4945  8839 $
4946  8842 $
4947  8846 $
4948  8847 $
4949  8848 $
4950  8849 $
4951  8853 $
4952  8855 $
4953  8856 $
4954  8860 $
4955  8861 $
4956  8864 $
4957  8866 $
4958  8867 $
4959  8873 $
4960  8874 $
4961  8876 $
4962  8877 $
4963  8889 $
4964  8890 $
4965  8894 $
4966  8895 $
4967  8897 $
4968  8903 $
4969  8904 $
4970  8906 $
4971  8909 $
4972  8911 $
4973  8913 $
4974  8918 $
4975  8919 $
4976  8923 $
4977  8927 $
4978  8928 $
4979  8931 $
4980  8933 $
4981  8935 $
4982  8942 $
4983  8946 $
4984  8951 $
4985  8952 $
4986  8953 $
4987  8955 $
4988  8972 $
4989  8974 $
4990  8975 $
4991  8980 $
4992  8982 $
4993  8984 $
4994  8985 $
4995  8986 $
4996  8987 $
4997  8989 $
4998  8991 $
4999  8992 $
5000  8993 $
5001  8995 $
5002  8996 $
5003  8997 $
5004  8998 $
5005  8999 $
5006  9000 $
5007  9001 $
5008  9002 $
5009  9006 $
5010  9009 $
5011  9016 $
5012  9017 $
5013  9019 $
5014  9020 $
5015  9022 $
5016  9024 $
5017  9029 $
5018  9030 $
5019  9031 $
5020  9032 $
5021  9033 $
5022  9035 $
5023  9042 $
5024  9051 $
5025  9058 $
5026  9059 $
5027  9061 $
5028  9062 $
5029  9063 $
5030  9064 $
5031  9066 $
5032  9067 $
5033  9069 $
5034  9070 $
5035  9071 $
5036  9072 $
5037  9073 $
5038  9074 $
5039  9075 $
5040  9077 $
5041  9078 $
5042  9079 $
5043  9083 $
5044  9084 $
5045  9087 $
5046  9089 $
5047  9094 $
5048  9095 $
5049  9099 $
5050  9100 $
5051  9103 $
5052  9107 $
5053  9109 $
5054  9111 $
5055  9113 $
5056  9114 $
5057  9116 $
5058  9123 $
5059  9125 $
5060  9130 $
5061  9131 $
5062  9132 $
5063  9133 $
5064  9134 $
5065  9135 $
5066  9136 $
5067  9137 $
5068  9140 $
5069  9142 $
5070  9143 $
5071  9144 $
5072  9145 $
5073  9150 $
5074  9151 $
5075  9152 $
5076  9154 $
5077  9156 $
5078  9158 $
5079  9159 $
5080  9160 $
5081  9162 $
5082  9164 $
5083  9165 $
5084  9166 $
5085  9167 $
5086  9170 $
5087  9171 $
5088  9172 $
5089  9175 $
5090  9176 $
5091  9178 $
5092  9179 $
5093  9180 $
5094  9184 $
5095  9192 $
5096  9196 $
5097  9197 $
5098  9198 $
5099  9199 $
5100  9200 $
5101  9202 $
5102  9203 $
5103  9204 $
5104  9205 $
5105  9206 $
5106  9209 $
5107  9216 $
5108  9219 $
5109  9220 $
5110  9221 $
5111  9227 $
5112  9232 $
5113  9235 $
5114  9237 $
5115  9238 $
5116  9240 $
5117  9244 $
5118  9246 $
5119  9248 $
5120  9250 $
5121  9251 $
5122  9259 $
5123  9266 $
5124  9268 $
5125  9273 $
5126  9274 $
5127  9275 $
5128  9278 $
5129  9281 $
5130  9283 $
5131  9284 $
5132  9294 $
5133  9309 $
5134  9310 $
5135  9316 $
5136  9317 $
5137  9318 $
5138  9320 $
5139  9325 $
5140  9326 $
5141  9327 $
5142  9328 $
5143  9331 $
5144  9336 $
5145  9339 $
5146  9340 $
5147  9341 $
5148  9342 $
5149  9343 $
5150  9344 $
5151  9345 $
5152  9346 $
5153  9351 $
5154  9359 $
5155  9360 $
5156  9361 $
5157  9362 $
5158  9364 $
5159  9365 $
5160  9367 $
5161  9370 $
5162  9371 $
5163  9372 $
5164  9376 $
5165  9377 $
5166  9378 $
5167  9381 $
5168  9384 $
5169  9389 $
5170  9390 $
5171  9391 $
5172  9395 $
5173  9400 $
5174  9401 $
5175  9405 $
5176  9406 $
5177  9407 $
5178  9408 $
5179  9411 $
5180  9413 $
5181  9418 $
5182  9421 $
5183  9424 $
5184  9425 $
5185  9426 $
5186  9428 $
5187  9429 $
5188  9430 $
5189  9431 $
5190  9432 $
5191  9435 $
5192  9436 $
5193  9442 $
5194  9443 $
5195  9445 $
5196  9446 $
5197  9447 $
5198  9449 $
5199  9458 $
5200  9459 $
5201  9460 $
5202  9461 $
5203  9468 $
5204  9469 $
5205  9474 $
5206  9476 $
5207  9478 $
5208  9479 $
5209  9480 $
5210  9485 $
5211  9486 $
5212  9487 $
5213  9488 $
5214  9490 $
5215  9492 $
5216  9493 $
5217  9494 $
5218  9495 $
5219  9503 $
5220  9504 $
5221  9507 $
5222  9509 $
5223  9511 $
5224  9512 $
5225  9514 $
5226  9517 $
5227  9520 $
5228  9521 $
5229  9524 $
5230  9525 $
5231  9531 $
5232  9532 $
5233  9536 $
5234  9537 $
5235  9538 $
5236  9545 $
5237  9547 $
5238  9548 $
5239  9549 $
5240  9551 $
5241  9552 $
5242  9554 $
5243  9556 $
5244  9558 $
5245  9561 $
5246  9562 $
5247  9563 $
5248  9569 $
5249  9571 $
5250  9573 $
5251  9575 $
5252  9578 $
5253  9579 $
5254  9580 $
5255  9581 $
5256  9582 $
5257  9583 $
5258  9584 $
5259  9586 $
5260  9587 $
5261  9588 $
5262  9590 $
5263  9591 $
5264  9596 $
5265  9597 $
5266  9600 $
5267  9603 $
5268  9605 $
5269  9606 $
5270  9607 $
5271  9610 $
5272  9611 $
5273  9614 $
5274  9615 $
5275  9617 $
5276  9618 $
5277  9619 $
5278  9625 $
5279  9633 $
5280  9642 $
5281  9643 $
5282  9646 $
5283  9649 $
5284  9650 $
5285  9651 $
5286  9652 $
5287  9655 $
5288  9658 $
5289  9659 $
5290  9661 $
5291  9664 $
5292  9668 $
5293  9670 $
5294  9673 $
5295  9677 $
5296  9679 $
5297  9680 $
5298  9682 $
5299  9691 $
5300  9692 $
5301  9693 $
5302  9694 $
5303  9696 $
5304  9701 $
5305  9702 $
5306  9703 $
5307  9705 $
5308  9706 $
5309  9707 $
5310  9708 $
5311  9709 $
5312  9712 $
5313  9714 $
5314  9716 $
5315  9718 $
5316  9719 $
5317  9720 $
5318  9724 $
5319  9728 $
5320  9730 $
5321  9733 $
5322  9736 $
5323  9740 $
5324  9741 $
5325  9746 $
5326  9747 $
5327  9754 $
5328  9757 $
5329  9758 $
5330  9759 $
5331  9761 $
5332  9764 $
5333  9766 $
5334  9769 $
5335  9770 $
5336  9772 $
5337  9777 $
5338  9783 $
5339  9784 $
5340  9786 $
5341  9788 $
5342  9790 $
5343  9791 $
5344  9792 $
5345  9796 $
5346  9797 $
5347  9798 $
5348  9800 $
5349  9801 $
5350  9804 $
5351  9805 $
5352  9806 $
5353  9810 $
5354  9812 $
5355  9813 $
5356  9815 $
5357  9816 $
5358  9819 $
5359  9820 $
5360  9823 $
5361  9825 $
5362  9830 $
5363  9831 $
5364  9833 $
5365  9834 $
5366  9835 $
5367  9839 $
5368  9841 $
5369  9849 $
5370  9850 $
5371  9854 $
5372  9856 $
5373  9859 $
5374  9862 $
5375  9866 $
5376  9868 $
5377  9880 $
5378  9881 $
5379  9883 $
5380  9885 $
5381  9888 $
5382  9898 $
5383  9900 $
5384  9901 $
5385  9903 $
5386  9911 $
5387  9917 $
5388  9928 $
5389  9929 $
5390  9931 $
5391  9941 $
5392  9942 $
5393  9950 $
5394  9952 $
5395  9958 $
5396  9959 $
5397  9960 $
5398  9961 $
5399  9962 $
5400  9964 $
5401  9965 $
5402  9968 $
5403  9969 $
5404  9975 $
5405  9978 $
5406  9979 $
5407  9982 $
5408  9985 $
5409  9987 $
5410  9988 $
5411  9989 $
5412  9990 $
5413  9991 $
5414  9992 $
5415  9993 $
5416  9994 $
5417  9995 $
5418  9996 $
5419  9998 $
5420  9999 $
5421  10000 $
5422  10001 $
5423  10002 $
5424  10003 $
5425  10006 $
5426  10009 $
5427  10010 $
5428  10011 $
5429  10015 $
5430  10017 $
5431  10020 $
5432  10021 $
5433  10028 $
5434  10033 $
5435  10038 $
5436  10049 $
5437  10050 $
5438  10051 $
5439  10052 $
5440  10054 $
5441  10055 $
5442  10056 $
5443  10072 $
5444  10074 $
5445  10076 $
5446  10077 $
5447  10079 $
5448  10081 $
5449  10082 $
5450  10087 $
5451  10088 $
5452  10105 $
5453  10106 $
5454  10107 $
5455  10108 $
5456  10109 $
5457  10113 $
5458  10114 $
5459  10116 $
5460  10118 $
5461  10119 $
5462  10120 $
5463  10123 $
5464  10126 $
5465  10128 $
5466  10129 $
5467  10134 $
5468  10135 $
5469  10136 $
5470  10139 $
5471  10143 $
5472  10150 $
5473  10151 $
5474  10153 $
5475  10157 $
5476  10159 $
5477  10161 $
5478  10163 $
5479  10165 $
5480  10167 $
5481  10168 $
5482  10169 $
5483  10174 $
5484  10175 $
5485  10176 $
5486  10177 $
5487  10178 $
5488  10179 $
5489  10181 $
5490  10188 $
5491  10193 $
5492  10194 $
5493  10195 $
5494  10197 $
5495  10201 $
5496  10204 $
5497  10205 $
5498  10206 $
5499  10208 $
5500  10209 $
5501  10210 $
5502  10213 $
5503  10214 $
5504  10215 $
5505  10217 $
5506  10218 $
5507  10219 $
5508  10223 $
5509  10231 $
5510  10232 $
5511  10233 $
5512  10234 $
5513  10235 $
)
