index 121
frag gi|20 37499 39143
img_no 11
msp 1029 s 12002 97.5 1 27 gi|11 7825 9303 121 gi|20 37499 38993
msp 1428 s 11951 98.1 -1 121 gi|20 37520 38986 306 gi|36 28008 29480
msp 1430 s 11985 98.4 -1 121 gi|20 37579 39005 615 gi|70 1641 3068
msp 573 s 12002 99.4 -1 518 gi|6 7166 8579 121 gi|20 37591 38982
msp 1432 s 11955 96.9 -1 121 gi|20 37600 39143 555 gi|64 3278 4806
msp 257 s 12028 99.9 -1 96 gi|2 6285 7611 121 gi|20 37653 38982
msp 1434 s 12043 99.8 -1 121 gi|20 37654 38989 640 gi|72 320 1654
msp 1436 s 12023 99.3 -1 121 gi|20 37655 39021 190 gi|28 5685 7062
msp 1438 s 12040 99.8 -1 121 gi|20 37658 38990 513 gi|59 7737 9068
msp 61 s 12004 99.1 1 735 gi|8 18453 19839 121 gi|20 37660 39039
msp 1440 s 12025 99.8 1 121 gi|20 37660 38986 514 gi|59 10992 12318
