index 131
frag gi|22 7101 7791
img_no 15
msp 1554 s 732 76.2 -1 131 gi|22 7101 7790 487 gi|55 35266 35952
msp 1556 s 339 74.8 -1 131 gi|22 7102 7606 488 gi|55 36243 36770
msp 1558 s 359 75.1 -1 131 gi|22 7410 7678 589 gi|68 7623 7890
msp 1560 s 472 74.4 1 131 gi|22 7425 7670 698 gi|76 13749 13996
msp 1562 s 365 74.7 -1 131 gi|22 7426 7579 625 gi|71 4942 5092
msp 1564 s 346 80.7 1 131 gi|22 7432 7540 657 gi|73 29390 29498
msp 1566 s 257 77.6 -1 131 gi|22 7442 7633 389 gi|45 15268 15440
msp 1568 s 389 78.5 -1 131 gi|22 7445 7602 278 gi|35 1841 1996
msp 1570 s 320 79.8 -1 131 gi|22 7448 7566 167 gi|26 5877 5989
msp 1572 s 307 73.9 -1 131 gi|22 7466 7791 594 gi|68 24273 24597
msp 1576 s 271 83.0 1 131 gi|22 7472 7700 430 gi|49 30455 30656
msp 1574 s 284 73.9 -1 131 gi|22 7472 7670 593 gi|68 23608 23805
msp 1578 s 335 73.9 -1 131 gi|22 7472 7586 600 gi|69 13327 13438
msp 1580 s 283 81.5 -1 131 gi|22 7472 7563 441 gi|50 27738 27829
msp 503 s 368 73.7 1 347 gi|4 5552 5726 131 gi|22 7490 7664
