index 190
frag gi|28 5590 7267
img_no 11
msp 55 s 12044 98.2 -1 735 gi|8 18452 19922 190 gi|28 5590 7055
msp 1700 s 11959 98.0 1 190 gi|28 5619 7073 555 gi|64 3334 4783
msp 1702 s 12032 99.2 1 190 gi|28 5649 7055 615 gi|70 1597 2992
msp 559 s 12136 99.5 1 518 gi|6 7109 8499 190 gi|28 5675 7062
msp 1437 s 12023 99.3 -1 121 gi|20 37655 39021 190 gi|28 5685 7062
msp 1704 s 12016 99.3 1 190 gi|28 5692 7061 640 gi|72 273 1657
msp 1037 s 12074 100.0 -1 27 gi|11 7975 9301 190 gi|28 5728 7054
msp 1708 s 11977 97.0 1 190 gi|28 5731 7267 513 gi|59 7743 9266
msp 1706 s 12043 99.4 1 190 gi|28 5731 7091 306 gi|36 28010 29369
msp 1710 s 12031 99.8 -1 190 gi|28 5732 7058 514 gi|59 10988 12314
msp 249 s 12061 100.0 1 96 gi|2 6285 7609 190 gi|28 5732 7056
