index 23
frag gi|10 37260 37913
img_no 14
msp 848 s 859 73.0 1 23 gi|10 37260 37899 657 gi|73 29061 29708
msp 850 s 422 78.2 -1 23 gi|10 37329 37838 389 gi|45 15203 15699
msp 852 s 357 73.7 -1 23 gi|10 37332 37806 167 gi|26 5784 6284
msp 854 s 258 72.0 1 23 gi|10 37344 37728 133 gi|22 12763 13161
msp 856 s 340 80.0 1 23 gi|10 37387 37811 132 gi|22 11819 12264
msp 858 s 317 74.7 -1 23 gi|10 37391 37809 600 gi|69 13253 13669
msp 860 s 488 72.2 1 23 gi|10 37424 37913 130 gi|22 6182 6700
msp 862 s 350 74.0 1 23 gi|10 37447 37811 430 gi|49 30278 30645
msp 864 s 416 79.3 -1 23 gi|10 37455 37811 551 gi|63 30717 31073
msp 866 s 507 73.0 -1 23 gi|10 37465 37913 625 gi|71 4760 5208
msp 868 s 407 74.7 1 23 gi|10 37595 37811 65 gi|15 25156 25372
msp 870 s 336 74.5 -1 23 gi|10 37626 37735 397 gi|45 34039 34148
msp 872 s 274 82.1 -1 23 gi|10 37627 37738 634 gi|71 24614 24726
msp 874 s 520 72.6 -1 23 gi|10 37628 37875 487 gi|55 35330 35577
