index 237
frag gi|31 33931 34198
img_no 31
msp 1920 s 556 82.2 -1 237 gi|31 33931 34166 308 gi|36 30352 30584
msp 1133 s 490 91.6 1 62 gi|15 19173 19255 237 gi|31 33937 34021
msp 177 s 817 92.2 1 612 gi|7 32968 33158 237 gi|31 33950 34130
msp 1083 s 524 81.5 1 32 gi|11 28111 28245 237 gi|31 33961 34104
msp 1922 s 1228 97.0 1 237 gi|31 33965 34130 656 gi|73 27403 27572
msp 1924 s 1190 95.8 1 237 gi|31 33966 34130 648 gi|72 34838 35005
msp 695 s 980 89.2 -1 743 gi|9 10604 10769 237 gi|31 33968 34133
msp 1926 s 942 93.3 1 237 gi|31 33968 34102 635 gi|71 26392 26521
msp 905 s 992 98.2 1 39 gi|12 5692 5801 237 gi|31 33968 34077
msp 1930 s 1059 86.1 1 237 gi|31 33969 34198 358 gi|40 8901 9145
msp 1217 s 714 90.6 1 69 gi|15 33459 33575 237 gi|31 33969 34088
msp 1928 s 485 98.1 1 237 gi|31 33969 34021 643 gi|72 8986 9038
msp 1932 s 400 89.5 -1 237 gi|31 33980 34074 590 gi|68 11535 11637
msp 1934 s 377 85.9 -1 237 gi|31 33990 34159 308 gi|36 30312 30476
msp 1936 s 353 82.9 1 237 gi|31 33990 34141 285 gi|35 9200 9351
msp 667 s 512 81.6 -1 743 gi|9 10544 10690 237 gi|31 33990 34135
msp 653 s 277 83.2 -1 743 gi|9 10480 10628 237 gi|31 33999 34148
msp 1938 s 278 85.6 1 237 gi|31 33999 34088 656 gi|73 27494 27584
msp 1940 s 265 84.4 1 237 gi|31 33999 34088 648 gi|72 34926 35017
msp 1942 s 339 95.3 -1 237 gi|31 34014 34077 308 gi|36 30334 30396
msp 1944 s 276 86.3 1 237 gi|31 34016 34088 358 gi|40 9065 9134
msp 1946 s 350 85.5 1 237 gi|31 34018 34079 285 gi|35 9286 9346
msp 1948 s 315 88.2 -1 237 gi|31 34029 34130 590 gi|68 11535 11627
msp 1950 s 510 80.8 1 237 gi|31 34053 34198 656 gi|73 27440 27595
msp 1952 s 504 80.8 1 237 gi|31 34053 34198 648 gi|72 34872 35028
msp 923 s 492 88.7 1 39 gi|12 5723 5819 237 gi|31 34053 34149
msp 1956 s 400 87.3 1 237 gi|31 34053 34131 635 gi|71 26423 26499
msp 1227 s 278 88.0 1 69 gi|15 33489 33563 237 gi|31 34053 34130
msp 1954 s 446 90.9 1 237 gi|31 34053 34129 358 gi|40 8931 9005
msp 1958 s 283 86.8 1 237 gi|31 34054 34159 656 gi|73 27766 27864
msp 1105 s 282 84.1 1 32 gi|11 28165 28233 237 gi|31 34076 34146
