index 248
frag gi|32 39830 40178
img_no 10
msp 821 s 824 80.2 1 19 gi|10 13846 14198 248 gi|32 39830 40175
msp 803 s 600 85.4 1 13 gi|10 6596 6931 248 gi|32 39866 40178
msp 801 s 649 85.4 1 12 gi|10 5529 5815 248 gi|32 39916 40178
msp 799 s 501 79.0 1 11 gi|10 4435 4662 248 gi|32 39948 40175
msp 807 s 610 81.9 1 15 gi|10 8816 9047 248 gi|32 39951 40178
msp 797 s 556 79.8 1 10 gi|10 3158 3375 248 gi|32 39961 40178
msp 809 s 441 82.9 1 16 gi|10 9898 10108 248 gi|32 39966 40175
msp 793 s 390 75.4 1 8 gi|10 764 966 248 gi|32 39977 40178
msp 795 s 445 81.8 1 9 gi|10 1749 1951 248 gi|32 39977 40177
msp 805 s 501 85.4 1 14 gi|10 7764 7969 248 gi|32 39980 40178
