index 249
frag gi|33 78 256
img_no 9
msp 1998 s 817 85.1 -1 249 gi|33 78 245 478 gi|54 26490 26655
msp 2000 s 463 86.2 -1 249 gi|33 80 209 635 gi|71 26683 26820
msp 1417 s 486 77.8 1 118 gi|20 34892 35017 249 gi|33 87 206
msp 2002 s 306 83.7 -1 249 gi|33 98 256 632 gi|71 22438 22589
msp 1415 s 297 85.1 -1 118 gi|20 34877 35010 249 gi|33 99 231
msp 2006 s 288 80.2 1 249 gi|33 105 205 635 gi|71 26699 26792
msp 2008 s 284 86.2 1 249 gi|33 105 184 632 gi|71 22498 22566
msp 2004 s 290 87.0 1 249 gi|33 105 181 478 gi|54 26532 26611
msp 281 s 250 97.4 -1 101 gi|2 15522 15560 249 gi|33 133 170
