index 251
frag gi|33 1455 1630
img_no 8
msp 2012 s 337 83.5 1 251 gi|33 1455 1557 405 gi|47 26891 26995
msp 1267 s 278 82.5 -1 56 gi|14 12970 13095 251 gi|33 1489 1630
msp 2014 s 289 82.3 1 251 gi|33 1489 1573 674 gi|75 3430 3517
msp 2018 s 259 80.7 1 251 gi|33 1490 1572 639 gi|71 37139 37219
msp 2020 s 405 84.2 1 251 gi|33 1490 1565 533 gi|61 14058 14134
msp 2016 s 359 85.1 -1 251 gi|33 1490 1563 654 gi|73 17310 17382
msp 1059 s 317 92.3 -1 30 gi|11 16317 16368 251 gi|33 1490 1543
msp 2022 s 272 82.0 1 251 gi|33 1497 1557 369 gi|42 15990 16050
