index 254
frag gi|33 11419 11826
img_no 40
msp 1017 s 288 83.3 1 26 gi|11 7256 7381 254 gi|33 11419 11547
msp 2026 s 1128 90.4 -1 254 gi|33 11472 11658 304 gi|36 25205 25390
msp 2028 s 559 84.8 1 254 gi|33 11476 11580 296 gi|35 33357 33457
msp 2030 s 453 90.0 1 254 gi|33 11477 11546 635 gi|71 26322 26392
msp 2032 s 2236 93.7 -1 254 gi|33 11483 11799 590 gi|68 11438 11763
msp 2034 s 991 89.9 -1 254 gi|33 11489 11646 317 gi|37 11643 11801
msp 2036 s 342 79.3 1 254 gi|33 11490 11571 642 gi|72 8604 8684
msp 1069 s 628 79.2 1 32 gi|11 28001 28298 254 gi|33 11492 11826
msp 169 s 1028 85.7 1 612 gi|7 32877 33099 254 gi|33 11492 11712
msp 1175 s 854 85.9 1 64 gi|15 23732 23887 254 gi|33 11493 11648
msp 2038 s 1422 87.0 1 254 gi|33 11551 11789 656 gi|73 27680 27928
msp 2042 s 741 82.9 1 254 gi|33 11567 11811 642 gi|72 8587 8865
msp 2040 s 547 82.0 -1 254 gi|33 11567 11744 308 gi|36 30411 30578
msp 2048 s 292 86.3 1 254 gi|33 11610 11813 635 gi|71 26404 26561
msp 1147 s 653 89.8 1 62 gi|15 19214 19360 254 gi|33 11610 11799
msp 1223 s 902 89.0 1 69 gi|15 33470 33660 254 gi|33 11610 11799
msp 2046 s 621 91.6 1 254 gi|33 11610 11799 643 gi|72 8997 9143
msp 919 s 710 92.1 1 39 gi|12 5704 5906 254 gi|33 11610 11799
msp 2044 s 265 89.3 1 254 gi|33 11610 11740 358 gi|40 8912 9043
msp 721 s 607 91.5 -1 743 gi|9 10664 10757 254 gi|33 11610 11712
msp 211 s 774 85.3 1 612 gi|7 33067 33263 254 gi|33 11619 11814
msp 2050 s 319 79.3 1 254 gi|33 11619 11710 285 gi|35 9194 9280
msp 2052 s 794 87.2 1 254 gi|33 11620 11799 656 gi|73 27470 27669
msp 2056 s 777 86.1 1 254 gi|33 11620 11799 648 gi|72 34902 35102
msp 2054 s 486 88.3 1 254 gi|33 11620 11713 358 gi|40 8961 9064
msp 683 s 505 88.3 -1 743 gi|9 10550 10652 254 gi|33 11620 11712
msp 2058 s 483 89.3 -1 254 gi|33 11639 11713 308 gi|36 30393 30465
msp 2060 s 418 89.2 1 254 gi|33 11648 11712 280 gi|35 5959 6027
msp 2062 s 595 82.1 -1 254 gi|33 11653 11814 308 gi|36 30224 30396
msp 2064 s 782 89.0 1 254 gi|33 11655 11799 358 gi|40 9065 9219
msp 1295 s 354 88.2 1 92 gi|19 18434 18484 254 gi|33 11658 11708
msp 2066 s 347 88.2 1 254 gi|33 11658 11708 549 gi|63 29888 29938
msp 1625 s 261 91.2 1 155 gi|24 30146 30179 254 gi|33 11658 11691
msp 651 s 589 86.4 -1 743 gi|9 10430 10547 254 gi|33 11659 11763
msp 2068 s 305 80.6 -1 254 gi|33 11713 11810 303 gi|36 24817 24914
msp 2070 s 416 82.6 1 254 gi|33 11713 11798 285 gi|35 9354 9436
msp 2072 s 357 88.7 1 254 gi|33 11713 11774 673 gi|75 118 175
msp 999 s 406 84.5 -1 44 gi|12 21780 21850 254 gi|33 11725 11798
msp 2074 s 417 93.5 -1 254 gi|33 11738 11799 623 gi|70 40120 40178
msp 611 s 250 82.3 1 520 gi|6 15478 15528 254 gi|33 11740 11790
