index 264
frag gi|33 30884 31028
img_no 10
msp 2102 s 323 85.3 1 264 gi|33 30884 30985 313 gi|37 2579 2683
msp 2104 s 264 81.5 -1 264 gi|33 30894 30996 313 gi|37 2577 2674
msp 2112 s 260 78.9 1 264 gi|33 30901 31028 292 gi|35 22974 23109
msp 2106 s 521 80.3 1 264 gi|33 30901 31022 279 gi|35 5791 5920
msp 2110 s 329 79.0 -1 264 gi|33 30901 31005 294 gi|35 28979 29092
msp 2108 s 452 83.0 -1 264 gi|33 30901 31000 292 gi|35 22940 23044
msp 2114 s 268 83.9 -1 264 gi|33 30901 30962 337 gi|39 23297 23357
msp 2116 s 443 83.0 1 264 gi|33 30907 31000 337 gi|39 23295 23391
msp 2120 s 299 88.0 1 264 gi|33 30910 30992 606 gi|69 32349 32431
msp 2118 s 324 78.8 1 264 gi|33 30910 30975 586 gi|68 1720 1785
