index 27
frag gi|11 7776 9305
img_no 11
msp 1026 s 11952 98.2 -1 27 gi|11 7776 9298 306 gi|36 28010 29549
msp 1028 s 12002 97.5 1 27 gi|11 7825 9303 121 gi|20 37499 38993
msp 1030 s 12011 99.1 -1 27 gi|11 7913 9297 555 gi|64 3437 4806
msp 1032 s 12042 99.0 -1 27 gi|11 7917 9302 640 gi|72 320 1710
msp 1034 s 12070 99.9 -1 27 gi|11 7974 9305 513 gi|59 7734 9067
msp 1036 s 12074 100.0 -1 27 gi|11 7975 9301 190 gi|28 5728 7054
msp 565 s 12051 99.9 -1 518 gi|6 7162 8488 27 gi|11 7975 9301
msp 1040 s 12055 100.0 -1 27 gi|11 7975 9298 615 gi|70 1668 2991
msp 1038 s 12033 99.9 1 27 gi|11 7975 9297 514 gi|59 10992 12314
msp 251 s 12049 100.0 -1 96 gi|2 6285 7607 27 gi|11 7975 9297
msp 59 s 12049 100.0 1 735 gi|8 18453 19775 27 gi|11 7975 9297
