index 278
frag gi|35 1717 2375
img_no 14
msp 1758 s 259 76.8 1 278 gi|35 1717 1953 600 gi|69 13183 13423
msp 1760 s 469 81.6 -1 278 gi|35 1734 1956 698 gi|76 13811 14036
msp 1762 s 360 80.6 1 278 gi|35 1745 1955 589 gi|68 7594 7811
msp 1764 s 257 75.2 -1 278 gi|35 1752 1953 379 gi|43 39758 39976
msp 1766 s 442 74.3 -1 278 gi|35 1756 1961 426 gi|49 17713 17924
msp 313 s 254 76.4 1 108 gi|2 28414 28705 278 gi|35 1760 2038
msp 1768 s 356 79.0 1 278 gi|35 1780 2356 389 gi|45 15222 15777
msp 147 s 334 84.7 1 611 gi|7 4846 5035 278 gi|35 1781 1963
msp 1770 s 252 71.0 1 278 gi|35 1783 1989 551 gi|63 30716 30928
msp 1505 s 266 75.1 1 167 gi|26 5795 6353 278 gi|35 1797 2347
msp 1569 s 389 78.5 -1 131 gi|22 7445 7602 278 gi|35 1841 1996
msp 1772 s 301 82.1 1 278 gi|35 1851 1956 487 gi|55 35465 35572
msp 499 s 317 77.0 -1 347 gi|4 5211 5641 278 gi|35 1861 2324
msp 1774 s 309 77.3 -1 278 gi|35 1877 2375 367 gi|42 5457 5911
