index 280
frag gi|35 5959 6047
img_no 12
msp 713 s 397 83.8 -1 743 gi|9 10649 10728 280 gi|35 5959 6046
msp 2061 s 418 89.2 1 254 gi|33 11648 11712 280 gi|35 5959 6027
msp 1792 s 388 82.3 -1 280 gi|35 5968 6046 308 gi|36 30378 30453
msp 655 s 331 79.5 -1 743 gi|9 10481 10553 280 gi|35 5968 6037
msp 1790 s 371 88.5 1 280 gi|35 5968 6028 656 gi|73 27782 27842
msp 1794 s 350 78.5 1 280 gi|35 5969 6047 358 gi|40 9004 9082
msp 219 s 408 88.3 1 612 gi|7 33099 33158 280 gi|35 5969 6028
msp 679 s 376 85.0 -1 743 gi|9 10549 10608 280 gi|35 5969 6028
msp 1796 s 404 89.8 1 280 gi|35 5969 6027 642 gi|72 8691 8750
msp 1798 s 380 86.0 -1 280 gi|35 5972 6028 308 gi|36 30449 30505
msp 1297 s 478 100.0 1 92 gi|19 18434 18484 280 gi|35 5973 6023
msp 1800 s 478 100.0 1 280 gi|35 5973 6023 549 gi|63 29888 29938
