index 296
frag gi|35 33328 33470
img_no 7
msp 155 s 355 77.2 1 612 gi|7 32830 32965 296 gi|35 33328 33457
msp 1898 s 400 81.5 -1 296 gi|35 33341 33470 304 gi|36 25270 25400
msp 1900 s 493 86.2 -1 296 gi|35 33342 33457 590 gi|68 11667 11774
msp 2029 s 559 84.8 1 254 gi|33 11476 11580 296 gi|35 33357 33457
msp 1071 s 328 73.0 1 32 gi|11 28001 28089 296 gi|35 33369 33457
msp 1181 s 283 78.2 1 64 gi|15 23742 23819 296 gi|35 33380 33457
msp 1902 s 300 81.8 -1 296 gi|35 33381 33457 317 gi|37 11709 11785
