index 301
frag gi|36 5954 6063
img_no 8
msp 2126 s 379 82.7 -1 301 gi|36 5954 6063 595 gi|68 31548 31653
msp 31 s 279 81.0 1 731 gi|8 4131 4225 301 gi|36 5971 6063
msp 17 s 282 82.6 1 731 gi|8 4062 4147 301 gi|36 5971 6055
msp 2130 s 286 81.5 1 301 gi|36 5975 6055 382 gi|44 21622 21700
msp 2128 s 281 79.2 -1 301 gi|36 5975 6051 681 gi|75 15993 16068
msp 2132 s 266 82.7 1 301 gi|36 5981 6055 382 gi|44 21688 21761
msp 2134 s 259 88.1 -1 301 gi|36 5997 6063 544 gi|63 3913 3974
msp 953 s 259 86.7 1 39 gi|12 6026 6085 301 gi|36 6005 6063
