index 308
frag gi|36 30202 30658
img_no 56
msp 983 s 318 79.2 1 44 gi|12 21742 21842 308 gi|36 30202 30304
msp 201 s 584 76.0 -1 612 gi|7 33017 33266 308 gi|36 30204 30476
msp 633 s 996 80.0 1 743 gi|9 10364 10673 308 gi|36 30205 30514
msp 2176 s 593 82.1 -1 308 gi|36 30208 30408 656 gi|73 27771 27959
msp 1167 s 562 84.0 -1 62 gi|15 19267 19385 308 gi|36 30209 30334
msp 1821 s 1034 79.4 -1 285 gi|35 9199 9465 308 gi|36 30210 30477
msp 2178 s 1087 85.9 -1 308 gi|36 30221 30476 656 gi|73 27431 27682
msp 1123 s 323 87.3 -1 32 gi|11 28220 28274 308 gi|36 30221 30282
msp 2063 s 595 82.1 -1 254 gi|33 11653 11814 308 gi|36 30224 30396
msp 927 s 866 89.3 -1 39 gi|12 5738 5914 308 gi|36 30230 30396
msp 2180 s 561 85.6 -1 308 gi|36 30231 30334 643 gi|72 9050 9150
msp 2182 s 1116 88.7 -1 308 gi|36 30232 30408 648 gi|72 34932 35108
msp 2186 s 1781 87.8 -1 308 gi|36 30233 30552 358 gi|40 8902 9224
msp 1231 s 1014 86.4 -1 69 gi|15 33504 33665 308 gi|36 30233 30396
msp 2188 s 1016 87.2 1 308 gi|36 30233 30396 590 gi|68 11433 11594
msp 2184 s 316 80.6 1 308 gi|36 30233 30299 623 gi|70 40115 40178
msp 589 s 342 82.8 -1 520 gi|6 15475 15538 308 gi|36 30234 30300
msp 2190 s 271 87.5 1 308 gi|36 30246 30293 317 gi|37 11584 11631
msp 2192 s 696 82.4 -1 308 gi|36 30255 30413 642 gi|72 8673 8830
msp 2194 s 333 82.4 -1 308 gi|36 30261 30334 673 gi|75 108 177
msp 1935 s 377 85.9 -1 237 gi|31 33990 34159 308 gi|36 30312 30476
msp 197 s 876 84.7 -1 612 gi|7 32997 33212 308 gi|36 30322 30552
msp 1101 s 439 90.9 -1 32 gi|11 28163 28228 308 gi|36 30329 30392
msp 671 s 1083 86.2 1 743 gi|9 10546 10769 308 gi|36 30334 30554
msp 693 s 709 86.8 1 743 gi|9 10604 10747 308 gi|36 30334 30476
msp 1943 s 339 95.3 -1 237 gi|31 34014 34077 308 gi|36 30334 30396
msp 2198 s 253 79.1 -1 308 gi|36 30338 30476 358 gi|40 8922 9063
msp 2196 s 315 94.9 -1 308 gi|36 30338 30396 358 gi|40 8946 9005
msp 761 s 386 92.2 -1 746 gi|9 30184 30234 308 gi|36 30338 30388
msp 1815 s 256 86.8 -1 285 gi|35 9189 9226 308 gi|36 30338 30375
msp 1921 s 556 82.2 -1 237 gi|31 33931 34166 308 gi|36 30352 30584
msp 2200 s 569 88.7 -1 308 gi|36 30359 30464 656 gi|73 27771 27882
msp 1793 s 388 82.3 -1 280 gi|35 5968 6046 308 gi|36 30378 30453
msp 2059 s 483 89.3 -1 254 gi|33 11639 11713 308 gi|36 30393 30465
msp 2202 s 461 97.4 -1 308 gi|36 30394 30469 642 gi|72 8673 8750
msp 1309 s 344 88.0 -1 92 gi|19 18435 18484 308 gi|36 30398 30447
msp 2204 s 335 88.0 -1 308 gi|36 30398 30447 549 gi|63 29889 29938
msp 2206 s 524 79.4 -1 308 gi|36 30404 30578 656 gi|73 27696 27894
msp 2041 s 547 82.0 -1 254 gi|33 11567 11744 308 gi|36 30411 30578
msp 2208 s 503 83.3 -1 308 gi|36 30414 30539 642 gi|72 8652 8788
msp 2210 s 455 81.6 -1 308 gi|36 30415 30658 648 gi|72 34729 34983
msp 1627 s 251 90.9 -1 155 gi|24 30147 30179 308 gi|36 30415 30447
msp 221 s 474 89.5 -1 612 gi|7 33102 33177 308 gi|36 30418 30505
msp 1079 s 302 75.3 -1 32 gi|11 28073 28234 308 gi|36 30432 30606
msp 907 s 466 86.4 -1 39 gi|12 5692 5801 308 gi|36 30446 30554
msp 657 s 445 88.2 1 743 gi|9 10492 10559 308 gi|36 30448 30514
msp 1209 s 404 75.6 -1 69 gi|15 33441 33563 308 gi|36 30449 30576
msp 2212 s 258 77.7 1 308 gi|36 30449 30542 590 gi|68 11535 11637
msp 1799 s 380 86.0 -1 280 gi|35 5972 6028 308 gi|36 30449 30505
msp 1303 s 325 84.3 -1 92 gi|19 18434 18484 308 gi|36 30454 30504
msp 2214 s 321 84.3 -1 308 gi|36 30454 30504 549 gi|63 29888 29938
msp 2216 s 329 84.1 -1 308 gi|36 30484 30552 656 gi|73 27411 27479
msp 2218 s 352 85.2 -1 308 gi|36 30494 30554 635 gi|71 26392 26453
msp 1135 s 302 88.2 -1 62 gi|15 19180 19255 308 gi|36 30502 30576
msp 67 s 251 85.5 -1 737 gi|8 27343 27397 308 gi|36 30502 30557
msp 2220 s 279 84.3 -1 308 gi|36 30502 30552 643 gi|72 8987 9038
