index 332
frag gi|39 11810 12241
img_no 8
msp 2416 s 487 76.5 1 332 gi|39 11810 12137 443 gi|51 525 863
msp 2418 s 503 75.2 -1 332 gi|39 11829 12138 432 gi|49 35705 36012
msp 2089 s 255 77.4 1 260 gi|33 26243 26503 332 gi|39 11878 12128
msp 1909 s 304 83.4 1 233 gi|31 2031 2338 332 gi|39 11892 12172
msp 471 s 284 84.8 -1 1 gi|1 647 692 332 gi|39 11895 11940
msp 965 s 962 76.9 -1 41 gi|12 14672 15021 332 gi|39 11896 12241
msp 2420 s 610 79.9 -1 332 gi|39 11898 12216 375 gi|43 10783 11109
msp 2422 s 472 75.5 1 332 gi|39 11967 12219 462 gi|53 12410 12654
