index 337
frag gi|39 23287 23625
img_no 19
msp 1873 s 1914 94.3 -1 292 gi|35 22781 23045 337 gi|39 23287 23562
msp 1781 s 764 95.1 1 279 gi|35 5790 5891 337 gi|39 23287 23387
msp 733 s 309 84.7 1 744 gi|9 10763 10847 337 gi|39 23292 23372
msp 2117 s 443 83.0 1 264 gi|33 30907 31000 337 gi|39 23295 23391
msp 1891 s 342 84.6 -1 294 gi|35 29005 29082 337 gi|39 23297 23375
msp 2428 s 283 88.0 -1 337 gi|39 23297 23371 606 gi|69 32316 32401
msp 1897 s 255 80.0 1 294 gi|35 29028 29092 337 gi|39 23297 23362
msp 1783 s 263 87.9 -1 279 gi|35 5791 5856 337 gi|39 23297 23357
msp 1885 s 263 87.9 1 292 gi|35 22979 23044 337 gi|39 23297 23357
msp 2115 s 268 83.9 -1 264 gi|33 30901 30962 337 gi|39 23297 23357
msp 751 s 273 87.8 -1 744 gi|9 10775 10823 337 gi|39 23297 23346
msp 2241 s 339 90.7 1 313 gi|37 2609 2683 337 gi|39 23299 23377
msp 2430 s 325 83.1 1 337 gi|39 23299 23369 606 gi|69 32349 32422
msp 2235 s 258 82.3 -1 313 gi|37 2594 2661 337 gi|39 23299 23365
msp 2432 s 325 87.1 1 337 gi|39 23299 23360 586 gi|68 1720 1781
msp 1015 s 283 89.1 -1 25 gi|11 6426 6480 337 gi|39 23299 23354
msp 2434 s 279 83.3 -1 337 gi|39 23301 23366 685 gi|75 19315 19381
msp 1803 s 728 96.6 1 281 gi|35 6024 6112 337 gi|39 23405 23492
msp 1871 s 802 89.7 -1 291 gi|35 22579 22752 337 gi|39 23447 23625
