index 358
frag gi|40 8749 9331
img_no 50
msp 2274 s 925 84.0 1 358 gi|40 8749 9005 635 gi|71 26249 26497
msp 1077 s 422 83.6 1 32 gi|11 28072 28217 358 gi|40 8863 9005
msp 1139 s 494 96.7 1 62 gi|15 19196 19255 358 gi|40 8891 8953
msp 2276 s 485 93.4 1 358 gi|40 8893 8953 643 gi|72 8978 9038
msp 187 s 1148 92.7 1 612 gi|7 32993 33157 358 gi|40 8898 9063
msp 673 s 802 86.2 -1 743 gi|9 10549 10772 358 gi|40 8895 9122
msp 2278 s 1682 94.5 1 358 gi|40 8900 9225 656 gi|73 27409 27675
msp 1213 s 701 92.4 1 69 gi|15 33458 33562 358 gi|40 8900 9005
msp 2280 s 1475 92.2 1 358 gi|40 8901 9220 648 gi|72 34842 35103
msp 1931 s 1059 86.1 1 237 gi|31 33969 34198 358 gi|40 8901 9145
msp 915 s 925 97.1 1 39 gi|12 5693 5797 358 gi|40 8901 9005
msp 2187 s 1781 87.8 -1 308 gi|36 30233 30552 358 gi|40 8902 9224
msp 2045 s 265 89.3 1 254 gi|33 11610 11740 358 gi|40 8912 9043
msp 2282 s 403 90.4 -1 358 gi|40 8912 9005 590 gi|68 11536 11637
msp 645 s 1223 80.0 -1 743 gi|9 10396 10690 358 gi|40 8922 9220
msp 2199 s 253 79.1 -1 308 gi|36 30338 30476 358 gi|40 8922 9063
msp 659 s 458 83.7 -1 743 gi|9 10494 10628 358 gi|40 8931 9063
msp 2284 s 268 81.4 1 358 gi|40 8931 9043 656 gi|73 27494 27613
msp 2286 s 255 80.5 1 358 gi|40 8931 9043 648 gi|72 34926 35046
msp 1955 s 446 90.9 1 237 gi|31 34053 34129 358 gi|40 8931 9005
msp 2197 s 315 94.9 -1 308 gi|36 30338 30396 358 gi|40 8946 9005
msp 1837 s 333 89.6 1 285 gi|35 9286 9333 358 gi|40 8950 8997
msp 2055 s 486 88.3 1 254 gi|33 11620 11713 358 gi|40 8961 9064
msp 205 s 602 78.0 1 612 gi|7 33026 33239 358 gi|40 8985 9224
msp 697 s 642 87.9 -1 743 gi|9 10607 10738 358 gi|40 8985 9122
msp 2288 s 468 88.5 1 358 gi|40 8986 9063 656 gi|73 27766 27841
msp 1825 s 1060 80.7 1 285 gi|35 9210 9442 358 gi|40 8989 9224
msp 2290 s 579 94.5 1 358 gi|40 8991 9063 642 gi|72 8678 8750
msp 1795 s 350 78.5 1 280 gi|35 5969 6047 358 gi|40 9004 9082
msp 1305 s 304 84.3 1 92 gi|19 18434 18484 358 gi|40 9009 9059
msp 2292 s 294 84.3 1 358 gi|40 9009 9059 549 gi|63 29888 29938
msp 2294 s 730 84.0 1 358 gi|40 9035 9197 642 gi|72 8658 8822
msp 2296 s 589 75.4 1 358 gi|40 9046 9224 656 gi|73 27769 27940
msp 2298 s 1461 95.5 -1 358 gi|40 9065 9240 590 gi|68 11417 11592
msp 1233 s 1416 97.5 1 69 gi|15 33506 33667 358 gi|40 9065 9226
msp 929 s 1020 92.4 1 39 gi|12 5740 5911 358 gi|40 9065 9224
msp 2065 s 782 89.0 1 254 gi|33 11655 11799 358 gi|40 9065 9219
msp 1945 s 276 86.3 1 237 gi|31 34016 34088 358 gi|40 9065 9134
msp 1103 s 409 91.1 1 32 gi|11 28163 28218 358 gi|40 9067 9122
msp 759 s 419 96.1 1 746 gi|9 30184 30234 358 gi|40 9071 9121
msp 1811 s 296 90.7 1 285 gi|35 9189 9231 358 gi|40 9084 9128
msp 1155 s 915 93.7 1 62 gi|15 19264 19452 358 gi|40 9123 9331
msp 2300 s 804 94.1 1 358 gi|40 9123 9224 643 gi|72 9047 9148
msp 2302 s 469 89.3 1 358 gi|40 9123 9197 673 gi|75 105 175
msp 2149 s 352 84.9 -1 303 gi|36 24839 24924 358 gi|40 9125 9213
msp 995 s 445 82.4 -1 44 gi|12 21777 21850 358 gi|40 9148 9221
msp 2304 s 620 93.4 -1 358 gi|40 9161 9251 623 gi|70 40089 40178
msp 599 s 335 83.0 1 520 gi|6 15478 15536 358 gi|40 9163 9221
msp 2245 s 310 83.8 -1 317 gi|37 11552 11631 358 gi|40 9167 9240
msp 1119 s 302 87.5 1 32 gi|11 28217 28264 358 gi|40 9175 9224
