index 382
frag gi|44 21503 21867
img_no 23
msp 2368 s 349 76.8 -1 382 gi|44 21503 21700 681 gi|75 15932 16117
msp 19 s 488 78.4 1 731 gi|8 4063 4215 382 gi|44 21548 21700
msp 2372 s 267 76.3 -1 382 gi|44 21568 21761 595 gi|68 31556 31745
msp 2370 s 281 76.5 -1 382 gi|44 21568 21648 595 gi|68 31543 31621
msp 949 s 276 75.3 1 39 gi|12 5950 6107 382 gi|44 21576 21725
msp 7 s 709 82.4 1 731 gi|8 4023 4215 382 gi|44 21578 21761
msp 2374 s 329 78.8 1 382 gi|44 21589 21701 647 gi|72 24964 25077
msp 2376 s 313 79.8 1 382 gi|44 21590 21762 647 gi|72 24904 25077
msp 2378 s 383 80.7 -1 382 gi|44 21595 21744 524 gi|60 14629 14783
msp 2380 s 512 80.9 -1 382 gi|44 21605 21761 681 gi|75 15932 16086
msp 2131 s 286 81.5 1 301 gi|36 5975 6055 382 gi|44 21622 21700
msp 2384 s 283 79.0 -1 382 gi|44 21637 21812 595 gi|68 31566 31746
msp 2382 s 333 81.2 -1 382 gi|44 21637 21700 595 gi|68 31556 31622
msp 1 s 587 81.6 1 731 gi|8 4017 4255 382 gi|44 21642 21861
msp 945 s 278 75.5 1 39 gi|12 5949 6107 382 gi|44 21645 21786
msp 2386 s 263 77.8 1 382 gi|44 21656 21831 647 gi|72 24904 25083
msp 2388 s 258 86.0 -1 382 gi|44 21661 21710 524 gi|60 14726 14783
msp 2390 s 478 80.8 -1 382 gi|44 21671 21831 681 gi|75 15924 16085
msp 2392 s 257 79.5 -1 382 gi|44 21678 21799 627 gi|71 11012 11149
msp 2133 s 266 82.7 1 301 gi|36 5981 6055 382 gi|44 21688 21761
msp 3 s 414 80.0 1 731 gi|8 4017 4156 382 gi|44 21700 21835
msp 951 s 280 76.7 1 39 gi|12 5951 6122 382 gi|44 21705 21867
msp 2394 s 409 81.9 -1 382 gi|44 21732 21825 681 gi|75 15986 16085
