index 393
frag gi|45 22795 26570
img_no 16
msp 403 s 30267 97.5 1 434 gi|5 3117 6756 393 gi|45 22795 26376
msp 2584 s 30676 99.3 -1 393 gi|45 23057 26455 541 gi|62 27180 30534
msp 2578 s 31109 99.8 -1 393 gi|45 23057 26376 448 gi|51 22856 26175
msp 2586 s 29924 99.1 1 393 gi|45 23057 26376 577 gi|66 7343 10739
msp 2590 s 480 80.2 -1 393 gi|45 26329 26570 540 gi|62 24761 25002
msp 397 s 553 81.1 1 434 gi|5 3093 3224 393 gi|45 26350 26499
msp 2592 s 904 85.8 -1 393 gi|45 26355 26544 540 gi|62 25245 25447
msp 339 s 335 79.6 1 434 gi|5 2834 3000 393 gi|45 26368 26555
msp 2594 s 439 73.1 -1 393 gi|45 26374 26544 540 gi|62 24692 24859
msp 2598 s 260 75.8 -1 393 gi|45 26375 26552 540 gi|62 24858 25045
msp 2596 s 354 78.9 -1 393 gi|45 26375 26549 540 gi|62 25143 25317
msp 2602 s 317 83.3 1 393 gi|45 26376 26507 506 gi|57 26798 26929
msp 2600 s 456 80.7 -1 393 gi|45 26376 26458 540 gi|62 24683 24766
msp 2604 s 317 73.3 1 393 gi|45 26432 26562 506 gi|57 26762 26890
msp 2608 s 319 78.1 -1 393 gi|45 26468 26563 540 gi|62 25323 25417
msp 407 s 250 74.7 1 434 gi|5 3118 3188 393 gi|45 26473 26544
