index 405
frag gi|47 26756 27027
img_no 8
msp 2628 s 355 84.6 -1 405 gi|47 26756 27027 654 gi|73 17292 17544
msp 2013 s 337 83.5 1 251 gi|33 1455 1557 405 gi|47 26891 26995
msp 2630 s 268 86.9 1 405 gi|47 26929 27012 674 gi|75 3433 3511
msp 2634 s 328 85.5 1 405 gi|47 26929 27011 639 gi|71 37141 37221
msp 1049 s 365 87.2 -1 30 gi|11 16289 16366 405 gi|47 26929 27007
msp 2632 s 535 96.2 1 405 gi|47 26929 27006 533 gi|61 14060 14135
msp 1273 s 422 90.0 -1 56 gi|14 13023 13092 405 gi|47 26929 27001
msp 2341 s 251 81.2 1 369 gi|42 15990 16053 405 gi|47 26934 26998
