index 41
frag gi|12 14507 15712
img_no 9
msp 958 s 505 76.6 -1 41 gi|12 14507 15024 462 gi|53 12327 12854
msp 960 s 3709 82.4 -1 41 gi|12 14630 15712 330 gi|39 6777 7871
msp 962 s 287 75.9 -1 41 gi|12 14633 15001 260 gi|33 26282 26658
msp 964 s 962 76.9 -1 41 gi|12 14672 15021 332 gi|39 11896 12241
msp 966 s 583 75.7 1 41 gi|12 14678 15035 375 gi|43 10770 11126
msp 968 s 742 79.1 1 41 gi|12 14693 15161 432 gi|49 35621 36051
msp 970 s 712 75.0 -1 41 gi|12 14780 15019 443 gi|51 615 863
msp 972 s 342 78.2 -1 41 gi|12 14789 15004 233 gi|31 2055 2297
msp 974 s 272 79.3 -1 41 gi|12 15303 15490 331 gi|39 11698 11889
