index 44
frag gi|12 21715 21869
img_no 16
msp 978 s 478 85.3 -1 44 gi|12 21715 21850 69 gi|15 33589 33712
msp 980 s 470 82.6 1 44 gi|12 21742 21850 590 gi|68 11403 11509
msp 982 s 318 79.2 1 44 gi|12 21742 21842 308 gi|36 30202 30304
msp 984 s 386 80.4 -1 44 gi|12 21749 21850 285 gi|35 9366 9465
msp 986 s 452 84.3 -1 44 gi|12 21762 21850 643 gi|72 9072 9162
msp 587 s 263 76.5 -1 520 gi|6 15448 15545 44 gi|12 21763 21869
msp 231 s 338 75.7 -1 612 gi|7 33165 33238 44 gi|12 21775 21850
msp 988 s 471 83.8 -1 44 gi|12 21777 21850 656 gi|73 27598 27671
msp 992 s 445 82.4 -1 44 gi|12 21777 21850 62 gi|15 19289 19362
msp 994 s 445 82.4 -1 44 gi|12 21777 21850 358 gi|40 9148 9221
msp 990 s 280 76.1 -1 44 gi|12 21777 21843 656 gi|73 27871 27937
msp 996 s 382 82.0 1 44 gi|12 21777 21837 623 gi|70 40118 40178
msp 998 s 406 84.5 -1 44 gi|12 21780 21850 254 gi|33 11725 11798
msp 1000 s 436 84.3 -1 44 gi|12 21781 21850 648 gi|72 35031 35100
msp 1002 s 258 81.6 -1 44 gi|12 21802 21850 642 gi|72 8773 8821
msp 1004 s 263 85.0 1 44 gi|12 21811 21850 303 gi|36 24863 24902
