index 450
frag gi|51 26671 27287
img_no 8
msp 2692 s 3069 82.3 1 450 gi|51 26671 27287 541 gi|62 30473 31079
msp 2696 s 1249 94.8 -1 450 gi|51 26671 26843 577 gi|66 7211 7404
msp 2698 s 626 89.9 1 450 gi|51 26928 27016 541 gi|62 30473 30562
msp 2702 s 611 88.8 -1 450 gi|51 26928 27016 577 gi|66 7315 7404
msp 2700 s 410 89.9 1 450 gi|51 26928 26996 540 gi|62 24612 24678
msp 2583 s 404 88.7 -1 392 gi|45 23057 23118 450 gi|51 26928 26988
msp 425 s 404 88.7 -1 434 gi|5 3360 3421 450 gi|51 26928 26988
msp 1635 s 253 83.0 -1 156 gi|24 30383 30435 450 gi|51 27013 27066
