index 487
frag gi|55 35241 35952
img_no 9
msp 1585 s 376 74.2 -1 133 gi|22 12690 13397 487 gi|55 35241 35951
msp 1555 s 732 76.2 -1 131 gi|22 7101 7790 487 gi|55 35266 35952
msp 2720 s 385 72.6 -1 487 gi|55 35271 35584 657 gi|73 29430 29743
msp 2722 s 424 70.5 1 487 gi|55 35289 35627 625 gi|71 4757 5089
msp 2724 s 392 72.3 1 487 gi|55 35294 35596 589 gi|68 7533 7836
msp 1543 s 444 75.9 -1 130 gi|22 6043 6685 487 gi|55 35300 35927
msp 875 s 520 72.6 -1 23 gi|10 37628 37875 487 gi|55 35330 35577
msp 2726 s 294 77.4 1 487 gi|55 35337 35628 593 gi|68 23558 23849
msp 1773 s 301 82.1 1 278 gi|35 1851 1956 487 gi|55 35465 35572
