index 513
frag gi|59 7734 9266
img_no 10
msp 1035 s 12070 99.9 -1 27 gi|11 7974 9305 513 gi|59 7734 9067
msp 1439 s 12040 99.8 -1 121 gi|20 37658 38990 513 gi|59 7737 9068
msp 2782 s 12061 99.9 1 513 gi|59 7738 9068 640 gi|72 320 1649
msp 563 s 12052 99.9 1 518 gi|6 7162 8491 513 gi|59 7739 9069
msp 2784 s 12073 99.9 1 513 gi|59 7739 9066 615 gi|70 1664 2991
msp 245 s 12032 98.8 1 96 gi|2 6282 7700 513 gi|59 7740 9164
msp 57 s 12051 100.0 -1 735 gi|8 18453 19778 513 gi|59 7740 9066
msp 2171 s 12019 99.4 1 306 gi|36 28008 29374 513 gi|59 7741 9112
msp 1709 s 11977 97.0 1 190 gi|28 5731 7267 513 gi|59 7743 9266
msp 2786 s 12033 99.9 1 513 gi|59 7744 9066 555 gi|64 3437 4759
