index 514
frag gi|59 10916 12354
img_no 10
msp 2788 s 12032 99.1 -1 514 gi|59 10916 12317 615 gi|70 1666 3046
msp 2790 s 12065 99.0 -1 514 gi|59 10929 12354 555 gi|64 3411 4840
msp 2169 s 12065 99.5 -1 306 gi|36 28005 29379 514 gi|59 10929 12320
msp 49 s 12045 99.5 1 735 gi|8 18424 19783 514 gi|59 10957 12320
msp 255 s 12034 99.8 -1 96 gi|2 6285 7614 514 gi|59 10984 12314
msp 1711 s 12031 99.8 -1 190 gi|28 5732 7058 514 gi|59 10988 12314
msp 567 s 12031 99.8 -1 518 gi|6 7164 8490 514 gi|59 10990 12316
msp 1441 s 12025 99.8 1 121 gi|20 37660 38986 514 gi|59 10992 12318
msp 2792 s 12052 99.9 -1 514 gi|59 10992 12316 640 gi|72 323 1647
msp 1039 s 12033 99.9 1 27 gi|11 7975 9297 514 gi|59 10992 12314
