index 520
frag gi|6 15448 15564
img_no 14
msp 586 s 263 76.5 -1 520 gi|6 15448 15545 44 gi|12 21763 21869
msp 588 s 342 82.8 -1 520 gi|6 15475 15538 308 gi|36 30234 30300
msp 590 s 286 78.6 1 520 gi|6 15475 15530 285 gi|35 9378 9433
msp 592 s 342 81.6 1 520 gi|6 15478 15564 648 gi|72 35046 35127
msp 602 s 317 79.4 1 520 gi|6 15478 15545 69 gi|15 33604 33671
msp 594 s 338 83.6 1 520 gi|6 15478 15538 643 gi|72 9087 9147
msp 604 s 322 82.0 1 520 gi|6 15478 15538 39 gi|12 5850 5910
msp 596 s 324 83.0 -1 520 gi|6 15478 15536 623 gi|70 40118 40176
msp 598 s 335 83.0 1 520 gi|6 15478 15536 358 gi|40 9163 9221
msp 600 s 335 83.0 1 520 gi|6 15478 15536 62 gi|15 19304 19362
msp 606 s 309 81.4 1 520 gi|6 15478 15536 656 gi|73 27613 27671
msp 608 s 309 81.4 -1 520 gi|6 15478 15536 590 gi|68 11436 11494
msp 610 s 250 82.3 1 520 gi|6 15478 15528 254 gi|33 11740 11790
msp 612 s 260 77.8 1 520 gi|6 15483 15536 656 gi|73 27884 27937
