index 533
frag gi|61 14030 14161
img_no 9
msp 2337 s 282 80.7 1 369 gi|42 15958 16050 533 gi|61 14030 14126
msp 2848 s 330 79.3 1 533 gi|61 14041 14132 674 gi|75 3413 3504
msp 2850 s 568 90.0 -1 533 gi|61 14042 14161 654 gi|73 17268 17399
msp 1053 s 509 90.4 -1 30 gi|11 16301 16383 533 gi|61 14043 14128
msp 1597 s 257 85.1 -1 135 gi|22 30783 30856 533 gi|61 14045 14125
msp 1271 s 509 95.3 -1 56 gi|14 13021 13105 533 gi|61 14047 14131
msp 2852 s 406 88.6 1 533 gi|61 14050 14128 639 gi|71 37131 37208
msp 2021 s 405 84.2 1 251 gi|33 1490 1565 533 gi|61 14058 14134
msp 2633 s 535 96.2 1 405 gi|47 26929 27006 533 gi|61 14060 14135
