index 540
frag gi|62 24538 25447
img_no 57
msp 2547 s 3477 85.0 -1 392 gi|45 22370 23197 540 gi|62 24538 25397
msp 347 s 1704 78.2 -1 434 gi|5 2841 3500 540 gi|62 24538 25220
msp 2683 s 1135 95.8 1 448 gi|51 26035 26177 540 gi|62 24538 24675
msp 2828 s 1124 95.7 -1 540 gi|62 24538 24675 577 gi|66 7341 7483
msp 2701 s 410 89.9 1 450 gi|51 26928 26996 540 gi|62 24612 24678
msp 2695 s 482 92.2 1 449 gi|51 26671 26734 540 gi|62 24612 24676
msp 2689 s 488 93.7 1 448 gi|51 26393 26455 540 gi|62 24612 24675
msp 391 s 851 83.1 -1 434 gi|5 2937 3197 540 gi|62 24683 24920
msp 2601 s 456 80.7 -1 393 gi|45 26376 26458 540 gi|62 24683 24766
msp 2529 s 540 74.1 -1 392 gi|45 22080 22434 540 gi|62 24684 25027
msp 2511 s 991 76.8 -1 392 gi|45 21569 22343 540 gi|62 24685 25423
msp 2523 s 834 82.1 -1 392 gi|45 21960 22707 540 gi|62 24687 25421
msp 2537 s 870 75.2 -1 392 gi|45 22164 22868 540 gi|62 24690 25416
msp 375 s 351 84.2 -1 434 gi|5 2858 2914 540 gi|62 24690 24746
msp 2543 s 3922 90.7 -1 392 gi|45 22257 22947 540 gi|62 24692 25423
msp 2507 s 460 76.5 -1 392 gi|45 21480 22239 540 gi|62 24692 25419
msp 2491 s 986 81.6 -1 392 gi|45 21109 21467 540 gi|62 24692 25080
msp 2805 s 293 73.5 -1 506 gi|57 26373 26602 540 gi|62 24692 24932
msp 2595 s 439 73.1 -1 393 gi|45 26374 26544 540 gi|62 24692 24859
msp 2501 s 251 79.7 -1 392 gi|45 21314 21387 540 gi|62 24692 24765
msp 2807 s 276 72.5 -1 506 gi|57 26446 26961 540 gi|62 24697 25218
msp 2485 s 650 75.0 -1 392 gi|45 20997 21541 540 gi|62 24712 25300
msp 2817 s 455 74.0 -1 506 gi|57 26529 26851 540 gi|62 24712 25046
msp 2477 s 370 73.4 -1 392 gi|45 20705 21046 540 gi|62 24720 25063
msp 333 s 935 81.7 -1 434 gi|5 2821 3039 540 gi|62 24728 24958
msp 2809 s 329 74.9 -1 506 gi|57 26452 26654 540 gi|62 24731 24927
msp 359 s 366 79.6 -1 434 gi|5 2855 2952 540 gi|62 24731 24841
msp 2499 s 881 74.4 -1 392 gi|45 21314 21997 540 gi|62 24732 25415
msp 2495 s 366 72.8 -1 392 gi|45 21150 21694 540 gi|62 24732 25309
msp 2519 s 527 76.3 -1 392 gi|45 21873 22561 540 gi|62 24735 25423
msp 2591 s 480 80.2 -1 393 gi|45 26329 26570 540 gi|62 24761 25002
msp 2517 s 607 75.8 -1 392 gi|45 21788 22427 540 gi|62 24784 25419
msp 2551 s 772 75.9 -1 392 gi|45 22455 23039 540 gi|62 24784 25396
msp 2533 s 368 75.3 -1 392 gi|45 22119 22702 540 gi|62 24784 25359
msp 335 s 499 77.9 -1 434 gi|5 2823 3343 540 gi|62 24784 25337
msp 2599 s 260 75.8 -1 393 gi|45 26375 26552 540 gi|62 24858 25045
msp 2553 s 615 80.5 -1 392 gi|45 22533 23041 540 gi|62 24864 25413
msp 2227 s 290 83.3 -1 311 gi|36 39828 39935 540 gi|62 24866 24977
msp 2813 s 387 75.9 -1 506 gi|57 26498 26961 540 gi|62 24871 25359
msp 2497 s 293 73.0 -1 392 gi|45 21220 21694 540 gi|62 24906 25421
msp 2830 s 374 79.7 -1 540 gi|62 24908 25040 577 gi|66 12675 12795
msp 2475 s 368 77.8 -1 391 gi|45 20520 20722 540 gi|62 24964 25137
msp 2561 s 509 74.4 -1 392 gi|45 22795 23044 540 gi|62 24967 25220
msp 2832 s 314 79.6 -1 540 gi|62 25053 25238 577 gi|66 12645 12848
msp 2567 s 469 80.1 -1 392 gi|45 22811 22996 540 gi|62 25110 25301
msp 2811 s 340 76.3 -1 506 gi|57 26456 26649 540 gi|62 25111 25305
msp 2597 s 354 78.9 -1 393 gi|45 26375 26549 540 gi|62 25143 25317
msp 405 s 483 80.3 -1 434 gi|5 3117 3344 540 gi|62 25147 25413
msp 2563 s 396 75.9 -1 392 gi|45 22795 23039 540 gi|62 25148 25413
msp 2819 s 344 82.3 -1 506 gi|57 26704 26839 540 gi|62 25181 25326
msp 395 s 293 73.9 -1 434 gi|5 3002 3227 540 gi|62 25190 25415
msp 2821 s 292 74.4 -1 506 gi|57 26795 26989 540 gi|62 25220 25416
msp 2571 s 458 75.0 -1 392 gi|45 22878 23053 540 gi|62 25230 25411
msp 2593 s 904 85.8 -1 393 gi|45 26355 26544 540 gi|62 25245 25447
msp 2609 s 319 78.1 -1 393 gi|45 26468 26563 540 gi|62 25323 25417
msp 2575 s 531 82.5 -1 392 gi|45 22959 23055 540 gi|62 25329 25423
msp 349 s 257 78.1 -1 434 gi|5 2841 2913 540 gi|62 25341 25413
