index 541
frag gi|62 25255 31079
img_no 27
msp 2834 s 16495 97.4 -1 541 gi|62 25255 27174 577 gi|66 10913 12839
msp 2679 s 48987 99.2 1 448 gi|51 21040 26442 541 gi|62 25426 30802
msp 2607 s 17042 99.6 -1 394 gi|45 26468 28300 541 gi|62 25426 27262
msp 439 s 16401 99.9 -1 434 gi|5 6930 8676 541 gi|62 25426 27174
msp 441 s 259 92.5 1 434 gi|5 8634 8686 541 gi|62 27123 27173
msp 2585 s 30676 99.3 -1 393 gi|45 23057 26455 541 gi|62 27180 30534
msp 2541 s 323 81.4 -1 392 gi|45 22246 22342 541 gi|62 27180 27283
msp 2525 s 321 76.8 -1 392 gi|45 22063 22144 541 gi|62 27180 27262
msp 2535 s 378 79.8 -1 392 gi|45 22148 22241 541 gi|62 27185 27280
msp 399 s 293 74.0 -1 434 gi|5 3093 3188 541 gi|62 27187 27287
msp 2573 s 284 75.6 -1 392 gi|45 22958 23039 541 gi|62 27187 27268
msp 2836 s 1231 100.0 -1 541 gi|62 27261 27404 577 gi|66 10596 10739
msp 431 s 1231 100.0 -1 434 gi|5 6613 6756 541 gi|62 27261 27404
msp 2838 s 30443 99.7 -1 541 gi|62 27399 30668 577 gi|66 7211 10484
msp 419 s 29316 99.7 -1 434 gi|5 3354 6501 541 gi|62 27399 30540
msp 2693 s 3069 82.3 1 450 gi|51 26671 27287 541 gi|62 30473 31079
msp 2687 s 2784 97.3 1 449 gi|51 26393 26720 541 gi|62 30473 30802
msp 2699 s 626 89.9 1 450 gi|51 26928 27016 541 gi|62 30473 30562
msp 2589 s 342 90.2 -1 392 gi|45 23068 23118 541 gi|62 30753 30802
msp 2685 s 342 90.2 1 448 gi|51 26114 26164 541 gi|62 30753 30802
msp 2840 s 339 90.0 -1 541 gi|62 30753 30802 577 gi|66 7354 7404
msp 427 s 342 90.2 -1 434 gi|5 3371 3421 541 gi|62 30753 30802
msp 2143 s 389 87.6 -1 303 gi|36 24797 24885 541 gi|62 30773 30859
msp 1615 s 258 82.8 -1 152 gi|24 24395 24487 541 gi|62 30786 30877
msp 1631 s 274 78.8 -1 156 gi|24 30355 30434 541 gi|62 30799 30877
msp 2842 s 414 91.4 1 541 gi|62 30800 30857 641 gi|72 3191 3248
msp 287 s 326 90.2 1 103 gi|2 18860 18910 541 gi|62 30806 30856
