index 551
frag gi|63 30659 31800
img_no 7
msp 2882 s 252 75.5 1 551 gi|63 30659 30895 633 gi|71 22717 22947
msp 2355 s 491 75.5 -1 379 gi|43 38883 39937 551 gi|63 30712 31800
msp 1771 s 252 71.0 1 278 gi|35 1783 1989 551 gi|63 30716 30928
msp 865 s 416 79.3 -1 23 gi|10 37455 37811 551 gi|63 30717 31073
msp 2884 s 330 76.5 -1 551 gi|63 30717 30959 657 gi|73 29378 29620
msp 2465 s 268 72.8 1 389 gi|45 15301 15785 551 gi|63 30795 31278
msp 2886 s 258 72.5 1 551 gi|63 30801 30909 686 gi|75 20622 20728
