index 555
frag gi|64 3278 4840
img_no 11
msp 1433 s 11955 96.9 -1 121 gi|20 37600 39143 555 gi|64 3278 4806
msp 1701 s 11959 98.0 1 190 gi|28 5619 7073 555 gi|64 3334 4783
msp 237 s 12018 97.6 1 96 gi|2 6187 7667 555 gi|64 3339 4820
msp 555 s 11960 97.9 1 518 gi|6 7057 8517 555 gi|64 3342 4789
msp 51 s 12029 98.5 -1 735 gi|8 18427 19848 555 gi|64 3359 4787
msp 2898 s 12064 99.5 1 555 gi|64 3395 4766 615 gi|70 1638 2997
msp 2791 s 12065 99.0 -1 514 gi|59 10929 12354 555 gi|64 3411 4840
msp 2900 s 12063 99.3 1 555 gi|64 3433 4806 640 gi|72 321 1687
msp 2173 s 12049 99.8 1 306 gi|36 28009 29348 555 gi|64 3435 4775
msp 1031 s 12011 99.1 -1 27 gi|11 7913 9297 555 gi|64 3437 4806
msp 2787 s 12033 99.9 1 513 gi|59 7744 9066 555 gi|64 3437 4759
