index 577
frag gi|66 7211 12858
img_no 21
msp 2681 s 31476 99.1 -1 448 gi|51 22813 26308 577 gi|66 7211 10782
msp 2839 s 30443 99.7 -1 541 gi|62 27399 30668 577 gi|66 7211 10484
msp 2691 s 1614 96.9 -1 449 gi|51 26393 26586 577 gi|66 7211 7404
msp 2697 s 1249 94.8 -1 450 gi|51 26671 26843 577 gi|66 7211 7404
msp 2703 s 611 88.8 -1 450 gi|51 26928 27016 577 gi|66 7315 7404
msp 421 s 49673 99.6 1 434 gi|5 3357 8679 577 gi|66 7340 12662
msp 2829 s 1124 95.7 -1 540 gi|62 24538 24675 577 gi|66 7341 7483
msp 2587 s 29924 99.1 1 393 gi|45 23057 26376 577 gi|66 7343 10739
msp 2841 s 339 90.0 -1 541 gi|62 30753 30802 577 gi|66 7354 7404
msp 433 s 472 81.2 1 434 gi|5 6727 6880 577 gi|66 10440 10592
msp 2837 s 1231 100.0 -1 541 gi|62 27261 27404 577 gi|66 10596 10739
msp 429 s 474 83.0 1 434 gi|5 6457 6609 577 gi|66 10710 10863
msp 2677 s 16670 99.7 -1 448 gi|51 21039 22845 577 gi|66 10871 12660
msp 2613 s 16282 99.5 1 394 gi|45 26556 28301 577 gi|66 10912 12660
msp 2835 s 16495 97.4 -1 541 gi|62 25255 27174 577 gi|66 10913 12839
msp 2833 s 314 79.6 -1 540 gi|62 25053 25238 577 gi|66 12645 12848
msp 2815 s 820 80.2 1 506 gi|57 26524 26700 577 gi|66 12662 12854
msp 2555 s 439 77.2 1 392 gi|45 22628 22798 577 gi|66 12663 12858
msp 2831 s 374 79.7 -1 540 gi|62 24908 25040 577 gi|66 12675 12795
msp 2549 s 312 77.4 1 392 gi|45 22451 22618 577 gi|66 12686 12848
msp 2823 s 267 79.5 1 506 gi|57 26813 26924 577 gi|66 12686 12796
