index 586
frag gi|68 1710 1856
img_no 10
msp 2922 s 304 87.9 1 586 gi|68 1710 1775 606 gi|69 32339 32404
msp 2865 s 253 80.3 1 574 gi|65 35745 35810 586 gi|68 1711 1776
msp 1895 s 264 85.5 -1 294 gi|35 29020 29088 586 gi|68 1713 1781
msp 2233 s 250 83.4 -1 313 gi|37 2511 2667 586 gi|68 1714 1856
msp 2239 s 298 85.7 1 313 gi|37 2603 2672 586 gi|68 1715 1782
msp 1785 s 318 87.5 1 279 gi|35 5801 5864 586 gi|68 1718 1781
msp 1883 s 318 87.5 -1 292 gi|35 22971 23034 586 gi|68 1718 1781
msp 741 s 306 82.1 1 744 gi|9 10769 10824 586 gi|68 1718 1773
msp 2119 s 324 78.8 1 264 gi|33 30910 30975 586 gi|68 1720 1785
msp 2433 s 325 87.1 1 337 gi|39 23299 23360 586 gi|68 1720 1781
