index 590
frag gi|68 11375 11797
img_no 38
msp 1221 s 1527 92.1 -1 69 gi|15 33470 33721 590 gi|68 11375 11637
msp 1153 s 876 91.7 -1 62 gi|15 19264 19407 590 gi|68 11382 11534
msp 629 s 485 76.8 1 743 gi|9 10358 10547 590 gi|68 11397 11588
msp 167 s 1409 87.4 -1 612 gi|7 32877 33265 590 gi|68 11403 11755
msp 981 s 470 82.6 1 44 gi|12 21742 21850 590 gi|68 11403 11509
msp 2932 s 1218 81.6 -1 590 gi|68 11412 11705 656 gi|73 27675 27956
msp 2299 s 1461 95.5 -1 358 gi|40 9065 9240 590 gi|68 11417 11592
msp 1111 s 287 84.5 -1 32 gi|11 28217 28274 590 gi|68 11424 11482
msp 2934 s 1389 91.5 -1 590 gi|68 11427 11627 648 gi|72 34902 35113
msp 2936 s 598 98.5 1 590 gi|68 11431 11496 623 gi|70 40113 40178
msp 2938 s 1492 95.9 -1 590 gi|68 11432 11627 656 gi|73 27470 27675
msp 921 s 1141 91.8 -1 39 gi|12 5704 5911 590 gi|68 11433 11637
msp 2189 s 1016 87.2 1 308 gi|36 30233 30396 590 gi|68 11433 11594
msp 1843 s 664 81.5 -1 285 gi|35 9286 9442 590 gi|68 11433 11590
msp 2940 s 817 94.1 -1 590 gi|68 11433 11534 643 gi|72 9047 9148
msp 609 s 309 81.4 -1 520 gi|6 15478 15536 590 gi|68 11436 11494
msp 2033 s 2236 93.7 -1 254 gi|33 11483 11799 590 gi|68 11438 11763
msp 2249 s 287 86.5 1 317 gi|37 11580 11631 590 gi|68 11439 11490
msp 2151 s 311 82.6 1 303 gi|36 24839 24924 590 gi|68 11444 11532
msp 2942 s 590 82.2 -1 590 gi|68 11460 11594 642 gi|72 8690 8822
msp 2944 s 463 89.3 -1 590 gi|68 11460 11534 673 gi|75 105 175
msp 2946 s 379 88.1 -1 590 gi|68 11529 11637 635 gi|71 26404 26503
msp 1819 s 296 90.7 -1 285 gi|35 9189 9231 590 gi|68 11529 11573
msp 1067 s 918 84.5 -1 32 gi|11 28000 28218 590 gi|68 11535 11756
msp 1933 s 400 89.5 -1 237 gi|31 33980 34074 590 gi|68 11535 11637
msp 2213 s 258 77.7 1 308 gi|36 30449 30542 590 gi|68 11535 11637
msp 719 s 331 81.0 1 743 gi|9 10663 10757 590 gi|68 11535 11637
msp 1949 s 315 88.2 -1 237 gi|31 34029 34130 590 gi|68 11535 11627
msp 681 s 257 80.8 1 743 gi|9 10549 10652 590 gi|68 11535 11627
msp 2283 s 403 90.4 -1 358 gi|40 8912 9005 590 gi|68 11536 11637
msp 771 s 434 98.0 -1 746 gi|9 30184 30234 590 gi|68 11536 11586
msp 2257 s 944 87.9 1 317 gi|37 11619 11800 590 gi|68 11574 11757
msp 2155 s 1106 92.1 1 304 gi|36 25205 25368 590 gi|68 11589 11753
msp 1173 s 788 85.9 -1 64 gi|15 23732 23887 590 gi|68 11599 11754
msp 1901 s 493 86.2 -1 296 gi|35 33342 33457 590 gi|68 11667 11774
msp 2948 s 327 81.8 -1 590 gi|68 11676 11752 642 gi|72 8609 8684
msp 1019 s 345 82.7 -1 26 gi|11 7284 7381 590 gi|68 11700 11797
msp 2950 s 399 96.0 -1 590 gi|68 11701 11750 635 gi|71 26343 26392
