index 606
frag gi|69 32296 32442
img_no 11
msp 1777 s 374 83.5 1 279 gi|35 5747 5873 606 gi|69 32296 32422
msp 1779 s 268 87.5 -1 279 gi|35 5756 5875 606 gi|69 32316 32442
msp 2429 s 283 88.0 -1 337 gi|39 23297 23371 606 gi|69 32316 32401
msp 1877 s 289 90.5 1 292 gi|35 22960 23033 606 gi|69 32316 32400
msp 1879 s 397 85.2 -1 292 gi|35 22962 23049 606 gi|69 32334 32422
msp 2923 s 304 87.9 1 586 gi|68 1710 1775 606 gi|69 32339 32404
msp 1893 s 301 82.2 -1 294 gi|35 29018 29090 606 gi|69 32340 32411
msp 2237 s 264 85.9 1 313 gi|37 2602 2665 606 gi|69 32344 32404
msp 739 s 285 86.0 1 744 gi|9 10768 10824 606 gi|69 32346 32402
msp 2121 s 299 88.0 1 264 gi|33 30910 30992 606 gi|69 32349 32431
msp 2431 s 325 83.1 1 337 gi|39 23299 23369 606 gi|69 32349 32422
