index 612
frag gi|7 32830 33344
img_no 40
msp 154 s 355 77.2 1 612 gi|7 32830 32965 296 gi|35 33328 33457
msp 156 s 428 77.6 1 612 gi|7 32853 32995 64 gi|15 23711 23849
msp 158 s 310 81.1 1 612 gi|7 32859 32932 26 gi|11 7311 7381
msp 160 s 1232 83.9 1 612 gi|7 32874 33121 32 gi|11 27998 28236
msp 164 s 518 82.1 -1 612 gi|7 32874 32996 317 gi|37 11678 11797
msp 162 s 261 86.4 1 612 gi|7 32874 32932 642 gi|72 8607 8661
msp 166 s 1409 87.4 -1 612 gi|7 32877 33265 590 gi|68 11403 11755
msp 168 s 1028 85.7 1 612 gi|7 32877 33099 254 gi|33 11492 11712
msp 170 s 670 89.8 -1 612 gi|7 32879 32996 304 gi|36 25252 25368
msp 172 s 336 88.0 1 612 gi|7 32882 32931 635 gi|71 26343 26392
msp 174 s 357 83.7 1 612 gi|7 32936 33058 656 gi|73 27680 27801
msp 176 s 817 92.2 1 612 gi|7 32968 33158 237 gi|31 33950 34130
msp 178 s 539 92.3 1 612 gi|7 32980 33070 643 gi|72 8970 9057
msp 180 s 1070 84.3 1 612 gi|7 32992 33240 648 gi|72 34836 35108
msp 182 s 1039 87.1 1 612 gi|7 32992 33239 69 gi|15 33455 33665
msp 184 s 512 96.2 1 612 gi|7 32992 33070 62 gi|15 19199 19274
msp 186 s 1148 92.7 1 612 gi|7 32993 33157 358 gi|40 8898 9063
msp 188 s 1102 85.2 1 612 gi|7 32995 33250 656 gi|73 27409 27681
msp 190 s 903 86.1 1 612 gi|7 32996 33240 39 gi|12 5693 5912
msp 192 s 754 85.2 -1 612 gi|7 32996 33211 743 gi|9 10527 10768
msp 194 s 668 92.3 1 612 gi|7 32996 33099 635 gi|71 26393 26497
msp 196 s 876 84.7 -1 612 gi|7 32997 33212 308 gi|36 30322 30552
msp 198 s 427 85.6 1 612 gi|7 33003 33099 746 gi|9 30127 30234
msp 200 s 584 76.0 -1 612 gi|7 33017 33266 308 gi|36 30204 30476
msp 202 s 693 83.8 -1 612 gi|7 33017 33177 743 gi|9 10518 10690
msp 206 s 605 78.1 -1 612 gi|7 33026 33240 743 gi|9 10391 10628
msp 204 s 602 78.0 1 612 gi|7 33026 33239 358 gi|40 8985 9224
msp 208 s 531 84.0 1 612 gi|7 33062 33155 285 gi|35 9189 9280
msp 210 s 774 85.3 1 612 gi|7 33067 33263 254 gi|33 11619 11814
msp 212 s 543 90.7 -1 612 gi|7 33073 33158 743 gi|9 10663 10747
msp 214 s 645 79.1 1 612 gi|7 33082 33344 656 gi|73 27768 28054
msp 216 s 708 82.5 1 612 gi|7 33085 33221 642 gi|72 8678 8829
msp 218 s 408 88.3 1 612 gi|7 33099 33158 280 gi|35 5969 6028
msp 220 s 474 89.5 -1 612 gi|7 33102 33177 308 gi|36 30418 30505
msp 222 s 325 86.3 1 612 gi|7 33103 33153 549 gi|63 29888 29938
msp 224 s 325 86.3 1 612 gi|7 33103 33153 92 gi|19 18434 18484
msp 226 s 311 74.0 1 612 gi|7 33160 33305 62 gi|15 19284 19432
msp 228 s 304 71.8 1 612 gi|7 33162 33239 285 gi|35 9363 9442
msp 230 s 338 75.7 -1 612 gi|7 33165 33238 44 gi|12 21775 21850
msp 232 s 265 75.3 1 612 gi|7 33180 33256 32 gi|11 28204 28282
