index 635
frag gi|71 26249 26952
img_no 34
msp 2275 s 925 84.0 1 358 gi|40 8749 9005 635 gi|71 26249 26497
msp 2031 s 453 90.0 1 254 gi|33 11477 11546 635 gi|71 26322 26392
msp 2263 s 251 82.4 -1 317 gi|37 11743 11816 635 gi|71 26323 26392
msp 1073 s 268 80.4 1 32 gi|11 28005 28055 635 gi|71 26342 26392
msp 173 s 336 88.0 1 612 gi|7 32882 32931 635 gi|71 26343 26392
msp 2163 s 363 92.0 -1 304 gi|36 25316 25365 635 gi|71 26343 26392
msp 2951 s 399 96.0 -1 590 gi|68 11701 11750 635 gi|71 26343 26392
msp 1025 s 304 85.7 1 26 gi|11 7332 7380 635 gi|71 26344 26392
msp 3010 s 290 83.7 1 635 gi|71 26344 26392 642 gi|72 8612 8660
msp 899 s 897 92.4 1 39 gi|12 5682 5799 635 gi|71 26383 26499
msp 727 s 576 96.9 -1 743 gi|9 10708 10772 635 gi|71 26389 26453
msp 3012 s 891 93.1 1 635 gi|71 26390 26519 656 gi|73 27406 27543
msp 1927 s 942 93.3 1 237 gi|31 33968 34102 635 gi|71 26392 26521
msp 2219 s 352 85.2 -1 308 gi|36 30494 30554 635 gi|71 26392 26453
msp 1093 s 632 84.3 1 32 gi|11 28118 28283 635 gi|71 26393 26562
msp 1145 s 518 83.9 1 62 gi|15 19203 19563 635 gi|71 26393 26728
msp 3016 s 555 85.1 1 635 gi|71 26393 26540 643 gi|72 8986 9144
msp 1219 s 652 90.7 1 69 gi|15 33459 33566 635 gi|71 26393 26500
msp 195 s 668 92.3 1 612 gi|7 32996 33099 635 gi|71 26393 26497
msp 3014 s 888 96.2 1 635 gi|71 26393 26497 648 gi|72 34842 34946
msp 2049 s 292 86.3 1 254 gi|33 11610 11813 635 gi|71 26404 26561
msp 2947 s 379 88.1 -1 590 gi|68 11529 11637 635 gi|71 26404 26503
msp 1957 s 400 87.3 1 237 gi|31 34053 34131 635 gi|71 26423 26499
msp 1845 s 308 87.5 1 285 gi|35 9286 9333 635 gi|71 26442 26489
msp 703 s 327 86.0 -1 743 gi|9 10612 10661 635 gi|71 26444 26493
msp 767 s 257 83.7 1 746 gi|9 30184 30269 635 gi|71 26446 26528
msp 271 s 289 89.9 1 101 gi|2 15471 15559 635 gi|71 26680 26763
msp 2001 s 463 86.2 -1 249 gi|33 80 209 635 gi|71 26683 26820
msp 2769 s 1009 79.5 1 478 gi|54 26502 26784 635 gi|71 26663 26952
msp 1413 s 920 78.4 -1 118 gi|20 34759 35017 635 gi|71 26686 26948
msp 1419 s 254 83.6 1 118 gi|20 34911 34977 635 gi|71 26696 26758
msp 2007 s 288 80.2 1 249 gi|33 105 205 635 gi|71 26699 26792
msp 273 s 282 82.9 -1 101 gi|2 15502 15577 635 gi|71 26705 26779
msp 2773 s 272 92.9 -1 478 gi|54 26564 26605 635 gi|71 26711 26758
