index 639
frag gi|71 37105 37295
img_no 7
msp 3018 s 318 84.6 -1 639 gi|71 37105 37221 654 gi|73 17296 17418
msp 1047 s 277 79.1 -1 30 gi|11 16224 16376 639 gi|71 37131 37295
msp 1269 s 351 81.0 -1 56 gi|14 12987 13102 639 gi|71 37131 37261
msp 2853 s 406 88.6 1 533 gi|61 14050 14128 639 gi|71 37131 37208
msp 2019 s 259 80.7 1 251 gi|33 1490 1572 639 gi|71 37139 37219
msp 2635 s 328 85.5 1 405 gi|47 26929 27011 639 gi|71 37141 37221
msp 2459 s 254 85.0 -1 388 gi|45 9435 9534 639 gi|71 37162 37259
