index 643
frag gi|72 8969 9202
img_no 27
msp 1137 s 1415 95.1 1 62 gi|15 19186 19369 643 gi|72 8969 9152
msp 179 s 539 92.3 1 612 gi|7 32980 33070 643 gi|72 8970 9057
msp 1211 s 1040 94.0 1 69 gi|15 33448 33665 643 gi|72 8973 9148
msp 2277 s 485 93.4 1 358 gi|40 8893 8953 643 gi|72 8978 9038
msp 69 s 251 81.5 1 737 gi|8 27344 27397 643 gi|72 8982 9038
msp 729 s 483 96.4 -1 743 gi|9 10716 10771 643 gi|72 8983 9038
msp 1087 s 530 82.4 1 32 gi|11 28116 28280 643 gi|72 8984 9160
msp 2978 s 475 96.4 1 643 gi|72 8984 9038 656 gi|73 27408 27462
msp 3017 s 555 85.1 1 635 gi|71 26393 26540 643 gi|72 8986 9144
msp 1929 s 485 98.1 1 237 gi|31 33969 34021 643 gi|72 8986 9038
msp 909 s 499 100.0 1 39 gi|12 5693 5745 643 gi|72 8986 9038
msp 2221 s 279 84.3 -1 308 gi|36 30502 30552 643 gi|72 8987 9038
msp 2047 s 621 91.6 1 254 gi|33 11610 11799 643 gi|72 8997 9143
msp 933 s 934 95.6 1 39 gi|12 5800 5934 643 gi|72 9037 9163
msp 2980 s 424 87.0 1 643 gi|72 9045 9121 673 gi|75 103 175
msp 2982 s 830 94.3 1 643 gi|72 9047 9152 656 gi|73 27573 27678
msp 2301 s 804 94.1 1 358 gi|40 9123 9224 643 gi|72 9047 9148
msp 2941 s 817 94.1 -1 590 gi|68 11433 11534 643 gi|72 9047 9148
msp 1847 s 509 76.7 1 285 gi|35 9342 9457 643 gi|72 9048 9163
msp 2147 s 289 82.6 -1 303 gi|36 24839 24924 643 gi|72 9049 9137
msp 2181 s 561 85.6 -1 308 gi|36 30231 30334 643 gi|72 9050 9150
msp 2984 s 365 74.3 1 643 gi|72 9050 9150 656 gi|73 27844 27942
msp 639 s 340 75.7 -1 743 gi|9 10378 10484 643 gi|72 9056 9163
msp 987 s 452 84.3 -1 44 gi|12 21762 21850 643 gi|72 9072 9162
msp 2909 s 474 90.4 -1 623 gi|70 40085 40178 643 gi|72 9085 9202
msp 595 s 338 83.6 1 520 gi|6 15478 15538 643 gi|72 9087 9147
msp 2255 s 265 86.3 -1 317 gi|37 11581 11631 643 gi|72 9091 9141
