index 647
frag gi|72 24904 25202
img_no 7
msp 2387 s 263 77.8 1 382 gi|44 21656 21831 647 gi|72 24904 25083
msp 2377 s 313 79.8 1 382 gi|44 21590 21762 647 gi|72 24904 25077
msp 2988 s 374 83.3 -1 647 gi|72 24916 25011 681 gi|75 15934 16024
msp 2990 s 580 82.7 -1 647 gi|72 24932 25202 681 gi|75 15762 16072
msp 2895 s 441 83.5 1 494 gi|56 16257 16426 647 gi|72 24964 25118
msp 2375 s 329 78.8 1 382 gi|44 21589 21701 647 gi|72 24964 25077
msp 2992 s 304 87.9 -1 647 gi|72 24982 25072 681 gi|75 15994 16085
