index 654
frag gi|73 17268 17544
img_no 8
msp 2851 s 568 90.0 -1 533 gi|61 14042 14161 654 gi|73 17268 17399
msp 2914 s 323 82.1 -1 654 gi|73 17288 17393 674 gi|75 3417 3527
msp 2629 s 355 84.6 -1 405 gi|47 26756 27027 654 gi|73 17292 17544
msp 3019 s 318 84.6 -1 639 gi|71 37105 37221 654 gi|73 17296 17418
msp 2017 s 359 85.1 -1 251 gi|33 1490 1563 654 gi|73 17310 17382
msp 1051 s 443 89.7 1 30 gi|11 16295 16381 654 gi|73 17311 17395
msp 1275 s 452 91.0 1 56 gi|14 13028 13105 654 gi|73 17315 17393
msp 2339 s 254 83.1 -1 369 gi|42 15968 16050 654 gi|73 17316 17401
