index 659
frag gi|73 31589 33031
img_no 7
msp 2313 s 344 71.7 1 324 gi|38 13929 14557 659 gi|73 31589 32270
msp 2863 s 860 75.8 -1 570 gi|65 22936 24235 659 gi|73 31690 32997
msp 1479 s 330 72.6 1 162 gi|25 23628 24152 659 gi|73 31718 32254
msp 1649 s 290 68.3 1 245 gi|32 35752 35890 659 gi|73 31736 31879
msp 1647 s 290 79.8 1 243 gi|32 4164 4252 659 gi|73 32164 32252
msp 2315 s 1282 77.2 1 324 gi|38 14925 15301 659 gi|73 32644 33031
msp 1755 s 447 98.0 -1 231 gi|30 32018 32068 659 gi|73 32947 32997
