index 673
frag gi|75 103 209
img_no 12
msp 937 s 446 85.4 1 39 gi|12 5808 5930 673 gi|75 103 206
msp 1149 s 490 89.6 1 62 gi|15 19262 19338 673 gi|75 103 175
msp 2981 s 424 87.0 1 643 gi|72 9045 9121 673 gi|75 103 175
msp 2999 s 459 87.5 1 648 gi|72 35006 35109 673 gi|75 105 209
msp 2977 s 267 82.2 1 642 gi|72 8751 8823 673 gi|75 105 176
msp 1241 s 380 84.0 1 69 gi|15 33564 33638 673 gi|75 105 175
msp 2303 s 469 89.3 1 358 gi|40 9123 9197 673 gi|75 105 175
msp 2917 s 446 88.0 1 656 gi|73 27573 27647 673 gi|75 105 175
msp 2945 s 463 89.3 -1 590 gi|68 11460 11534 673 gi|75 105 175
msp 1849 s 371 84.2 1 285 gi|35 9342 9417 673 gi|75 106 177
msp 2195 s 333 82.4 -1 308 gi|36 30261 30334 673 gi|75 108 177
msp 2073 s 357 88.7 1 254 gi|33 11713 11774 673 gi|75 118 175
