index 681
frag gi|75 15762 16117
img_no 19
msp 2991 s 580 82.7 -1 647 gi|72 24932 25202 681 gi|75 15762 16072
msp 13 s 523 83.2 -1 731 gi|8 4048 4225 681 gi|75 15924 16087
msp 2391 s 478 80.8 -1 382 gi|44 21671 21831 681 gi|75 15924 16085
msp 947 s 322 86.0 -1 39 gi|12 5950 6085 681 gi|75 15924 16047
msp 2893 s 505 82.0 -1 494 gi|56 16215 16375 681 gi|75 15925 16085
msp 2369 s 349 76.8 -1 382 gi|44 21503 21700 681 gi|75 15932 16117
msp 2381 s 512 80.9 -1 382 gi|44 21605 21761 681 gi|75 15932 16086
msp 5 s 360 83.3 -1 731 gi|8 4017 4148 681 gi|75 15932 16051
msp 2989 s 374 83.3 -1 647 gi|72 24916 25011 681 gi|75 15934 16024
msp 2891 s 373 81.4 -1 494 gi|56 16195 16291 681 gi|75 15947 16036
msp 2889 s 353 87.8 -1 493 gi|56 16149 16230 681 gi|75 15947 16024
msp 3009 s 324 81.6 1 627 gi|71 11008 11148 681 gi|75 15949 16077
msp 2395 s 409 81.9 -1 382 gi|44 21732 21825 681 gi|75 15986 16085
msp 29 s 366 85.4 -1 731 gi|8 4119 4214 681 gi|75 15991 16086
msp 2129 s 281 79.2 -1 301 gi|36 5975 6051 681 gi|75 15993 16068
msp 2993 s 304 87.9 -1 647 gi|72 24982 25072 681 gi|75 15994 16085
msp 2955 s 333 81.7 1 595 gi|68 31563 31622 681 gi|75 15997 16056
msp 2957 s 295 83.3 1 595 gi|68 31703 31768 681 gi|75 16013 16082
msp 2367 s 303 95.0 -1 381 gi|44 20555 20594 681 gi|75 16015 16055
