index 69
frag gi|15 33433 33721
img_no 30
msp 1206 s 1443 92.7 1 69 gi|15 33433 33666 656 gi|73 27381 27675
msp 1208 s 404 75.6 -1 69 gi|15 33441 33563 308 gi|36 30449 30576
msp 1210 s 1040 94.0 1 69 gi|15 33448 33665 643 gi|72 8973 9148
msp 183 s 1039 87.1 1 612 gi|7 32992 33239 69 gi|15 33455 33665
msp 711 s 634 83.7 -1 743 gi|9 10649 10771 69 gi|15 33456 33575
msp 1089 s 665 88.3 1 32 gi|11 28116 28218 69 gi|15 33457 33563
msp 1212 s 701 92.4 1 69 gi|15 33458 33562 358 gi|40 8900 9005
msp 911 s 1384 91.2 1 39 gi|12 5693 5930 69 gi|15 33459 33686
msp 1216 s 714 90.6 1 69 gi|15 33459 33575 237 gi|31 33969 34088
msp 1218 s 652 90.7 1 69 gi|15 33459 33566 635 gi|71 26393 26500
msp 1214 s 665 91.3 1 69 gi|15 33459 33562 648 gi|72 34842 34946
msp 755 s 429 87.0 1 746 gi|9 30127 30234 69 gi|15 33466 33562
msp 1220 s 1527 92.1 -1 69 gi|15 33470 33721 590 gi|68 11375 11637
msp 1222 s 902 89.0 1 69 gi|15 33470 33660 254 gi|33 11610 11799
msp 1224 s 1350 91.4 1 69 gi|15 33489 33685 648 gi|72 34926 35126
msp 1226 s 278 88.0 1 69 gi|15 33489 33563 237 gi|31 34053 34130
msp 1230 s 1014 86.4 -1 69 gi|15 33504 33665 308 gi|36 30233 30396
msp 1228 s 519 80.0 1 69 gi|15 33504 33638 642 gi|72 8690 8822
msp 1232 s 1416 97.5 1 69 gi|15 33506 33667 358 gi|40 9065 9226
msp 1234 s 590 79.8 1 69 gi|15 33508 33665 285 gi|35 9286 9442
msp 1236 s 280 88.9 1 69 gi|15 33525 33569 285 gi|35 9189 9235
msp 635 s 468 80.6 -1 743 gi|9 10366 10509 69 gi|15 33547 33687
msp 1238 s 510 77.1 1 69 gi|15 33548 33665 656 gi|73 27827 27940
msp 1240 s 380 84.0 1 69 gi|15 33564 33638 673 gi|75 105 175
msp 1242 s 337 84.3 -1 69 gi|15 33572 33654 303 gi|36 24839 24918
msp 979 s 478 85.3 -1 44 gi|12 21715 21850 69 gi|15 33589 33712
msp 1244 s 571 90.5 -1 69 gi|15 33602 33706 623 gi|70 40065 40178
msp 603 s 317 79.4 1 520 gi|6 15478 15545 69 gi|15 33604 33671
msp 1246 s 277 84.6 -1 69 gi|15 33608 33659 317 gi|37 11580 11631
msp 1113 s 292 87.5 1 32 gi|11 28217 28264 69 gi|15 33616 33665
