index 735
frag gi|8 18244 19922
img_no 11
msp 44 s 11944 98.0 -1 735 gi|8 18244 19784 615 gi|70 1660 3148
msp 46 s 11978 97.9 -1 735 gi|8 18357 19841 640 gi|72 261 1730
msp 48 s 12045 99.5 1 735 gi|8 18424 19783 514 gi|59 10957 12320
msp 50 s 12029 98.5 -1 735 gi|8 18427 19848 555 gi|64 3359 4787
msp 52 s 12073 99.7 -1 735 gi|8 18431 19783 306 gi|36 28005 29356
msp 241 s 12130 99.4 -1 96 gi|2 6253 7615 735 gi|8 18445 19807
msp 54 s 12044 98.2 -1 735 gi|8 18452 19922 190 gi|28 5590 7055
msp 557 s 12049 99.3 -1 518 gi|6 7069 8489 735 gi|8 18452 19844
msp 60 s 12004 99.1 1 735 gi|8 18453 19839 121 gi|20 37660 39039
msp 56 s 12051 100.0 -1 735 gi|8 18453 19778 513 gi|59 7740 9066
msp 58 s 12049 100.0 1 735 gi|8 18453 19775 27 gi|11 7975 9297
