index 743
frag gi|9 10352 10772
img_no 57
msp 626 s 369 76.7 -1 743 gi|9 10352 10484 62 gi|15 19273 19407
msp 628 s 485 76.8 1 743 gi|9 10358 10547 590 gi|68 11397 11588
msp 630 s 396 74.2 -1 743 gi|9 10363 10509 39 gi|12 5782 5945
msp 632 s 996 80.0 1 743 gi|9 10364 10673 308 gi|36 30205 30514
msp 634 s 468 80.6 -1 743 gi|9 10366 10509 69 gi|15 33547 33687
msp 636 s 627 77.7 -1 743 gi|9 10375 10643 648 gi|72 34853 35119
msp 638 s 340 75.7 -1 743 gi|9 10378 10484 643 gi|72 9056 9163
msp 640 s 613 78.8 -1 743 gi|9 10388 10628 656 gi|73 27440 27677
msp 207 s 605 78.1 -1 612 gi|7 33026 33240 743 gi|9 10391 10628
msp 642 s 605 76.4 -1 743 gi|9 10392 10624 285 gi|35 9210 9442
msp 644 s 1223 80.0 -1 743 gi|9 10396 10690 358 gi|40 8922 9220
msp 646 s 783 79.4 -1 743 gi|9 10401 10565 656 gi|73 27770 27931
msp 648 s 751 84.8 -1 743 gi|9 10419 10569 642 gi|72 8673 8822
msp 650 s 589 86.4 -1 743 gi|9 10430 10547 254 gi|33 11659 11763
msp 652 s 277 83.2 -1 743 gi|9 10480 10628 237 gi|31 33999 34148
msp 654 s 331 79.5 -1 743 gi|9 10481 10553 280 gi|35 5968 6037
msp 656 s 445 88.2 1 743 gi|9 10492 10559 308 gi|36 30448 30514
msp 658 s 458 83.7 -1 743 gi|9 10494 10628 358 gi|40 8931 9063
msp 660 s 283 80.0 -1 743 gi|9 10498 10547 549 gi|63 29889 29938
msp 662 s 283 80.0 -1 743 gi|9 10498 10547 92 gi|19 18435 18484
msp 664 s 572 85.8 -1 743 gi|9 10517 10622 642 gi|72 8678 8786
msp 203 s 693 83.8 -1 612 gi|7 33017 33177 743 gi|9 10518 10690
msp 193 s 754 85.2 -1 612 gi|7 32996 33211 743 gi|9 10527 10768
msp 666 s 512 81.6 -1 743 gi|9 10544 10690 237 gi|31 33990 34135
msp 668 s 529 86.8 -1 743 gi|9 10545 10627 656 gi|73 27766 27846
msp 670 s 1083 86.2 1 743 gi|9 10546 10769 308 gi|36 30334 30554
msp 672 s 802 86.2 -1 743 gi|9 10549 10772 358 gi|40 8895 9122
msp 674 s 539 79.6 -1 743 gi|9 10549 10690 656 gi|73 27431 27572
msp 676 s 523 79.7 -1 743 gi|9 10549 10661 648 gi|72 34893 35005
msp 680 s 257 80.8 1 743 gi|9 10549 10652 590 gi|68 11535 11627
msp 678 s 376 85.0 -1 743 gi|9 10549 10608 280 gi|35 5969 6028
msp 682 s 505 88.3 -1 743 gi|9 10550 10652 254 gi|33 11620 11712
msp 684 s 305 82.3 -1 743 gi|9 10554 10604 549 gi|63 29888 29938
msp 686 s 305 82.3 -1 743 gi|9 10554 10604 92 gi|19 18434 18484
msp 688 s 300 82.0 -1 743 gi|9 10573 10683 642 gi|72 8673 8786
msp 694 s 980 89.2 -1 743 gi|9 10604 10769 237 gi|31 33968 34133
msp 692 s 709 86.8 1 743 gi|9 10604 10747 308 gi|36 30334 30476
msp 690 s 412 86.2 -1 743 gi|9 10604 10661 39 gi|12 5744 5801
msp 700 s 755 89.0 -1 743 gi|9 10607 10770 648 gi|72 34840 35005
msp 698 s 791 90.7 -1 743 gi|9 10607 10768 656 gi|73 27410 27572
msp 696 s 642 87.9 -1 743 gi|9 10607 10738 358 gi|40 8985 9122
msp 702 s 327 86.0 -1 743 gi|9 10612 10661 635 gi|71 26444 26493
msp 704 s 528 81.1 -1 743 gi|9 10616 10747 285 gi|35 9200 9333
msp 706 s 525 90.0 -1 743 gi|9 10624 10723 642 gi|72 8690 8784
msp 708 s 412 77.7 -1 743 gi|9 10648 10768 32 gi|11 28118 28234
msp 710 s 634 83.7 -1 743 gi|9 10649 10771 69 gi|15 33456 33575
msp 712 s 397 83.8 -1 743 gi|9 10649 10728 280 gi|35 5959 6046
msp 714 s 465 83.8 -1 743 gi|9 10659 10757 656 gi|73 27739 27846
msp 716 s 639 91.2 -1 743 gi|9 10660 10772 39 gi|12 5689 5801
msp 718 s 331 81.0 1 743 gi|9 10663 10757 590 gi|68 11535 11637
msp 213 s 543 90.7 -1 612 gi|7 33073 33158 743 gi|9 10663 10747
msp 720 s 607 91.5 -1 743 gi|9 10664 10757 254 gi|33 11610 11712
msp 722 s 319 84.3 -1 743 gi|9 10668 10718 549 gi|63 29888 29938
msp 724 s 319 84.3 -1 743 gi|9 10668 10718 92 gi|19 18434 18484
msp 726 s 576 96.9 -1 743 gi|9 10708 10772 635 gi|71 26389 26453
msp 728 s 483 96.4 -1 743 gi|9 10716 10771 643 gi|72 8983 9038
msp 730 s 499 98.2 -1 743 gi|9 10716 10771 62 gi|15 19200 19255
