index 744
frag gi|9 10763 10854
img_no 10
msp 732 s 309 84.7 1 744 gi|9 10763 10847 337 gi|39 23292 23372
msp 734 s 352 86.6 1 744 gi|9 10766 10847 279 gi|35 5798 5876
msp 736 s 352 86.6 -1 744 gi|9 10766 10847 292 gi|35 22959 23037
msp 738 s 285 86.0 1 744 gi|9 10768 10824 606 gi|69 32346 32402
msp 740 s 306 82.1 1 744 gi|9 10769 10824 586 gi|68 1718 1773
msp 742 s 286 90.7 1 744 gi|9 10771 10824 294 gi|35 29029 29083
msp 744 s 291 90.7 1 744 gi|9 10771 10824 313 gi|37 2609 2667
msp 746 s 283 87.5 -1 744 gi|9 10775 10854 279 gi|35 5764 5850
msp 748 s 281 90.4 1 744 gi|9 10775 10826 292 gi|35 22985 23036
msp 750 s 273 87.8 -1 744 gi|9 10775 10823 337 gi|39 23297 23346
