index 746
frag gi|9 30127 30272
img_no 10
msp 199 s 427 85.6 1 612 gi|7 33003 33099 746 gi|9 30127 30234
msp 754 s 429 87.0 1 746 gi|9 30127 30234 69 gi|15 33466 33562
msp 756 s 272 84.8 1 746 gi|9 30177 30235 285 gi|35 9173 9227
msp 768 s 524 89.9 1 746 gi|9 30184 30272 32 gi|11 28167 28253
msp 766 s 257 83.7 1 746 gi|9 30184 30269 635 gi|71 26446 26528
msp 758 s 419 96.1 1 746 gi|9 30184 30234 358 gi|40 9071 9121
msp 760 s 386 92.2 -1 746 gi|9 30184 30234 308 gi|36 30338 30388
msp 762 s 434 98.0 1 746 gi|9 30184 30234 656 gi|73 27521 27571
msp 764 s 403 94.1 1 746 gi|9 30184 30234 648 gi|72 34954 35004
msp 770 s 434 98.0 -1 746 gi|9 30184 30234 590 gi|68 11536 11586
