index 92
frag gi|19 18434 18484
img_no 13
msp 1294 s 354 88.2 1 92 gi|19 18434 18484 254 gi|33 11658 11708
msp 1296 s 478 100.0 1 92 gi|19 18434 18484 280 gi|35 5973 6023
msp 1298 s 478 100.0 1 92 gi|19 18434 18484 549 gi|63 29888 29938
msp 1300 s 354 88.2 1 92 gi|19 18434 18484 642 gi|72 8696 8746
msp 1302 s 325 84.3 -1 92 gi|19 18434 18484 308 gi|36 30454 30504
msp 1304 s 304 84.3 1 92 gi|19 18434 18484 358 gi|40 9009 9059
msp 225 s 325 86.3 1 612 gi|7 33103 33153 92 gi|19 18434 18484
msp 687 s 305 82.3 -1 743 gi|9 10554 10604 92 gi|19 18434 18484
msp 725 s 319 84.3 -1 743 gi|9 10668 10718 92 gi|19 18434 18484
msp 1306 s 261 84.0 1 92 gi|19 18435 18484 285 gi|35 9229 9278
msp 1308 s 344 88.0 -1 92 gi|19 18435 18484 308 gi|36 30398 30447
msp 1310 s 318 90.0 1 92 gi|19 18435 18484 656 gi|73 27788 27837
msp 663 s 283 80.0 -1 743 gi|9 10498 10547 92 gi|19 18435 18484
