index 96
frag gi|2 6187 7700
img_no 11
msp 236 s 12018 97.6 1 96 gi|2 6187 7667 555 gi|64 3339 4820
msp 238 s 12069 99.5 1 96 gi|2 6250 7609 518 gi|6 7136 8490
msp 240 s 12130 99.4 -1 96 gi|2 6253 7615 735 gi|8 18445 19807
msp 242 s 12062 99.5 1 96 gi|2 6265 7608 615 gi|70 1648 2992
msp 244 s 12032 98.8 1 96 gi|2 6282 7700 513 gi|59 7740 9164
msp 246 s 12028 99.1 1 96 gi|2 6282 7689 640 gi|72 322 1734
msp 252 s 12038 99.5 1 96 gi|2 6285 7653 306 gi|36 28011 29365
msp 254 s 12034 99.8 -1 96 gi|2 6285 7614 514 gi|59 10984 12314
msp 256 s 12028 99.9 -1 96 gi|2 6285 7611 121 gi|20 37653 38982
msp 248 s 12061 100.0 1 96 gi|2 6285 7609 190 gi|28 5732 7056
msp 250 s 12049 100.0 -1 96 gi|2 6285 7607 27 gi|11 7975 9297
