1 464
1 466
1 468
1 470
2 472
3 474
4 476
5 478
6 480
7 482
7 484
7 486
8 792
9 794
10 796
11 798
12 800
13 802
14 804
15 806
16 808
17 810
17 812
18 814
18 816
19 818
19 820
20 822
20 824
20 826
21 828
21 830
21 832
21 834
21 836
21 838
21 840
21 842
22 844
22 846
23 848
23 850
23 852
23 854
23 856
23 858
23 860
23 862
23 864
23 866
23 868
23 870
23 872
23 874
24 876
25 1008
25 1010
25 1012
25 1014
26 1016
26 1018
26 159
26 1020
26 1022
26 1024
27 1026
27 1028
27 1030
27 1032
27 1034
27 1036
27 565
27 1040
27 1038
27 251
27 59
28 1042
28 525
29 1044
30 1046
30 1048
30 1050
30 1052
30 1054
30 1056
30 1058
31 1060
32 1062
32 1064
32 161
32 1066
32 1068
32 1070
32 1072
32 1074
32 1076
32 1078
32 1080
32 1082
32 1084
32 1086
32 1090
32 1088
32 1092
32 709
32 1094
32 1096
32 1100
32 1098
32 1102
32 1104
32 769
32 233
32 1106
32 1116
32 1110
32 1120
32 1108
32 1114
32 1112
32 1118
32 1122
32 1124
33 1126
34 1128
35 1130
36 888
36 487
36 890
37 113
37 892
38 894
38 115
38 896
38 87
39 898
39 900
39 717
39 902
39 71
39 904
39 906
39 910
39 191
39 1095
39 914
39 908
39 912
39 916
39 920
39 918
39 922
39 926
39 924
39 928
39 930
39 691
39 631
39 932
39 934
39 936
39 938
39 940
39 605
39 942
39 1115
39 944
39 25
39 948
39 946
39 950
39 9
39 952
39 954
40 956
41 958
41 960
41 962
41 964
41 966
41 968
41 970
41 972
41 974
42 781
43 976
44 978
44 980
44 982
44 984
44 986
44 587
44 231
44 988
44 992
44 994
44 990
44 996
44 998
44 1000
44 1002
44 1004
45 1006
46 121
47 878
48 880
49 882
50 884
50 886
51 1252
52 1254
52 1256
52 1258
53 1260
54 1262
55 1264
56 1266
56 1268
56 1270
56 1272
56 1055
56 1276
56 1274
57 1278
58 1280
59 295
59 1282
59 325
60 1284
61 319
62 1132
62 1134
62 1136
62 1138
62 1140
62 185
62 731
62 1091
62 1144
62 1142
62 913
62 1146
62 935
62 1148
62 1154
62 1152
62 1150
62 1156
62 1158
62 1160
62 1162
62 1166
62 1164
62 627
62 227
62 993
62 1168
62 601
63 1170
64 157
64 1172
64 1174
64 1176
64 1178
64 1180
64 1182
65 1184
65 1186
65 1188
65 869
65 1190
65 1192
65 1194
66 1196
67 1198
67 1200
67 137
68 1202
68 1204
69 1206
69 1208
69 1210
69 183
69 711
69 1089
69 1212
69 911
69 1216
69 1218
69 1214
69 755
69 1220
69 1222
69 1224
69 1226
69 1230
69 1228
69 1232
69 1234
69 1236
69 635
69 1238
69 1240
69 1242
69 979
69 1244
69 603
69 1246
69 1113
70 1250
70 1248
70 91
71 1348
72 1350
73 1352
74 1354
75 1356
76 513
76 1358
77 1360
78 1320
78 1322
78 1324
79 1326
80 1328
80 1257
80 1330
81 1332
82 1334
82 553
82 585
82 539
83 1336
84 449
84 1338
85 1340
86 1342
87 141
88 1344
89 1346
90 475
91 1286
91 1288
91 1290
91 1292
92 1294
92 1296
92 1298
92 1300
92 1302
92 1304
92 225
92 687
92 725
92 1306
92 1308
92 1310
92 663
93 1312
93 1314
94 1316
95 1318
96 236
96 238
96 240
96 242
96 244
96 246
96 252
96 254
96 256
96 248
96 250
97 258
97 260
97 262
98 264
99 266
100 268
101 270
101 272
101 274
101 276
101 278
101 280
102 473
103 282
103 284
103 286
103 288
104 290
105 292
105 294
105 296
106 298
106 300
106 302
107 304
108 306
108 308
108 310
108 312
108 314
108 316
108 318
109 320
110 1378
111 1380
111 1382
111 1384
112 1386
112 1388
112 455
112 1390
113 77
113 259
114 1392
114 1394
115 1396
115 89
115 1251
116 1398
117 1400
117 1402
117 1404
117 1406
117 1408
118 1410
118 1412
118 1414
118 1416
118 1418
118 1420
118 277
119 1422
119 1424
119 519
119 1426
119 329
120 265
121 1029
121 1428
121 1430
121 573
121 1432
121 257
121 1434
121 1436
121 1438
121 61
121 1440
122 1362
123 1364
124 1345
124 577
125 1366
125 1368
125 1370
125 1372
126 1374
127 1376
128 1536
128 269
129 1538
130 1540
130 1542
130 861
130 1544
130 1546
130 1548
130 1193
130 1550
130 1552
130 315
131 1554
131 1556
131 1558
131 1560
131 1562
131 1564
131 1566
131 1568
131 1570
131 1572
131 1576
131 1574
131 1578
131 1580
131 503
132 1582
132 857
132 301
132 1191
133 1584
133 1586
133 1588
133 855
133 1590
133 1592
134 1594
135 1596
136 1598
137 1484
138 1317
139 291
140 1486
141 1488
142 1490
143 1492
144 1600
145 1602
145 1604
145 101
146 99
147 119
147 1606
147 107
148 103
148 1608
149 1610
149 97
150 79
150 83
151 81
152 1612
152 1614
152 1616
152 289
153 443
153 1618
153 1620
154 1171
155 1622
155 1624
155 1626
156 1628
156 1630
156 1632
156 1634
157 841
157 823
157 1636
157 835
157 1638
157 831
157 1640
158 1472
158 615
159 845
160 847
161 1474
161 1476
162 1478
163 1409
163 1480
164 1482
165 1494
166 1496
167 1498
167 1500
167 1502
167 853
167 1504
167 1506
167 1508
167 1510
167 1571
167 1512
167 1514
168 1516
169 1343
170 1518
171 1520
172 889
172 485
172 1522
173 1524
174 1526
174 1528
175 1530
175 1532
175 1534
176 1442
177 1444
178 1446
179 1379
180 1448
181 1450
182 1452
183 1454
183 1456
183 1460
184 1458
185 1365
186 1462
186 1464
187 1466
188 1468
189 1470
190 55
190 1700
190 1702
190 559
190 1437
190 1704
190 1037
190 1708
190 1706
190 1710
190 249
191 1712
192 1658
192 1660
192 515
192 1359
193 1662
194 1664
194 1666
194 1668
194 413
194 1670
194 353
195 1672
196 1674
197 1676
197 1678
197 1680
198 1682
198 1684
198 1686
199 1527
200 1688
200 1690
201 451
202 1692
203 1694
203 1381
203 1696
204 1698
205 78
206 80
207 82
208 84
208 86
209 88
209 90
209 92
210 94
210 96
210 98
210 100
211 102
212 104
212 106
213 108
214 110
214 112
214 114
215 118
215 116
216 120
217 122
218 124
219 126
219 128
219 130
219 132
219 134
219 136
220 1471
221 1714
221 1716
222 1718
223 1720
223 1722
224 1724
224 1726
225 1730
225 1728
226 1732
226 1475
226 1734
227 1736
227 1738
227 1740
228 1742
229 1744
229 1746
230 1748
231 1750
231 1752
231 1754
232 1756
233 1908
233 1910
233 1912
233 467
233 973
233 1914
233 1916
234 321
235 1918
236 1517
237 1920
237 1133
237 177
237 1083
237 1922
237 1924
237 695
237 1926
237 905
237 1930
237 1217
237 1928
237 1932
237 1934
237 1936
237 667
237 653
237 1938
237 1940
237 1942
237 1944
237 1946
237 1948
237 1950
237 1952
237 923
237 1956
237 1227
237 1954
237 1958
237 1105
238 1960
239 1253
240 1962
240 1964
240 1966
241 1642
242 1644
243 1646
244 1659
245 1648
246 1650
246 1403
246 1652
246 1654
246 1481
247 1656
248 821
248 803
248 801
248 799
248 807
248 797
248 809
248 793
248 795
248 805
249 1998
249 2000
249 1417
249 2002
249 1415
249 2006
249 2008
249 2004
249 281
250 2010
251 2012
251 1267
251 2014
251 2018
251 2020
251 2016
251 1059
251 2022
252 2024
253 957
254 1017
254 2026
254 2028
254 2030
254 2032
254 2034
254 2036
254 1069
254 169
254 1175
254 2038
254 2042
254 2040
254 2048
254 1147
254 1223
254 2046
254 919
254 2044
254 721
254 211
254 2050
254 2052
254 2056
254 2054
254 683
254 2058
254 2060
254 2062
254 2064
254 1295
254 2066
254 1625
254 651
254 2068
254 2070
254 2072
254 999
254 2074
254 611
255 2076
256 2078
257 2080
257 2082
257 1315
257 2084
257 1293
257 2086
258 1377
259 481
260 2088
260 2090
260 1915
260 963
260 2092
260 2094
261 2096
261 2098
262 2100
263 125
264 2102
264 2104
264 2112
264 2106
264 2110
264 2108
264 2114
264 2116
264 2120
264 2118
265 783
265 2122
265 787
266 1968
267 1970
268 409
268 1972
268 1974
268 1976
268 1978
269 1980
269 1982
269 1984
270 1986
271 1988
272 1990
272 813
273 817
274 1992
274 1994
275 1603
275 1601
276 1996
277 1605
277 1611
277 95
278 1758
278 1760
278 1762
278 1764
278 1766
278 313
278 1768
278 147
278 1770
278 1505
278 1569
278 1772
278 499
278 1774
279 1776
279 1778
279 747
279 1780
279 2107
279 1782
279 735
279 1784
279 1786
279 1011
279 1788
280 713
280 2061
280 1792
280 655
280 1790
280 1794
280 219
280 679
280 1796
280 1798
280 1297
280 1800
281 1802
282 1993
282 1804
282 63
282 1806
283 1373
284 1375
284 1367
285 757
285 1808
285 209
285 1237
285 1810
285 1812
285 1816
285 1818
285 1814
285 2051
285 1820
285 1822
285 1937
285 705
285 1824
285 643
285 1826
285 1828
285 1307
285 1830
285 1832
285 1834
285 931
285 1235
285 1842
285 1947
285 1836
285 1838
285 1840
285 1844
285 1846
285 1848
285 1850
285 2071
285 229
285 985
285 591
285 1852
285 1854
285 1121
285 1856
286 1161
287 1858
288 1323
288 1860
288 1862
289 1205
289 1864
290 1995
290 1866
290 65
290 1868
291 1870
292 1872
292 2109
292 1874
292 737
292 1876
292 1878
292 1880
292 1882
292 2113
292 1013
292 1884
292 749
293 1886
293 1888
294 2111
294 1890
294 1892
294 1894
294 1896
294 743
295 493
296 155
296 1898
296 1900
296 2029
296 1071
296 1181
296 1902
297 1904
297 1906
298 1397
298 1249
298 93
299 1521
300 2124
301 2126
301 31
301 17
301 2130
301 2128
301 2132
301 2134
301 953
302 2136
303 2138
303 283
303 2140
303 887
303 1633
303 1617
303 2142
303 2069
303 1163
303 2144
303 2146
303 2148
303 2150
303 1243
303 939
303 1851
303 1005
303 2152
304 2027
304 2154
304 1177
304 2158
304 2156
304 1063
304 171
304 1899
304 2160
304 1023
304 2162
305 2164
306 2166
306 2168
306 53
306 1429
306 2170
306 571
306 2172
306 2174
306 1027
306 1707
306 253
307 883
308 983
308 201
308 633
308 2176
308 1167
308 1821
308 2178
308 1123
308 2063
308 927
308 2180
308 2182
308 2186
308 1231
308 2188
308 2184
308 589
308 2190
308 2192
308 2194
308 1935
308 197
308 1101
308 671
308 693
308 1943
308 2198
308 2196
308 761
308 1815
308 1921
308 2200
308 1793
308 2059
308 2202
308 1309
308 2204
308 2206
308 2041
308 2208
308 2210
308 1627
308 221
308 1079
308 907
308 657
308 1209
308 2212
308 1799
308 1303
308 2214
308 2216
308 2218
308 1135
308 67
308 2220
309 2222
310 2224
311 2226
311 2228
311 1673
312 2230
313 2232
313 2105
313 2103
313 1009
313 2234
313 2236
313 2238
313 1787
313 1875
313 2240
313 745
314 617
315 2242
316 977
317 2244
317 943
317 1065
317 1855
317 1247
317 2246
317 2248
317 2250
317 2252
317 2254
317 2191
317 1179
317 2256
317 2258
317 2035
317 2159
317 165
317 1903
317 2260
317 2262
318 1519
319 2264
320 483
320 1523
320 891
321 2077
322 2308
323 1961
324 2310
324 2312
324 2314
324 1753
325 1737
325 2316
326 1733
326 1477
327 2318
328 2320
328 1729
328 1725
329 1721
329 2322
329 1719
329 1715
330 961
330 2406
330 469
330 2410
330 2408
330 2412
330 1911
330 2093
331 2414
331 975
332 2416
332 2418
332 2089
332 1909
332 471
332 965
332 2420
332 2422
333 2424
334 1385
334 2426
334 1697
335 1699
336 509
337 1873
337 1781
337 733
337 2117
337 1891
337 2428
337 1897
337 1783
337 1885
337 2115
337 751
337 2241
337 2430
337 2235
337 2432
337 1015
337 2434
337 1803
337 1871
338 1867
338 1805
338 1807
338 1869
339 2436
340 2438
340 2440
340 2442
341 2085
341 1291
341 2444
341 2446
342 1395
342 2448
343 2450
343 1863
343 1325
344 488
345 490
345 492
346 494
347 496
347 498
347 500
347 504
347 502
347 506
348 508
349 510
349 512
349 514
350 516
350 518
350 520
351 522
351 524
352 526
352 528
353 530
354 2081
354 1313
354 2266
355 2268
356 2270
357 2272
358 2274
358 1077
358 1139
358 2276
358 187
358 673
358 2278
358 1213
358 2280
358 1931
358 915
358 2187
358 2045
358 2282
358 645
358 2199
358 659
358 2284
358 2286
358 1955
358 2197
358 1837
358 2055
358 205
358 697
358 2288
358 1825
358 2290
358 1795
358 1305
358 2292
358 2294
358 2296
358 2298
358 1233
358 929
358 2065
358 1945
358 1103
358 759
358 1811
358 1155
358 2300
358 2302
358 2149
358 995
358 2304
358 599
358 2245
358 1119
359 2306
360 1485
361 1131
362 2660
363 2425
363 2662
364 2664
365 2666
366 2324
367 1775
367 2326
367 2328
367 501
367 2330
367 2332
368 2334
369 2336
369 2338
369 2340
369 2023
370 123
371 1473
372 2342
372 1331
372 1259
373 2415
374 1469
374 2325
375 967
375 2344
375 2411
375 2421
375 2346
375 1917
375 2348
376 2350
377 2352
378 1887
379 2354
379 2356
379 1189
379 2358
379 2360
379 149
379 2362
379 1765
380 263
381 2364
381 2366
382 2368
382 19
382 2372
382 2370
382 949
382 7
382 2374
382 2376
382 2378
382 2380
382 2131
382 2384
382 2382
382 1
382 945
382 2386
382 2388
382 2390
382 2392
382 2133
382 3
382 951
382 2394
383 621
384 2396
385 1423
385 521
385 2452
386 2454
387 2456
387 1595
388 2458
389 2460
389 2462
389 307
389 2363
389 851
389 1769
389 1567
389 2464
389 303
389 1589
389 2466
389 2468
389 2357
390 323
390 1283
390 297
390 2470
390 1427
390 2472
391 2474
392 2476
392 2478
392 387
392 2480
392 365
392 2482
392 2484
392 373
392 2486
392 2488
392 2490
392 2492
392 385
392 2494
392 2496
392 377
392 393
392 2498
392 2500
392 345
392 2502
392 2504
392 381
392 2506
392 1975
392 2508
392 371
392 2510
392 2512
392 2514
392 2516
392 383
392 1977
392 2518
392 401
392 367
392 2520
392 2522
392 1669
392 2524
392 389
392 2526
392 2528
392 2530
392 363
392 2532
392 2534
392 2536
392 2538
392 2229
392 2540
392 2542
392 355
392 2544
392 2546
392 361
392 341
392 2548
392 2550
392 2552
392 2554
392 2556
392 2558
392 1667
392 379
392 343
392 2560
392 2562
392 2564
392 2566
392 2568
392 2570
392 357
392 2572
392 2574
392 369
392 2576
392 2580
392 2582
392 2588
393 403
393 2584
393 2578
393 2586
393 2590
393 397
393 2592
393 339
393 2594
393 2598
393 2596
393 2602
393 2600
393 2604
393 2608
393 407
394 2606
394 437
394 2610
394 2612
395 2663
396 2614
397 2616
397 2618
397 2620
397 2622
397 2624
397 151
397 871
397 2626
397 75
397 1515
397 1529
398 829
398 837
398 1637
398 825
398 833
398 843
398 1639
398 827
398 2398
399 1963
399 2400
400 543
401 547
401 579
401 1335
401 533
402 535
403 2402
403 2404
403 2625
404 2403
405 2628
405 2013
405 2630
405 2634
405 1049
405 2632
405 1273
405 2341
406 1537
407 1967
407 2401
408 2137
409 1459
410 2636
410 1457
410 1461
411 1363
412 2638
413 2640
413 1685
413 1679
413 2642
414 2644
415 1357
416 2646
416 2443
416 2648
417 1061
418 2650
419 1265
420 1987
421 2652
421 1983
422 2441
422 2654
423 1387
423 453
423 2656
423 2658
424 2732
425 2734
425 2617
425 2736
425 35
425 2333
426 2738
426 1371
426 1767
426 2740
426 2742
427 1339
428 2011
429 2744
429 1985
430 1187
430 2746
430 37
430 863
430 1593
430 1551
430 1577
430 2623
430 1691
431 1197
432 2407
432 969
432 2748
432 2347
432 2419
432 2750
432 465
432 1913
433 293
433 322
433 324
433 326
433 328
433 330
434 332
434 334
434 336
434 338
434 340
434 342
434 346
434 344
434 348
434 350
434 352
434 354
434 358
434 356
434 360
434 362
434 372
434 366
434 370
434 364
434 368
434 374
434 376
434 378
434 380
434 382
434 384
434 386
434 388
434 390
434 392
434 394
434 396
434 398
434 400
434 402
434 404
434 406
434 408
434 410
434 412
434 414
434 418
434 416
434 420
434 422
434 424
434 426
434 428
434 430
434 432
434 434
434 436
434 438
434 440
435 442
435 444
435 446
436 448
437 450
438 454
438 452
438 456
438 458
439 460
439 462
440 1319
441 2752
441 2754
441 2758
441 1581
441 2756
441 1513
441 2760
442 1757
443 2751
443 2417
443 2668
443 2413
443 971
443 2349
443 2095
444 2521
444 2513
445 2670
446 2672
447 2674
448 2611
448 435
448 2676
448 2678
448 2680
448 415
448 2579
448 2682
448 2684
448 417
448 2688
448 2581
449 2686
449 2690
449 2577
449 2694
449 423
450 2692
450 2696
450 2698
450 2702
450 2700
450 2583
450 425
450 1635
451 2704
452 1969
453 1599
454 2273
455 2269
456 2706
456 1645
457 2708
458 2710
459 2712
459 1511
460 1919
461 2265
462 2669
462 959
462 2409
462 2749
462 2345
462 2091
462 2423
463 2757
464 1859
465 1483
466 2780
467 2651
468 1443
469 131
469 2762
470 2099
471 135
472 2097
473 1007
474 109
475 111
475 893
475 85
475 897
476 129
476 1199
476 2764
477 127
477 1201
477 2766
478 1999
478 2768
478 2770
478 2005
478 1411
478 2772
478 275
479 1349
480 2667
481 623
481 2714
482 1889
483 2083
483 2267
483 1287
483 2445
483 2716
484 2718
485 2437
486 1989
487 1585
487 1555
487 2720
487 2722
487 2724
487 1543
487 875
487 2726
487 1773
488 2728
488 1541
488 41
488 1535
488 1583
488 2713
488 143
488 1557
488 2730
489 1713
490 1997
491 2671
491 2719
492 1279
493 2888
494 2890
494 2892
494 2894
495 2896
496 2353
497 1401
497 1651
497 2796
498 819
499 815
499 1991
500 811
501 2641
501 1687
501 1681
502 2405
502 2731
503 2798
503 2165
503 2800
504 1657
505 1653
505 1405
505 2802
506 1665
506 2515
506 2804
506 411
506 1973
506 2481
506 2509
506 2487
506 2493
506 2505
506 2569
506 2806
506 1671
506 351
506 2565
506 2808
506 2559
506 2810
506 2545
506 2527
506 2503
506 2812
506 337
506 2814
506 2816
506 2557
506 2479
506 2483
506 2489
506 2818
506 2531
506 2539
506 2605
506 2820
506 2603
506 1979
506 2822
507 2824
508 2359
509 1281
510 2455
510 2897
511 2774
511 2776
511 777
512 2778
513 1035
513 1439
513 2782
513 563
513 2784
513 245
513 57
513 2171
513 1709
513 2786
514 2788
514 2790
514 2169
514 49
514 255
514 1711
514 567
514 1441
514 2792
514 1039
515 532
515 534
515 536
515 538
516 540
516 542
516 544
517 546
517 548
517 550
517 552
518 554
518 556
518 558
518 239
518 560
518 562
518 564
518 570
518 568
518 566
518 572
518 574
519 576
519 578
519 580
519 582
519 584
520 586
520 588
520 590
520 592
520 602
520 594
520 604
520 596
520 598
520 600
520 606
520 608
520 610
520 612
521 614
522 616
523 618
524 11
524 955
524 2379
524 2389
524 27
525 1607
525 117
525 105
525 1609
526 2794
527 2615
528 879
528 2351
529 2125
530 2844
531 2846
532 2471
532 327
533 2337
533 2848
533 2850
533 1053
533 1597
533 1271
533 2852
533 2021
533 2633
534 2854
534 2856
535 2858
536 2705
537 457
537 1389
537 2659
538 2826
539 2661
540 2547
540 347
540 2683
540 2828
540 2701
540 2695
540 2689
540 391
540 2601
540 2529
540 2511
540 2523
540 2537
540 375
540 2543
540 2507
540 2491
540 2805
540 2595
540 2501
540 2807
540 2485
540 2817
540 2477
540 333
540 2809
540 359
540 2499
540 2495
540 2519
540 2591
540 2517
540 2551
540 2533
540 335
540 2599
540 2553
540 2227
540 2813
540 2497
540 2830
540 2475
540 2561
540 2832
540 2567
540 2811
540 2597
540 405
540 2563
540 2819
540 395
540 2821
540 2571
540 2593
540 2609
540 2575
540 349
541 2834
541 2679
541 2607
541 439
541 441
541 2585
541 2541
541 2525
541 2535
541 399
541 2573
541 2836
541 431
541 2838
541 419
541 2693
541 2687
541 2699
541 2589
541 2685
541 2840
541 427
541 2143
541 1615
541 1631
541 2842
541 287
542 2309
543 785
543 2123
543 789
544 2872
544 2135
545 2874
546 2079
547 1619
547 447
548 2876
549 1299
549 1801
549 2067
549 2215
549 223
549 2293
549 2878
549 685
549 723
549 1831
549 2205
549 2880
549 661
550 1391
550 459
550 2657
551 2882
551 2355
551 1771
551 865
551 2884
551 2465
551 2886
552 1905
553 477
554 1333
555 1433
555 1701
555 237
555 555
555 51
555 2898
555 2791
555 2900
555 2173
555 1031
555 2787
556 1693
557 2827
558 1341
559 1965
560 2860
561 2323
561 1717
561 1723
562 1727
562 2321
562 1731
563 2319
564 2317
564 1735
565 1747
565 1739
566 1745
566 1741
567 1743
568 1749
569 1751
570 2311
570 2862
571 1449
571 1451
571 1453
572 2653
572 1981
573 1355
574 2864
575 791
576 1261
577 2681
577 2839
577 2691
577 2697
577 2703
577 421
577 2829
577 2587
577 2841
577 433
577 2837
577 429
577 2677
577 2613
577 2835
577 2833
577 2815
577 2555
577 2831
577 2549
577 2823
578 895
579 1539
580 1907
581 2473
581 331
582 511
582 1661
582 235
583 2866
583 2868
583 775
583 2870
583 2775
583 2781
584 1327
584 2451
584 1321
584 1861
585 541
585 575
586 2922
586 2865
586 1895
586 2233
586 2239
586 1785
586 1883
586 741
586 2119
586 2433
587 1255
587 1329
587 2343
588 2924
589 505
589 2926
589 2725
589 1531
589 1763
589 1559
589 2928
589 2753
589 1507
589 2733
589 2930
590 1221
590 1153
590 629
590 167
590 981
590 2932
590 2299
590 1111
590 2934
590 2936
590 2938
590 921
590 2189
590 1843
590 2940
590 609
590 2033
590 2249
590 2151
590 2942
590 2944
590 2946
590 1819
590 1067
590 1933
590 2213
590 719
590 1949
590 681
590 2283
590 771
590 2257
590 2155
590 1173
590 1901
590 2948
590 1019
590 2950
591 2469
592 2847
593 2727
593 1587
593 1575
593 2952
593 2761
593 507
594 1573
594 1545
594 2729
594 43
594 1195
594 1591
595 2873
595 21
595 2371
595 33
595 2127
595 2373
595 2383
595 2954
595 2385
595 2365
595 2956
595 23
596 1641
596 839
596 2399
597 463
598 2958
599 881
600 2747
600 1759
600 1185
600 1501
600 859
600 2361
600 2960
600 1579
600 2962
600 2931
600 1553
601 2745
602 551
602 583
603 545
604 2225
605 2223
606 1777
606 1779
606 2429
606 1877
606 1879
606 2923
606 1893
606 2237
606 739
606 2121
606 2431
607 73
608 2964
609 138
610 140
611 142
611 146
611 144
611 148
611 150
611 152
612 154
612 156
612 158
612 160
612 164
612 162
612 166
612 168
612 170
612 172
612 174
612 176
612 178
612 180
612 182
612 184
612 186
612 188
612 190
612 192
612 194
612 196
612 198
612 200
612 202
612 206
612 204
612 208
612 210
612 212
612 214
612 216
612 218
612 220
612 222
612 224
612 226
612 228
612 230
612 232
613 234
614 773
614 2869
614 2777
614 2902
615 2167
615 2904
615 1703
615 2899
615 1431
615 243
615 45
615 2785
615 2789
615 569
615 1041
616 2231
617 305
618 753
619 2647
619 2906
620 139
621 1643
622 461
622 2959
623 1107
623 1245
623 2908
623 2910
623 2305
623 1169
623 2912
623 1853
623 2937
623 2185
623 941
623 997
623 597
623 2075
623 2247
624 1353
624 2709
624 2711
625 2461
625 2723
625 867
625 3002
625 2929
625 1509
625 2327
625 317
625 2963
625 1563
625 3004
625 1547
625 2741
625 3006
625 2953
625 2759
625 2875
626 445
626 1621
627 3008
627 2393
627 15
628 1337
629 2801
630 2799
631 625
631 2715
632 2003
632 2771
632 1421
632 2009
632 279
633 2619
633 2735
633 39
633 2883
634 1689
634 2621
634 2737
634 311
634 873
635 2275
635 2031
635 2263
635 1073
635 173
635 2163
635 2951
635 1025
635 3010
635 899
635 727
635 3012
635 1927
635 2219
635 1093
635 1145
635 3016
635 1219
635 195
635 3014
635 2049
635 2947
635 1957
635 1845
635 703
635 767
635 271
635 2001
635 2769
635 1413
635 1419
635 2007
635 273
635 2773
636 2877
637 2439
637 2655
637 2907
637 2649
638 2397
639 3018
639 1047
639 1269
639 2853
639 2019
639 2635
639 2459
640 2905
640 47
640 1705
640 561
640 1033
640 1435
640 2783
640 2901
640 247
640 2175
640 2793
641 885
641 2139
641 2843
641 1629
641 1613
641 285
642 2261
642 2161
642 2043
642 2037
642 1021
642 163
642 2949
642 3011
642 1809
642 2209
642 2295
642 1833
642 2193
642 649
642 689
642 2203
642 217
642 2974
642 2972
642 665
642 2291
642 1229
642 2943
642 925
642 707
642 1797
642 1301
642 2879
642 1623
642 2976
642 1159
642 2153
642 1003
642 2867
642 779
642 2871
642 2903
643 1137
643 179
643 1211
643 2277
643 69
643 729
643 1087
643 2978
643 3017
643 1929
643 909
643 2221
643 2047
643 933
643 2980
643 2982
643 2301
643 2941
643 1847
643 2147
643 2181
643 2984
643 639
643 987
643 2909
643 595
643 2255
644 2986
645 2743
645 3005
646 2243
647 2387
647 2377
647 2988
647 2990
647 2895
647 2375
647 2992
648 2211
648 2994
648 181
648 1925
648 1085
648 903
648 701
648 2281
648 1215
648 3015
648 1143
648 637
648 1953
648 1841
648 1829
648 677
648 2935
648 2057
648 1225
648 2287
648 1941
648 2996
648 2183
648 1099
648 765
648 1817
648 2998
648 1157
648 2145
648 1001
648 2913
648 593
648 2253
648 1109
649 1361
650 3000
651 2987
651 1399
652 537
652 549
652 581
653 1203
653 1865
654 2851
654 2914
654 2629
654 3019
654 2017
654 1051
654 1275
654 2339
655 2845
656 1081
656 1207
656 2995
656 1923
656 1141
656 901
656 3013
656 2979
656 189
656 2279
656 699
656 2217
656 2179
656 1823
656 675
656 641
656 1951
656 1839
656 2939
656 2053
656 2285
656 1939
656 2975
656 1097
656 763
656 1813
656 1151
656 2983
656 2916
656 2141
656 989
656 2911
656 607
656 2251
656 1117
656 2259
656 1183
656 2157
656 1075
656 2933
656 2039
656 175
656 2207
656 917
656 715
656 2997
656 1959
656 669
656 2289
656 215
656 2297
656 1827
656 647
656 2177
656 1835
656 2973
656 2201
656 1791
656 1311
656 2881
656 1239
656 2985
656 1165
656 991
656 613
657 2449
657 1393
657 1499
657 849
657 2961
657 3003
657 2463
657 1549
657 2885
657 1565
657 2721
657 299
657 145
657 2918
657 2627
658 877
658 2920
659 2313
659 2863
659 1479
659 1649
659 1647
659 2315
659 1755
660 2861
661 2675
662 2673
663 2968
664 2970
665 2271
666 491
667 489
668 3001
669 495
670 1285
671 1043
671 523
672 2825
673 937
673 1149
673 2981
673 2999
673 2977
673 1241
673 2303
673 2917
673 2945
673 1849
673 2195
673 2073
674 2849
674 1057
674 1277
674 2915
674 2015
674 2631
675 1497
676 1347
677 1495
678 1125
678 1857
679 2965
680 1525
681 2991
681 13
681 2391
681 947
681 2893
681 2369
681 2381
681 5
681 2989
681 2891
681 2889
681 3009
681 2395
681 29
681 2129
681 2993
681 2955
681 2957
681 2367
682 1677
682 133
682 2763
682 2765
682 2767
682 1683
682 2643
683 2101
684 1407
684 1655
684 2797
684 2803
685 1789
685 1881
685 2435
686 2887
686 2467
687 2966
688 2307
689 2855
689 2857
690 2859
691 2707
692 1045
693 153
693 3007
693 2755
694 2967
695 1369
696 1447
697 1445
698 2927
698 1503
698 497
698 2329
698 309
698 1561
698 1533
698 2919
698 1761
699 2925
699 2921
700 1493
701 1491
702 1489
703 1487
704 2739
704 2331
705 2971
706 619
707 2795
708 2457
709 1467
710 1465
710 2645
711 1695
711 2427
711 1383
712 2639
712 1463
713 1351
714 2637
714 1455
715 1129
716 1675
717 2335
718 2025
719 1263
720 2779
721 1127
722 1425
722 517
722 2453
723 1289
723 2087
723 2717
723 2447
724 1663
725 1971
726 527
727 529
728 531
729 479
729 2665
730 2969
731 0
731 2
731 4
731 6
731 8
731 10
731 12
731 14
731 16
731 18
731 20
731 22
731 24
731 26
731 28
731 30
731 32
732 34
733 36
734 38
734 40
734 42
735 44
735 46
735 48
735 50
735 52
735 241
735 54
735 557
735 60
735 56
735 58
736 62
736 64
737 66
737 68
737 70
738 72
739 74
740 76
740 261
741 620
742 622
742 624
743 626
743 628
743 630
743 632
743 634
743 636
743 638
743 640
743 207
743 642
743 644
743 646
743 648
743 650
743 652
743 654
743 656
743 658
743 660
743 662
743 664
743 203
743 193
743 666
743 668
743 670
743 672
743 674
743 676
743 680
743 678
743 682
743 684
743 686
743 688
743 694
743 692
743 690
743 700
743 698
743 696
743 702
743 704
743 706
743 708
743 710
743 712
743 714
743 716
743 718
743 213
743 720
743 722
743 724
743 726
743 728
743 730
744 732
744 734
744 736
744 738
744 740
744 742
744 744
744 746
744 748
744 750
745 752
746 199
746 754
746 756
746 768
746 766
746 758
746 760
746 762
746 764
746 770
747 772
747 774
747 776
747 778
748 780
749 782
749 784
750 786
750 788
751 790
752 267
