1 4
2 1
3 1
4 1
5 1
6 1
7 3
8 1
9 1
10 1
11 1
12 1
13 1
14 1
15 1
16 1
17 2
18 2
19 2
20 3
21 8
22 2
23 14
24 1
25 4
26 6
27 11
28 2
29 1
30 7
31 1
32 36
33 1
34 1
35 1
36 3
37 2
38 4
39 39
40 1
41 9
42 1
43 1
44 16
45 1
46 1
47 1
48 1
49 1
50 2
51 1
52 3
53 1
54 1
55 1
56 7
57 1
58 1
59 3
60 1
61 1
62 28
63 1
64 7
65 7
66 1
67 3
68 2
69 30
70 3
71 1
72 1
73 1
74 1
75 1
76 2
77 1
78 3
79 1
80 3
81 1
82 4
83 1
84 2
85 1
86 1
87 1
88 1
89 1
90 1
91 4
92 13
93 2
94 1
95 1
96 11
97 3
98 1
99 1
100 1
101 6
102 1
103 4
104 1
105 3
106 3
107 1
108 7
109 1
110 1
111 3
112 4
113 2
114 2
115 3
116 1
117 5
118 7
119 5
120 1
121 11
122 1
123 1
124 2
125 4
126 1
127 1
128 2
129 1
130 10
131 15
132 4
133 6
134 1
135 1
136 1
137 1
138 1
139 1
140 1
141 1
142 1
143 1
144 1
145 3
146 1
147 3
148 2
149 2
150 2
151 1
152 4
153 3
154 1
155 3
156 4
157 7
158 2
159 1
160 1
161 2
162 1
163 2
164 1
165 1
166 1
167 11
168 1
169 1
170 1
171 1
172 3
173 1
174 2
175 3
176 1
177 1
178 1
179 1
180 1
181 1
182 1
183 3
184 1
185 1
186 2
187 1
188 1
189 1
190 11
191 1
192 4
193 1
194 6
195 1
196 1
197 3
198 3
199 1
200 2
201 1
202 1
203 3
204 1
205 1
206 1
207 1
208 2
209 3
210 4
211 1
212 2
213 1
214 3
215 2
216 1
217 1
218 1
219 6
220 1
221 2
222 1
223 2
224 2
225 2
226 3
227 3
228 1
229 2
230 1
231 3
232 1
233 7
234 1
235 1
236 1
237 31
238 1
239 1
240 3
241 1
242 1
243 1
244 1
245 1
246 5
247 1
248 10
249 9
250 1
251 8
252 1
253 1
254 40
255 1
256 1
257 6
258 1
259 1
260 6
261 2
262 1
263 1
264 10
265 3
266 1
267 1
268 5
269 3
270 1
271 1
272 2
273 1
274 2
275 2
276 1
277 3
278 14
279 11
280 12
281 1
282 4
283 1
284 2
285 41
286 1
287 1
288 3
289 2
290 4
291 1
292 12
293 2
294 6
295 1
296 7
297 2
298 3
299 1
300 1
301 8
302 1
303 18
304 11
305 1
306 11
307 1
308 56
309 1
310 1
311 3
312 1
313 11
314 1
315 1
316 1
317 20
318 1
319 1
320 3
321 1
322 1
323 1
324 4
325 2
326 2
327 1
328 3
329 4
330 8
331 2
332 8
333 1
334 3
335 1
336 1
337 19
338 4
339 1
340 3
341 4
342 2
343 3
344 1
345 2
346 1
347 6
348 1
349 3
350 3
351 2
352 2
353 1
354 3
355 1
356 1
357 1
358 50
359 1
360 1
361 1
362 1
363 2
364 1
365 1
366 1
367 6
368 1
369 4
370 1
371 1
372 3
373 1
374 2
375 7
376 1
377 1
378 1
379 8
380 1
381 2
382 23
383 1
384 1
385 3
386 1
387 2
388 1
389 13
390 6
391 1
392 80
393 16
394 4
395 1
396 1
397 11
398 9
399 2
400 1
401 4
402 1
403 3
404 1
405 8
406 1
407 2
408 1
409 1
410 3
411 1
412 1
413 4
414 1
415 1
416 3
417 1
418 1
419 1
420 1
421 2
422 2
423 4
424 1
425 5
426 5
427 1
428 1
429 2
430 9
431 1
432 8
433 6
434 55
435 3
436 1
437 1
438 4
439 2
440 1
441 7
442 1
443 7
444 2
445 1
446 1
447 1
448 12
449 5
450 8
451 1
452 1
453 1
454 1
455 1
456 2
457 1
458 1
459 2
460 1
461 1
462 7
463 1
464 1
465 1
466 1
467 1
468 1
469 2
470 1
471 1
472 1
473 1
474 1
475 4
476 3
477 3
478 7
479 1
480 1
481 2
482 1
483 5
484 1
485 1
486 1
487 9
488 9
489 1
490 1
491 2
492 1
493 1
494 3
495 1
496 1
497 3
498 1
499 2
500 1
501 3
502 2
503 3
504 1
505 3
506 37
507 1
508 1
509 1
510 2
511 3
512 1
513 10
514 10
515 4
516 3
517 4
518 12
519 5
520 14
521 1
522 1
523 1
524 5
525 4
526 1
527 1
528 2
529 1
530 1
531 1
532 2
533 9
534 2
535 1
536 1
537 3
538 1
539 1
540 57
541 27
542 1
543 3
544 2
545 1
546 1
547 2
548 1
549 13
550 3
551 7
552 1
553 1
554 1
555 11
556 1
557 1
558 1
559 1
560 1
561 3
562 3
563 1
564 2
565 2
566 2
567 1
568 1
569 1
570 2
571 3
572 2
573 1
574 1
575 1
576 1
577 21
578 1
579 1
580 1
581 2
582 3
583 6
584 4
585 2
586 10
587 3
588 1
589 11
590 38
591 1
592 1
593 6
594 6
595 12
596 3
597 1
598 1
599 1
600 11
601 1
602 2
603 1
604 1
605 1
606 11
607 1
608 1
609 1
610 1
611 6
612 40
613 1
614 4
615 11
616 1
617 1
618 1
619 2
620 1
621 1
622 2
623 15
624 3
625 17
626 2
627 3
628 1
629 1
630 1
631 2
632 5
633 4
634 5
635 34
636 1
637 4
638 1
639 7
640 11
641 6
642 37
643 27
644 1
645 2
646 1
647 7
648 34
649 1
650 1
651 2
652 3
653 2
654 8
655 1
656 65
657 15
658 2
659 7
660 1
661 1
662 1
663 1
664 1
665 1
666 1
667 1
668 1
669 1
670 1
671 2
672 1
673 12
674 6
675 1
676 1
677 1
678 2
679 1
680 1
681 19
682 7
683 1
684 4
685 3
686 2
687 1
688 1
689 2
690 1
691 1
692 1
693 3
694 1
695 1
696 1
697 1
698 9
699 2
700 1
701 1
702 1
703 1
704 2
705 1
706 1
707 1
708 1
709 1
710 2
711 3
712 2
713 1
714 2
715 1
716 1
717 1
718 1
719 1
720 1
721 1
722 3
723 4
724 1
725 1
726 1
727 1
728 1
729 2
730 1
731 17
732 1
733 1
734 3
735 11
736 2
737 3
738 1
739 1
740 2
741 1
742 2
743 57
744 10
745 1
746 10
747 4
748 1
749 2
750 2
751 1
752 1
