502 250 gi|1 467 613 
504 302 gi|1 2300 2493 
506 12679 gi|1 3088 4852 
508 299 gi|1 6623 6727 
510 2423 gi|1 7116 7632 
512 259 gi|1 7803 7934 
514 297 gi|1 10822 11301 
516 392 gi|1 13867 14805 
518 306 gi|1 13886 14796 
520 394 gi|1 13900 14704 
522 278 gi|1 14491 14694 
524 310 gi|1 17900 18947 
526 253 gi|1 19933 20049 
528 371 gi|1 24017 24395 
530 779 gi|1 24793 25911 
532 2343 gi|1 24827 25882 
534 553 gi|1 26300 27181 
536 466 gi|1 27381 27697 
538 375 gi|1 33081 33402 
540 706 gi|1 37908 38664 
542 669 gi|1 38250 39139 
833 268 gi|10 640 694 
1828 1070 gi|10 4595 6628 
569 604 gi|10 4608 5120 
1830 486 gi|10 4638 5216 
251 502 gi|10 4713 5188 
1832 307 gi|10 4822 5143 
1834 426 gi|10 4834 5215 
1838 341 gi|10 4839 5262 
1836 399 gi|10 4839 5135 
1840 793 gi|10 4842 5841 
1842 290 gi|10 4868 6897 
1844 407 gi|10 4868 5220 
1846 634 gi|10 5348 5990 
231 257 gi|10 10526 10873 
1848 253 gi|10 21521 22607 
1850 4915 gi|10 34694 36657 
1852 2724 gi|10 34729 36600 
1854 4872 gi|10 34760 36699 
1856 1157 gi|10 34768 35695 
1858 3811 gi|10 34823 36745 
1860 342 gi|10 38762 39154 
984 1129 gi|11 6271 6873 
986 279 gi|11 6294 7622 
988 253 gi|11 7166 7325 
990 261 gi|11 7329 7470 
992 7233 gi|11 10572 13398 
994 439 gi|11 12736 13351 
996 894 gi|11 14629 15730 
131 810 gi|11 14684 15736 
998 858 gi|11 14736 15774 
1000 251 gi|11 16170 16323 
181 283 gi|11 22725 23098 
1002 262 gi|11 23285 23919 
189 303 gi|11 23311 23485 
1004 293 gi|11 23362 23922 
1006 306 gi|11 23440 23666 
1008 380 gi|11 26618 26763 
1010 766 gi|11 31797 33029 
1012 1151 gi|11 31840 33055 
1014 1234 gi|11 31929 33190 
1016 575 gi|11 32709 32965 
1018 675 gi|11 32727 33039 
1020 368 gi|11 32793 33032 
287 523 gi|11 36155 36883 
0 385 gi|12 1876 2199 
2 525 gi|12 1894 2202 
4 262 gi|12 1941 2459 
6 278 gi|12 1998 2280 
10 274 gi|12 2005 2200 
8 269 gi|12 2005 2172 
12 309 gi|12 2135 2279 
14 276 gi|12 2149 2323 
16 299 gi|12 2240 2435 
18 958 gi|12 2338 3014 
20 252 gi|12 10323 10460 
22 294 gi|12 10575 11646 
24 267 gi|12 14977 15090 
26 255 gi|12 19297 19334 
581 347 gi|12 27272 27529 
30 410 gi|12 27320 27441 
589 259 gi|12 27320 27398 
28 274 gi|12 27320 27397 
32 370 gi|12 27323 27398 
34 409 gi|12 27566 27670 
36 379 gi|12 27569 27671 
38 298 gi|12 27574 27662 
40 252 gi|12 28096 28310 
42 292 gi|12 30456 30871 
44 402 gi|12 31751 32331 
991 261 gi|12 32013 32156 
46 495 gi|12 32058 32409 
1007 306 gi|12 32058 32284 
48 557 gi|12 34154 34685 
50 331 gi|12 35155 35449 
52 496 gi|12 35157 35334 
54 473 gi|12 35352 35570 
56 299 gi|12 35708 35944 
58 251 gi|12 36800 36897 
60 495 gi|12 38721 39036 
62 439 gi|12 38772 39028 
64 635 gi|12 39070 39159 
66 261 gi|12 39078 39166 
585 660 gi|12 39081 39162 
1730 2701 gi|13 511 2130 
1732 646 gi|13 2351 3031 
1734 500 gi|13 2408 3699 
1736 3381 gi|13 3493 7036 
1738 1476 gi|13 3970 5602 
1740 1579 gi|13 4355 6139 
291 296 gi|13 6316 7111 
989 253 gi|13 6957 7111 
1742 292 gi|13 8703 8878 
1744 1098 gi|13 11648 13096 
1746 1333 gi|13 11697 13062 
1748 289 gi|13 12215 12510 
7 278 gi|13 14538 14841 
1750 628 gi|13 14546 15750 
1752 281 gi|13 24750 24892 
1849 253 gi|13 25575 26705 
685 317 gi|13 28119 28572 
259 393 gi|13 28158 28711 
1754 1083 gi|13 34333 35709 
1756 369 gi|13 34453 35718 
1013 1151 gi|13 34575 35808 
155 280 gi|13 34597 34920 
1760 299 gi|13 35191 35670 
1758 311 gi|13 35191 35600 
1762 2780 gi|13 37462 38575 
1764 1056 gi|13 38663 40000 
1766 831 gi|13 38677 39414 
1768 291 gi|13 38687 38994 
1770 344 gi|13 39482 39999 
1156 257 gi|14 2427 2635 
1158 292 gi|14 10618 11173 
1160 302 gi|14 10634 10853 
1162 331 gi|14 16061 16368 
1164 273 gi|14 22265 22337 
1166 8928 gi|14 30429 35188 
249 365 gi|14 32147 32283 
1168 951 gi|14 37517 38953 
1757 369 gi|14 37543 38837 
1011 766 gi|14 37734 38971 
509 299 gi|14 38149 38263 
1782 284 gi|15 67 121 
1784 291 gi|15 70 223 
1786 323 gi|15 76 237 
1788 255 gi|15 77 125 
1790 287 gi|15 85 122 
1792 292 gi|15 89 121 
1794 260 gi|15 89 121 
1796 275 gi|15 121 248 
1798 273 gi|15 156 221 
1800 262 gi|15 168 256 
1802 268 gi|15 175 224 
861 271 gi|15 176 222 
1804 276 gi|15 181 256 
1806 260 gi|15 281 1373 
1808 255 gi|15 286 510 
1810 684 gi|15 4635 6576 
1812 354 gi|15 8836 8937 
1814 335 gi|15 12310 12802 
1816 255 gi|15 29738 29889 
1818 259 gi|15 30588 30755 
1820 292 gi|15 31217 31470 
1822 809 gi|15 31586 32129 
1824 1698 gi|15 32230 33691 
1826 1824 gi|15 32267 33691 
13 309 gi|15 33939 34081 
958 265 gi|16 858 964 
960 250 gi|16 1743 1872 
47 495 gi|16 10850 11200 
962 387 gi|16 10853 11447 
964 335 gi|16 10916 11276 
966 250 gi|16 14069 14215 
968 253 gi|16 14984 15080 
970 3688 gi|16 16514 19017 
972 386 gi|16 18554 19719 
974 332 gi|16 30693 30754 
976 368 gi|16 32039 32666 
978 434 gi|16 32052 32526 
980 339 gi|16 35454 35540 
593 735 gi|16 35457 35538 
29 274 gi|16 35457 35536 
65 635 gi|16 35458 35550 
599 345 gi|16 35811 35852 
982 286 gi|16 37765 37821 
752 3174 gi|17 2094 3981 
754 261 gi|17 14336 14396 
756 282 gi|17 14351 14407 
1789 255 gi|17 14352 14403 
760 783 gi|17 14731 15916 
758 1034 gi|17 14731 15665 
762 919 gi|17 14734 15727 
764 858 gi|17 14817 15652 
766 413 gi|17 14817 15524 
521 394 gi|17 14834 15656 
293 259 gi|17 14843 14943 
768 346 gi|17 15872 17223 
770 305 gi|17 15905 17261 
772 288 gi|17 15905 17246 
774 250 gi|17 16057 16118 
125 316 gi|17 20437 21371 
776 1220 gi|17 24129 25076 
778 2859 gi|17 27957 30133 
780 319 gi|17 28426 28678 
782 267 gi|17 28543 28599 
1821 292 gi|17 28775 29043 
784 253 gi|17 28910 29075 
786 374 gi|17 29333 29558 
551 287 gi|17 29353 29541 
788 364 gi|17 29364 29514 
790 4135 gi|17 30140 33043 
792 252 gi|17 32810 32944 
794 372 gi|17 33711 34640 
796 283 gi|17 35539 35776 
68 255 gi|18 183 276 
70 288 gi|18 1239 1941 
72 309 gi|18 2825 3163 
74 252 gi|18 3972 4268 
76 286 gi|18 5672 6004 
78 260 gi|18 5882 6046 
53 496 gi|18 13288 13464 
55 473 gi|18 13888 14067 
57 299 gi|18 14085 14336 
80 257 gi|18 16012 16086 
317 291 gi|18 18805 18918 
82 250 gi|18 19396 19526 
84 269 gi|18 22768 23027 
86 252 gi|18 29759 30356 
88 558 gi|18 29769 30875 
90 254 gi|18 29803 30319 
92 399 gi|18 30569 30899 
94 364 gi|18 30570 30895 
1019 675 gi|18 30575 30899 
153 402 gi|18 30575 30859 
96 420 gi|18 31806 32835 
1841 793 gi|18 31820 32827 
98 335 gi|18 31821 32102 
100 317 gi|18 31968 32103 
102 287 gi|18 31999 32227 
104 292 gi|18 32003 32105 
108 256 gi|18 32005 32126 
106 364 gi|18 32005 32121 
110 282 gi|18 32018 32170 
112 297 gi|18 32258 32852 
114 390 gi|18 32279 32828 
116 437 gi|18 32371 32823 
118 367 gi|18 33391 33934 
1769 291 gi|18 33652 33965 
120 394 gi|18 33684 33934 
1835 426 gi|19 551 965 
346 371 gi|19 552 679 
348 283 gi|19 565 732 
350 328 gi|19 568 973 
352 362 gi|19 616 947 
354 392 gi|19 638 961 
99 335 gi|19 642 956 
356 862 gi|19 1330 2114 
1765 1056 gi|19 1355 2656 
121 394 gi|19 1386 1636 
358 281 gi|19 7721 8224 
360 1037 gi|19 13810 16058 
362 1709 gi|19 13966 16060 
364 258 gi|19 14023 14124 
366 453 gi|19 16604 16906 
368 2867 gi|19 17211 18175 
370 255 gi|19 19556 19911 
372 265 gi|19 20416 20452 
374 2585 gi|19 20930 22356 
376 746 gi|19 23743 24561 
378 268 gi|19 24083 24300 
380 281 gi|19 30365 30598 
382 250 gi|19 37707 37756 
384 1710 gi|19 39080 40000 
1857 1157 gi|19 39091 40000 
386 1596 gi|19 39094 40000 
388 2018 gi|19 39102 40000 
390 1649 gi|19 39102 40000 
196 1441 gi|2 11 408 
198 253 gi|2 913 1000 
200 250 gi|2 2250 2465 
202 1287 gi|2 2335 3439 
204 985 gi|2 2725 3203 
206 1156 gi|2 2813 3422 
208 1713 gi|2 3284 4096 
210 1089 gi|2 3284 4047 
212 1843 gi|2 3330 4167 
214 251 gi|2 4054 4190 
216 396 gi|2 5205 5383 
218 391 gi|2 5205 5383 
220 250 gi|2 7310 7436 
222 253 gi|2 7831 8023 
224 251 gi|2 11373 11522 
226 288 gi|2 24150 24250 
228 254 gi|2 25704 25787 
230 257 gi|2 31182 31526 
232 255 gi|2 38104 38227 
234 276 gi|2 39619 39820 
392 301 gi|20 7123 7900 
394 408 gi|20 7188 7528 
396 250 gi|20 8349 8432 
398 264 gi|20 11763 11892 
400 6638 gi|20 13998 15342 
402 896 gi|20 20917 21673 
404 455 gi|20 21939 22919 
406 1806 gi|20 29280 30675 
408 2151 gi|20 32335 33788 
410 258 gi|20 35431 35623 
412 311 gi|20 37886 37996 
1741 1579 gi|20 37935 39743 
414 1791 gi|20 38131 39734 
416 2136 gi|20 38440 39758 
418 284 gi|21 638 1137 
579 773 gi|21 641 1211 
420 252 gi|21 2167 2266 
422 267 gi|21 5081 5189 
424 1209 gi|21 6219 6655 
426 267 gi|21 16415 16522 
355 392 gi|21 25985 26298 
428 344 gi|21 25991 26301 
430 531 gi|21 25994 26402 
432 263 gi|21 25996 26301 
1837 399 gi|21 26006 26306 
434 324 gi|21 26171 26339 
436 288 gi|21 26865 28457 
438 508 gi|21 26883 27301 
440 561 gi|21 26983 27266 
442 1190 gi|21 27013 28470 
444 260 gi|21 27431 27509 
446 302 gi|21 27432 27530 
783 267 gi|21 27475 27531 
448 308 gi|21 27524 28087 
450 465 gi|21 27654 28084 
557 268 gi|21 28340 28500 
452 463 gi|21 29673 31747 
454 1327 gi|21 29676 35373 
456 7208 gi|21 30507 35332 
458 1504 gi|21 38331 39993 
460 656 gi|21 38640 39997 
462 493 gi|21 38694 39995 
464 324 gi|21 38844 39766 
466 1497 gi|21 38921 39997 
468 622 gi|21 39170 39811 
470 372 gi|21 39221 39562 
472 409 gi|21 39289 39564 
474 286 gi|21 39295 39766 
476 267 gi|21 39297 39768 
478 252 gi|21 39676 39762 
480 263 gi|21 39854 39979 
616 270 gi|22 3238 3376 
1809 255 gi|22 6482 6711 
618 258 gi|22 11790 11925 
620 663 gi|22 13745 15001 
622 335 gi|22 14090 14433 
624 256 gi|22 14183 14479 
381 281 gi|22 14733 14969 
626 271 gi|22 38618 38758 
872 392 gi|23 5216 5465 
874 357 gi|23 5788 7275 
876 2842 gi|23 10314 11162 
707 886 gi|23 10568 11183 
129 1131 gi|23 13350 14444 
878 300 gi|23 13362 14488 
997 894 gi|23 13371 14463 
880 6197 gi|23 13960 17007 
882 289 gi|23 14786 16018 
884 276 gi|23 14812 16002 
886 1015 gi|23 20647 24156 
888 304 gi|23 21061 21272 
759 1034 gi|23 23192 24131 
890 1723 gi|23 23194 24115 
892 2580 gi|23 23195 24150 
519 306 gi|23 23201 24123 
894 2389 gi|23 23205 24131 
896 548 gi|23 23273 24103 
898 376 gi|23 24409 25277 
871 258 gi|23 24503 24573 
900 253 gi|23 33518 33666 
383 250 gi|23 35120 35175 
902 323 gi|23 35655 35866 
904 428 gi|23 39458 39807 
722 440 gi|24 1 1232 
724 719 gi|24 2 1755 
726 278 gi|24 28 1176 
885 276 gi|24 31 1242 
817 318 gi|24 6787 7535 
961 250 gi|24 7379 7514 
959 265 gi|24 9770 9856 
349 283 gi|24 9950 10112 
728 252 gi|24 9970 10086 
730 365 gi|24 10001 10116 
732 281 gi|24 17254 17529 
455 1327 gi|24 18105 23780 
734 2325 gi|24 19358 23797 
736 254 gi|24 24593 24789 
365 258 gi|24 25484 25586 
738 265 gi|24 28828 28868 
740 291 gi|24 28911 28965 
742 2355 gi|24 28991 29656 
744 276 gi|24 30103 30135 
1823 809 gi|24 30284 30834 
746 307 gi|24 30437 30509 
748 310 gi|24 31632 31749 
750 285 gi|24 31973 32063 
25 267 gi|24 32003 32131 
423 267 gi|24 38504 38606 
377 746 gi|24 39081 39830 
482 302 gi|25 722 806 
484 324 gi|25 768 835 
486 339 gi|25 2033 2115 
488 463 gi|25 3264 5299 
490 260 gi|25 10411 10572 
492 3489 gi|25 24042 24516 
494 3502 gi|25 24044 24516 
496 3502 gi|25 24044 24516 
498 253 gi|25 24061 24094 
500 260 gi|25 30610 30776 
711 324 gi|25 34272 35692 
325 252 gi|25 34869 35075 
17 299 gi|25 36646 36831 
73 309 gi|25 38147 38497 
71 288 gi|25 38871 39636 
225 251 gi|25 39383 39544 
926 291 gi|26 8462 9220 
928 323 gi|26 10989 12264 
930 324 gi|26 11071 13566 
932 1015 gi|26 11076 12576 
769 346 gi|26 11076 12413 
295 5228 gi|26 16905 19208 
1747 1333 gi|26 21152 22520 
934 1153 gi|26 21197 22519 
936 363 gi|26 21328 22281 
938 252 gi|26 22574 22620 
1791 287 gi|26 22575 22612 
940 8158 gi|26 22744 24287 
942 257 gi|26 24419 24502 
944 719 gi|26 25118 26252 
946 1733 gi|26 26648 27621 
948 1634 gi|26 26665 27621 
891 1723 gi|26 26715 27639 
950 833 gi|26 26720 27627 
765 858 gi|26 26721 27558 
952 266 gi|26 27874 27939 
731 365 gi|26 35626 35736 
954 297 gi|26 35928 36108 
956 270 gi|26 39483 39843 
1737 3381 gi|27 48 3458 
415 1791 gi|27 1003 2621 
656 1544 gi|27 1413 2619 
658 260 gi|27 2738 2988 
1731 2701 gi|27 3528 5122 
127 457 gi|27 4959 6304 
999 858 gi|27 5169 6202 
879 300 gi|27 5208 6334 
660 755 gi|27 5210 6309 
662 544 gi|27 5235 6215 
1733 646 gi|27 5631 6305 
664 280 gi|27 7017 10802 
666 2188 gi|27 7025 7939 
457 7208 gi|27 7564 12425 
735 2325 gi|27 8016 12519 
27 255 gi|27 18885 18922 
1745 1098 gi|27 21330 22764 
935 1153 gi|27 21400 22733 
668 1720 gi|27 30733 31929 
670 785 gi|27 30909 31948 
672 258 gi|27 31140 31521 
674 302 gi|27 31895 31994 
676 2203 gi|27 32292 33574 
678 1586 gi|27 32295 33583 
680 746 gi|27 32296 33520 
1282 600 gi|28 788 2023 
1284 266 gi|28 7022 7118 
1286 252 gi|28 7051 7118 
683 295 gi|28 11298 11665 
545 445 gi|28 11384 11765 
1288 261 gi|28 12862 13015 
875 357 gi|28 16089 17563 
103 287 gi|28 25284 25505 
787 374 gi|28 25295 25502 
1290 410 gi|28 25309 25527 
347 371 gi|28 25312 25439 
555 434 gi|28 25343 25524 
1292 470 gi|28 25354 25504 
729 252 gi|28 25355 25472 
1294 256 gi|28 25369 25506 
1296 269 gi|28 26817 26907 
1298 611 gi|28 36046 36681 
1300 290 gi|28 36828 36990 
553 376 gi|28 36875 37265 
1302 283 gi|28 36880 37263 
1304 498 gi|28 36901 37253 
1306 263 gi|28 36918 37096 
1833 307 gi|28 36938 37260 
1739 1476 gi|29 2394 4031 
659 260 gi|29 2411 2623 
417 2136 gi|29 2780 4102 
657 1544 gi|29 2807 4005 
906 260 gi|29 7852 7985 
851 252 gi|29 10703 10745 
908 250 gi|29 10707 10856 
865 391 gi|29 13232 14966 
910 255 gi|29 14576 14875 
912 422 gi|29 16565 17152 
793 252 gi|29 16626 16757 
1301 290 gi|29 20624 20785 
914 254 gi|29 20690 20790 
916 261 gi|29 20691 20801 
918 366 gi|29 20748 21376 
841 326 gi|29 31493 31620 
1803 268 gi|29 31558 31607 
855 272 gi|29 31561 31618 
920 1771 gi|29 37656 38153 
922 405 gi|29 37768 37953 
924 648 gi|29 37802 38022 
501 260 gi|29 38243 38409 
122 301 gi|3 3156 4067 
124 316 gi|3 3173 4124 
126 457 gi|3 3999 5305 
128 1131 gi|3 4199 5293 
130 810 gi|3 4209 5279 
132 472 gi|3 4707 5322 
134 3058 gi|3 5350 6568 
136 539 gi|3 9253 10168 
138 304 gi|3 10407 12056 
140 693 gi|3 12192 12913 
142 312 gi|3 15545 16033 
144 345 gi|3 15556 16088 
146 363 gi|3 15559 15996 
148 280 gi|3 15574 16050 
150 358 gi|3 16289 16596 
154 280 gi|3 16291 16614 
152 402 gi|3 16291 16587 
156 278 gi|3 16296 16931 
158 408 gi|3 16317 16500 
160 286 gi|3 16361 16558 
162 268 gi|3 22036 22099 
164 358 gi|3 23055 23563 
166 266 gi|3 25902 26053 
168 271 gi|3 25965 26053 
170 304 gi|3 26181 26592 
172 305 gi|3 26186 26697 
174 407 gi|3 26202 26561 
176 393 gi|3 26213 26739 
178 319 gi|3 26231 26372 
180 283 gi|3 26258 26601 
182 352 gi|3 26886 26985 
184 358 gi|3 26904 26993 
186 287 gi|3 26906 27126 
188 303 gi|3 27700 27874 
190 251 gi|3 36338 36415 
192 319 gi|3 39647 39971 
194 586 gi|3 39666 39973 
628 258 gi|30 6401 6522 
630 270 gi|30 7066 7147 
632 278 gi|30 7908 9077 
634 444 gi|30 11711 12644 
749 310 gi|30 13409 13511 
636 250 gi|30 20317 20386 
513 259 gi|30 20528 20650 
901 253 gi|30 24182 24319 
638 1329 gi|30 31293 32036 
640 256 gi|30 31514 31598 
642 770 gi|30 32516 34450 
449 308 gi|30 32679 33233 
644 350 gi|30 32756 33235 
437 288 gi|30 32848 34420 
781 319 gi|30 33356 33594 
1819 259 gi|30 33414 33589 
439 508 gi|30 33727 34136 
646 452 gi|30 33878 34081 
419 284 gi|31 3713 4216 
648 302 gi|31 6554 6755 
650 264 gi|31 6936 7042 
979 434 gi|31 8033 8501 
69 255 gi|31 20578 20660 
413 311 gi|31 20906 21016 
652 259 gi|31 23701 23873 
654 282 gi|31 23767 24918 
1062 250 gi|32 2802 2943 
673 258 gi|32 3049 3439 
1064 260 gi|32 3141 3337 
717 286 gi|32 8711 9652 
1066 364 gi|32 8742 9272 
1068 254 gi|32 10038 10201 
1070 258 gi|32 11023 11132 
1072 256 gi|32 17926 18004 
223 253 gi|32 18853 19042 
507 12679 gi|32 19411 21206 
1797 275 gi|32 19695 19825 
1074 391 gi|32 19754 19852 
1076 367 gi|32 19754 19852 
1078 262 gi|32 19754 19824 
849 270 gi|32 19754 19797 
1082 403 gi|32 21227 21338 
1084 268 gi|32 21227 21325 
1086 398 gi|32 21227 21320 
1080 428 gi|32 21227 21308 
1088 251 gi|32 21227 21284 
1090 760 gi|32 21319 22640 
661 755 gi|32 22745 23829 
1092 265 gi|32 22979 23728 
133 472 gi|32 23238 23841 
795 372 gi|32 24100 25021 
1094 2621 gi|32 25642 27045 
1096 740 gi|32 33347 34503 
1098 983 gi|32 33355 34512 
601 1582 gi|32 34586 34962 
217 396 gi|32 34783 34960 
1100 1094 gi|32 38108 39925 
1102 2592 gi|32 38112 39525 
209 1713 gi|32 38527 39360 
1104 556 gi|32 39146 39999 
541 706 gi|32 39252 39999 
207 1156 gi|32 39339 39999 
1106 2084 gi|32 39363 39998 
1032 256 gi|33 136 272 
1034 770 gi|33 2044 3825 
1036 281 gi|33 2961 3166 
1038 306 gi|33 7679 7763 
1040 262 gi|33 10090 10149 
1042 757 gi|33 13260 14360 
1044 445 gi|33 13270 14411 
1046 349 gi|33 13483 13704 
1048 450 gi|33 14498 15649 
643 770 gi|33 19709 21666 
451 465 gi|33 20019 20422 
443 1190 gi|33 20197 21645 
647 452 gi|33 20228 20434 
267 349 gi|33 20255 20420 
1050 296 gi|33 20519 20707 
645 350 gi|33 20838 21281 
441 561 gi|33 21026 21303 
265 374 gi|33 21110 21337 
247 345 gi|33 21110 21290 
1052 269 gi|33 21162 21368 
955 297 gi|33 21181 21362 
1054 296 gi|33 21198 21609 
1056 258 gi|33 28063 29356 
1058 284 gi|33 31167 32221 
1060 258 gi|33 35190 35267 
403 896 gi|34 2708 3467 
1285 266 gi|34 3283 3379 
1170 813 gi|34 3858 4203 
1172 272 gi|34 15973 16176 
703 310 gi|34 16346 18400 
1174 250 gi|34 18251 18461 
1799 273 gi|34 18412 18489 
739 265 gi|34 18423 18463 
1176 281 gi|34 20207 20748 
1178 284 gi|34 20242 20748 
1180 492 gi|34 20247 20741 
1182 316 gi|34 20274 21355 
1184 426 gi|34 20282 21221 
1186 497 gi|34 20442 20770 
1188 251 gi|34 21644 21806 
1190 688 gi|34 21983 25312 
1192 257 gi|34 23193 23224 
1194 268 gi|34 25175 25341 
1196 556 gi|34 31982 33190 
1198 554 gi|34 32185 33199 
1763 2780 gi|34 33324 34434 
463 493 gi|35 1260 2558 
1268 1451 gi|35 1472 3118 
137 539 gi|35 3179 4085 
1059 284 gi|35 3181 4223 
987 279 gi|35 7005 8318 
1735 500 gi|35 8830 10134 
663 544 gi|35 8863 9840 
1093 265 gi|35 8870 9628 
375 2585 gi|35 14813 16209 
1270 634 gi|35 17644 18578 
1272 478 gi|35 17756 18430 
1274 890 gi|35 19744 20129 
1276 846 gi|35 20310 20772 
1278 327 gi|35 21441 22333 
515 297 gi|35 22744 23223 
1280 255 gi|35 32304 32457 
343 260 gi|35 35386 35669 
1392 259 gi|36 1692 1840 
639 1329 gi|36 3737 4467 
277 254 gi|36 5832 5958 
1394 690 gi|36 5846 6898 
1396 260 gi|36 7091 7143 
863 251 gi|36 7093 7144 
367 453 gi|36 7231 7531 
1271 634 gi|36 7300 8205 
1398 359 gi|36 7308 7541 
1400 747 gi|36 7405 8137 
363 1709 gi|36 8071 10213 
1402 743 gi|36 8081 10399 
1404 450 gi|36 13435 14189 
1406 728 gi|36 13475 14112 
1829 1070 gi|36 13581 15695 
1408 452 gi|36 13586 14792 
1410 265 gi|36 13617 14156 
573 419 gi|36 13621 14096 
1412 506 gi|36 13641 14132 
1813 354 gi|36 13698 13799 
253 444 gi|36 13700 14096 
351 328 gi|36 13800 14181 
1414 295 gi|36 13822 14003 
1416 2204 gi|36 13828 15536 
1418 349 gi|36 13911 14106 
117 437 gi|36 14362 14844 
113 297 gi|36 14941 15571 
491 260 gi|36 17726 17876 
273 280 gi|36 20370 21276 
1420 328 gi|36 27500 27903 
755 261 gi|36 34104 34165 
1422 302 gi|36 34109 34188 
1424 374 gi|36 34120 34185 
1426 334 gi|36 34120 34185 
1430 315 gi|36 34129 34199 
1428 252 gi|36 34129 34188 
1089 251 gi|36 34130 34188 
843 251 gi|36 34130 34164 
1432 2312 gi|36 34427 34758 
489 463 gi|36 36731 38736 
927 291 gi|37 1066 1799 
1212 252 gi|37 3204 3299 
1214 757 gi|37 14951 16797 
1216 816 gi|37 15377 16672 
31 410 gi|37 18788 18892 
67 261 gi|37 18811 18895 
981 339 gi|37 18812 18899 
591 289 gi|37 18815 18896 
1218 549 gi|37 19305 21418 
1220 888 gi|37 19556 20909 
1222 815 gi|37 19560 20957 
773 288 gi|37 19563 20907 
1224 559 gi|37 19565 21003 
931 324 gi|37 19613 22139 
727 278 gi|37 19616 20749 
409 2151 gi|37 24183 25524 
937 363 gi|37 24425 25391 
1226 596 gi|37 34038 34873 
1228 510 gi|37 34113 34923 
1405 450 gi|37 34130 34909 
547 1365 gi|37 34173 34960 
261 251 gi|37 34277 34892 
1230 880 gi|37 34295 34871 
245 517 gi|37 34336 34810 
623 335 gi|37 34547 34881 
1232 359 gi|37 34601 34909 
1234 258 gi|37 34626 34898 
1236 442 gi|37 34632 34939 
1291 410 gi|37 34708 34920 
701 2926 gi|37 36789 37800 
1238 261 gi|37 36990 37085 
1240 1160 gi|37 38720 39604 
1242 2394 gi|37 38730 40000 
165 358 gi|37 38757 39256 
467 1497 gi|37 38921 39982 
1244 450 gi|37 39052 39917 
1246 603 gi|37 39101 39604 
1248 479 gi|37 39137 39642 
1250 639 gi|37 39145 39604 
1200 252 gi|38 1151 1229 
907 260 gi|38 2338 2476 
1202 1009 gi|38 11042 12177 
1204 313 gi|38 11528 12175 
1206 313 gi|38 11649 12163 
477 267 gi|38 11685 12150 
1208 279 gi|38 12207 12243 
943 257 gi|38 14974 15055 
941 8158 gi|38 15076 16616 
105 292 gi|38 21518 21619 
715 1249 gi|38 23024 23934 
1067 364 gi|38 23403 23928 
1210 251 gi|38 29460 31401 
337 276 gi|39 1591 1721 
505 302 gi|39 7691 7885 
1022 347 gi|39 11046 11290 
345 269 gi|39 14319 14464 
1024 256 gi|39 17509 17601 
905 428 gi|39 18252 18577 
483 302 gi|39 18533 18609 
485 324 gi|39 19083 19156 
297 282 gi|39 25399 26206 
1026 254 gi|39 25870 26002 
1289 261 gi|39 25900 26047 
1028 1506 gi|39 27769 29512 
15 276 gi|39 35240 35414 
1030 259 gi|39 38704 38785 
298 255 gi|4 31 1043 
300 1387 gi|4 67 812 
302 1023 gi|4 105 783 
304 713 gi|4 5888 6422 
306 544 gi|4 13596 14193 
308 1224 gi|4 13622 14993 
533 2343 gi|4 14588 15650 
310 342 gi|4 14639 15465 
312 1010 gi|4 31987 33636 
314 2589 gi|4 39495 40000 
1097 740 gi|40 1380 2559 
1340 1478 gi|40 1479 2654 
357 862 gi|40 5566 6374 
1767 831 gi|40 5610 6341 
719 2448 gi|40 13217 14342 
335 251 gi|40 13859 13935 
983 286 gi|40 21399 21455 
23 294 gi|40 23572 24712 
305 713 gi|40 26915 27446 
965 335 gi|40 26989 27368 
1342 303 gi|40 27348 27498 
1344 272 gi|40 32577 32768 
1346 723 gi|40 36283 37644 
1409 452 gi|40 36293 37501 
1348 305 gi|40 36520 37641 
561 465 gi|40 36930 37707 
1350 302 gi|40 36969 37178 
1352 271 gi|40 36971 37021 
1354 326 gi|40 36980 37197 
263 500 gi|40 37157 37481 
241 394 gi|40 37222 37519 
359 281 gi|40 38195 38710 
1356 2600 gi|40 39353 39996 
1108 1163 gi|41 1754 3063 
1110 889 gi|41 1775 3459 
681 746 gi|41 1807 3028 
1399 359 gi|41 3216 3443 
361 1037 gi|41 3975 6181 
1403 743 gi|41 3983 6230 
1112 273 gi|41 3994 5323 
1114 332 gi|41 4042 5208 
1116 504 gi|41 4092 5430 
177 393 gi|41 4479 5010 
1118 364 gi|41 4567 4776 
511 2423 gi|41 12117 12629 
1120 325 gi|41 14434 15721 
669 1720 gi|41 14570 15769 
811 1944 gi|41 15425 17194 
283 326 gi|41 17321 18088 
813 278 gi|41 17343 18125 
281 410 gi|41 17360 18090 
235 276 gi|41 21453 21645 
1122 324 gi|41 22867 22924 
1124 281 gi|41 22872 22924 
1126 633 gi|41 23233 24341 
1197 556 gi|41 23247 24436 
1128 407 gi|41 23252 23982 
1130 642 gi|41 28401 29456 
1132 338 gi|41 29507 29701 
1134 1447 gi|41 30289 31535 
411 258 gi|41 36823 37011 
233 255 gi|41 38645 38765 
1817 255 gi|42 4840 4981 
621 663 gi|42 6266 7529 
1308 254 gi|42 10963 11043 
1310 261 gi|42 12740 13013 
1312 346 gi|42 12742 12929 
1314 346 gi|42 13266 13750 
1316 601 gi|42 13270 13832 
1247 603 gi|42 13272 13758 
1318 505 gi|42 13279 13795 
1320 873 gi|42 13280 13843 
1322 775 gi|42 13293 13759 
465 324 gi|42 13300 14183 
1324 465 gi|42 13470 13759 
1326 491 gi|42 16784 17522 
1328 273 gi|42 17004 17154 
635 444 gi|42 28231 29180 
575 626 gi|42 28294 29153 
563 336 gi|42 33132 35740 
1136 376 gi|43 1 167 
401 6638 gi|43 709 2059 
1138 282 gi|43 1930 2105 
1140 261 gi|43 2003 2038 
1142 277 gi|43 2005 2042 
373 265 gi|43 2009 2045 
1131 642 gi|43 2503 3470 
1065 260 gi|43 2877 3069 
1051 296 gi|43 3260 3434 
425 1209 gi|43 6190 6629 
1825 1698 gi|43 10150 11631 
1144 1854 gi|43 10373 11601 
1146 695 gi|43 12701 13535 
369 2867 gi|43 13665 14629 
1148 1282 gi|43 17739 18952 
1150 777 gi|43 17739 18910 
1152 254 gi|43 19722 19865 
921 1771 gi|43 23890 24431 
925 648 gi|43 23949 24161 
923 405 gi|43 23949 24130 
1154 914 gi|43 35394 36451 
77 286 gi|43 39652 39993 
1307 263 gi|44 5808 5977 
1260 251 gi|44 13859 13926 
163 268 gi|44 18797 18859 
651 264 gi|44 20928 21044 
1133 338 gi|44 22592 22786 
609 665 gi|44 24037 25489 
1262 260 gi|44 25376 25560 
1113 273 gi|44 26086 27422 
187 287 gi|44 26114 26327 
1264 278 gi|44 26270 27394 
173 305 gi|44 26431 26943 
1266 1329 gi|44 35590 36631 
271 250 gi|44 37281 37389 
1191 688 gi|45 4879 8117 
237 256 gi|45 11037 11155 
627 271 gi|45 14482 14630 
1433 2312 gi|45 15851 16160 
1330 523 gi|45 19514 19650 
525 310 gi|45 25698 26747 
1332 405 gi|45 27889 28357 
5 262 gi|45 27997 28498 
1334 254 gi|45 28284 28388 
1861 342 gi|45 33846 34250 
1395 690 gi|45 35081 36066 
977 368 gi|45 35174 35813 
1336 423 gi|45 35475 35699 
1338 258 gi|45 39172 39946 
1331 523 gi|46 7665 7801 
1287 252 gi|46 8762 8835 
1252 255 gi|46 10343 10470 
1101 1094 gi|46 10754 12665 
211 1089 gi|46 11266 12040 
1254 2059 gi|46 11282 13291 
1105 556 gi|46 12012 12883 
205 985 gi|46 12484 12974 
641 256 gi|46 18876 18962 
1256 413 gi|46 35105 35297 
1258 334 gi|46 35127 35294 
1071 258 gi|46 35209 35330 
1041 262 gi|46 36248 36303 
697 250 gi|46 38307 38397 
985 1129 gi|47 2378 2994 
333 288 gi|47 3034 3241 
1434 251 gi|47 4119 4324 
1 385 gi|47 7263 7580 
1313 346 gi|47 7386 7576 
873 392 gi|47 7707 7961 
1311 261 gi|47 15940 16236 
11 274 gi|47 16047 16239 
1283 600 gi|47 18319 19578 
967 250 gi|47 18485 18631 
1436 270 gi|47 22149 22271 
21 252 gi|47 30607 30745 
779 2859 gi|47 37941 39989 
1438 472 gi|47 38006 38623 
1440 274 gi|47 38340 38577 
1442 341 gi|47 38412 38626 
1444 251 gi|47 38450 38578 
1446 306 gi|47 38455 38548 
789 364 gi|47 38478 38627 
447 302 gi|47 38482 38580 
1448 279 gi|47 38522 38657 
919 366 gi|47 38668 39320 
1411 265 gi|47 38784 39371 
527 253 gi|47 38794 38901 
1450 281 gi|47 39208 39316 
1452 265 gi|47 39226 39331 
1039 306 gi|48 4711 4799 
1855 4872 gi|48 4810 6742 
1636 4094 gi|48 4811 6680 
391 1649 gi|48 5818 6722 
1638 251 gi|48 6750 6801 
1640 278 gi|48 6754 6797 
1851 4915 gi|48 6875 8817 
1642 5114 gi|48 6895 8761 
389 2018 gi|48 7833 8731 
1853 2724 gi|48 9001 10836 
1644 8773 gi|48 9002 10830 
385 1710 gi|48 9909 10800 
637 250 gi|48 10760 10828 
1646 281 gi|48 11172 11426 
313 1010 gi|48 12546 14226 
19 958 gi|48 12674 13359 
1648 285 gi|48 16674 16824 
1650 250 gi|48 22896 22988 
1652 250 gi|48 23155 23226 
969 253 gi|48 26505 26600 
1654 297 gi|48 27676 27895 
1656 613 gi|48 30202 30687 
269 255 gi|48 36983 37094 
887 1015 gi|49 1148 4790 
1580 2222 gi|49 3542 4871 
761 783 gi|49 3828 4988 
517 392 gi|49 3828 4769 
1582 1109 gi|49 3831 4766 
949 1634 gi|49 3854 4791 
1584 479 gi|49 9345 10454 
1586 298 gi|49 11278 12537 
123 301 gi|49 12947 13874 
1281 255 gi|49 14321 14448 
379 268 gi|49 17123 17333 
929 323 gi|49 17840 19128 
1588 384 gi|49 17887 19243 
1225 559 gi|49 17893 19347 
807 280 gi|49 23178 23858 
805 716 gi|49 23995 26816 
809 466 gi|49 27781 28174 
1189 251 gi|49 31490 31663 
229 254 gi|49 35019 35089 
1259 334 gi|49 35702 35862 
289 280 gi|49 36830 37554 
1590 280 gi|49 36839 37488 
713 261 gi|49 37306 37512 
316 291 gi|5 655 768 
318 301 gi|5 4166 4295 
320 262 gi|5 4367 4541 
322 589 gi|5 4616 4985 
324 252 gi|5 4826 5014 
326 267 gi|5 6132 6408 
185 358 gi|5 9195 9284 
175 407 gi|5 9609 9995 
328 308 gi|5 9655 9899 
330 275 gi|5 12477 12628 
332 288 gi|5 13740 13962 
334 251 gi|5 15382 15470 
336 276 gi|5 15699 15797 
338 256 gi|5 19608 19707 
340 2420 gi|5 32138 34262 
342 260 gi|5 37726 37984 
344 269 gi|5 38571 38719 
815 1916 gi|50 3636 5948 
1033 256 gi|50 12137 12254 
1468 252 gi|50 14894 15115 
1149 1282 gi|50 15662 16929 
1470 1754 gi|50 15750 17048 
649 302 gi|50 20516 20718 
341 2420 gi|50 21786 23858 
539 375 gi|50 23608 23940 
1472 1080 gi|50 25660 26553 
1474 260 gi|50 30182 30281 
1173 272 gi|51 819 1008 
1827 1824 gi|51 2076 3539 
1145 1854 gi|51 2106 3343 
1720 263 gi|51 8725 8862 
405 455 gi|51 17764 18696 
1587 298 gi|51 17964 19209 
1722 254 gi|51 20634 20740 
1329 273 gi|51 26889 27047 
1724 251 gi|51 29314 29583 
1257 413 gi|51 33411 33614 
1726 293 gi|51 38969 39138 
1728 300 gi|51 38995 39234 
179 319 gi|51 39066 39207 
1339 258 gi|52 628 1322 
1558 2155 gi|52 1375 2671 
1560 271 gi|52 7415 7701 
49 557 gi|52 9508 10048 
199 253 gi|52 11335 11436 
1562 430 gi|52 11341 13616 
1564 266 gi|52 13281 13517 
1566 286 gi|52 16354 16724 
1807 260 gi|52 17591 18619 
1568 263 gi|52 23795 23969 
1009 380 gi|52 27595 27740 
1570 529 gi|52 33704 34284 
1572 421 gi|52 33753 34686 
1203 1009 gi|52 33767 34890 
1574 428 gi|52 33776 34307 
1325 465 gi|52 33990 34270 
471 372 gi|52 34003 34356 
1576 327 gi|52 34004 34254 
1345 272 gi|52 34592 34756 
911 255 gi|52 39055 39339 
1578 371 gi|52 39146 39330 
679 1586 gi|53 1458 2742 
1616 1656 gi|53 1462 2774 
1109 1163 gi|53 1488 2789 
531 779 gi|53 3239 4313 
311 342 gi|53 3451 4232 
1165 273 gi|53 5550 5625 
1229 510 gi|53 6273 7098 
1451 281 gi|53 6903 7011 
917 261 gi|53 6962 7072 
1353 271 gi|53 6978 7028 
667 2188 gi|53 7522 8446 
1618 305 gi|53 11972 12865 
1620 458 gi|53 21373 22003 
1622 416 gi|53 21502 22096 
473 409 gi|53 21550 21825 
1626 270 gi|53 21568 22060 
1624 484 gi|53 21568 22008 
1577 327 gi|53 21575 21822 
1469 252 gi|53 29937 30137 
721 1148 gi|53 34478 35740 
1628 262 gi|53 35077 35261 
1785 291 gi|53 35894 36000 
1630 251 gi|53 35929 35988 
1632 257 gi|53 35951 36014 
1634 268 gi|53 35957 35988 
1193 257 gi|53 36010 36041 
1195 268 gi|53 39653 39822 
1372 300 gi|54 8333 8634 
1374 255 gi|54 8482 8974 
903 323 gi|54 10788 11005 
675 302 gi|54 12745 12839 
1649 285 gi|54 14465 14633 
1376 252 gi|54 15347 15489 
85 269 gi|54 15427 15721 
1378 252 gi|54 24179 24257 
1380 300 gi|54 24838 25139 
1382 274 gi|54 24987 25479 
493 3489 gi|54 28516 28990 
1384 3473 gi|54 28518 28990 
1386 3473 gi|54 28518 28990 
1388 257 gi|54 28535 28568 
1390 257 gi|54 28535 28568 
499 253 gi|54 28535 28568 
915 254 gi|54 35701 35786 
479 252 gi|54 38891 38980 
1309 254 gi|54 38891 38968 
1377 252 gi|55 668 819 
1506 256 gi|55 890 969 
1508 1349 gi|55 5285 6853 
1653 250 gi|55 15170 15247 
1510 263 gi|55 21882 21965 
1241 1160 gi|55 29093 29977 
1512 1052 gi|55 29103 29978 
1137 376 gi|55 29121 29290 
461 656 gi|55 29294 30576 
1514 557 gi|55 29499 29979 
1516 389 gi|55 29510 29969 
1323 775 gi|55 29518 29978 
577 272 gi|55 29684 29985 
1657 613 gi|55 31649 32128 
1047 349 gi|55 39744 39965 
803 2151 gi|56 2420 3525 
801 656 gi|56 4342 6050 
799 269 gi|56 5469 6661 
1358 254 gi|56 7318 7412 
741 291 gi|56 7325 7386 
203 1287 gi|56 7413 8514 
1360 599 gi|56 7413 8277 
543 669 gi|56 7455 8271 
1255 2059 gi|56 7471 9466 
1107 2084 gi|56 7883 8536 
1103 2592 gi|56 8548 9955 
213 1843 gi|56 8766 9593 
1753 281 gi|56 13657 13785 
183 352 gi|56 14274 14380 
1265 278 gi|56 14296 15438 
43 292 gi|56 14527 14944 
1362 264 gi|56 18349 18429 
1364 252 gi|56 18716 18805 
1373 300 gi|56 18970 19310 
1381 300 gi|56 18970 19310 
339 256 gi|56 20134 20246 
1366 263 gi|56 23771 23967 
1368 285 gi|56 24506 24677 
1370 260 gi|56 35961 36035 
603 268 gi|56 35978 36040 
1151 777 gi|56 38522 39728 
1471 1754 gi|56 38582 39854 
633 278 gi|57 151 1288 
1774 306 gi|57 260 831 
1053 269 gi|57 499 699 
1147 695 gi|57 2527 3344 
395 408 gi|57 2980 3302 
1776 678 gi|57 3624 4532 
1167 8928 gi|57 9271 14019 
107 364 gi|57 12550 12666 
1778 305 gi|57 19499 19785 
971 3688 gi|57 29444 31892 
973 386 gi|57 31244 32435 
1569 263 gi|57 34667 34844 
995 439 gi|57 35669 36298 
1561 271 gi|57 37057 37358 
227 288 gi|57 38485 38603 
1780 330 gi|57 39689 39995 
629 258 gi|58 9586 9707 
1159 292 gi|58 10736 11294 
1163 331 gi|58 10990 11282 
1095 2621 gi|58 15086 16501 
171 304 gi|58 16583 16994 
329 308 gi|58 16694 16935 
1069 254 gi|58 24367 24542 
1725 251 gi|58 27874 28138 
1688 250 gi|58 28980 29103 
1690 471 gi|58 31767 32710 
1297 269 gi|58 31791 31876 
1692 337 gi|58 32265 32684 
1694 336 gi|58 32942 33292 
1761 299 gi|58 36067 36559 
1696 711 gi|58 36087 36593 
149 280 gi|58 36119 36589 
1698 262 gi|58 36140 36567 
1700 280 gi|58 36825 37232 
1702 293 gi|58 37159 37211 
1125 281 gi|58 37160 37212 
1209 279 gi|58 37212 37249 
1704 688 gi|58 38139 38719 
1706 298 gi|58 38216 38693 
1759 311 gi|58 38264 38685 
1708 263 gi|58 38955 39281 
161 286 gi|58 39023 39212 
1710 333 gi|58 39028 39288 
1371 260 gi|59 3640 3709 
605 251 gi|59 3645 3698 
619 258 gi|59 8936 9077 
709 1900 gi|59 9174 10143 
1454 292 gi|59 11877 12057 
1456 357 gi|59 30406 30504 
487 339 gi|59 30425 30504 
1243 2394 gi|59 30966 32239 
1513 1052 gi|59 30966 31844 
1458 385 gi|59 31010 31300 
1460 411 gi|59 31022 31931 
459 1504 gi|59 31161 32757 
1462 390 gi|59 31287 31859 
1181 492 gi|59 31335 31841 
1321 873 gi|59 31371 31922 
1464 441 gi|59 31371 31843 
1625 484 gi|59 31383 31835 
1466 272 gi|59 32865 32925 
737 254 gi|59 34322 34519 
544 445 gi|6 107 464 
546 1365 gi|6 140 911 
548 284 gi|6 148 538 
550 287 gi|6 173 361 
552 376 gi|6 190 561 
554 434 gi|6 212 391 
556 268 gi|6 216 388 
558 250 gi|6 219 950 
560 465 gi|6 220 1000 
562 336 gi|6 231 2810 
564 766 gi|6 240 1056 
566 336 gi|6 248 547 
568 604 gi|6 270 773 
570 427 gi|6 277 758 
572 419 gi|6 280 743 
574 626 gi|6 1963 2806 
576 272 gi|6 6348 6644 
578 773 gi|6 9786 10359 
580 347 gi|6 10718 10941 
582 280 gi|6 10720 10884 
586 280 gi|6 10720 10884 
584 660 gi|6 10720 10801 
588 259 gi|6 10721 10801 
592 735 gi|6 10722 10803 
590 289 gi|6 10722 10802 
594 330 gi|6 10831 10884 
596 330 gi|6 10831 10884 
598 345 gi|6 10885 10926 
600 1582 gi|6 13477 13857 
219 391 gi|6 13678 13855 
602 268 gi|6 13868 13930 
201 250 gi|6 13885 14108 
604 251 gi|6 13886 13942 
606 254 gi|6 13892 14025 
608 665 gi|6 20039 21560 
610 322 gi|6 29912 30617 
612 252 gi|6 30220 30308 
614 2326 gi|6 35243 36735 
191 251 gi|6 38556 38636 
1592 570 gi|60 674 939 
1781 330 gi|60 13206 13527 
957 270 gi|60 19961 20357 
723 440 gi|60 22330 23573 
1589 384 gi|60 22332 23703 
1223 815 gi|60 22333 23755 
1594 1159 gi|60 22333 23742 
1596 1035 gi|60 22333 23708 
771 305 gi|60 22377 23704 
933 1015 gi|60 22391 23884 
1598 311 gi|60 22702 23014 
1600 382 gi|60 33176 33777 
1602 304 gi|60 33384 33725 
1604 262 gi|60 33401 33769 
327 267 gi|60 33509 33783 
1775 306 gi|60 39329 39913 
1445 251 gi|60 39352 39513 
1751 628 gi|61 14199 15423 
1333 405 gi|61 14940 15431 
3 525 gi|61 15017 15322 
1482 253 gi|61 15395 15431 
1484 262 gi|61 21544 21708 
1486 824 gi|61 22662 23497 
1488 562 gi|61 23739 24448 
1177 281 gi|61 23754 24324 
1571 529 gi|61 23773 24333 
1490 320 gi|61 23812 24408 
1315 346 gi|61 23817 24313 
1205 313 gi|61 23824 24504 
1492 528 gi|61 23831 24326 
1517 389 gi|61 23836 24313 
1161 302 gi|61 25169 25371 
1579 371 gi|61 25742 25911 
1494 268 gi|61 25879 26314 
1496 373 gi|61 26009 26310 
1498 341 gi|61 26127 26315 
687 324 gi|61 31621 31781 
1127 633 gi|61 33024 34168 
1199 554 gi|61 33126 34170 
1500 625 gi|61 33159 34190 
1502 482 gi|61 33272 34153 
1504 716 gi|61 34332 36082 
819 1288 gi|61 34362 36055 
397 250 gi|61 36700 36777 
275 258 gi|62 3037 3150 
1073 256 gi|62 3650 3728 
1035 770 gi|62 13173 14951 
61 495 gi|62 17145 17455 
1393 259 gi|62 19684 19832 
823 254 gi|62 26751 27914 
1003 262 gi|62 26766 27404 
963 387 gi|62 26797 27406 
1660 366 gi|62 26886 27407 
45 402 gi|62 26890 27451 
1603 304 gi|62 26926 27267 
1662 258 gi|62 28521 28906 
831 331 gi|62 28535 28780 
1605 262 gi|62 31776 32153 
567 336 gi|62 33568 33880 
353 362 gi|62 33579 33885 
1235 258 gi|62 33635 33937 
1355 326 gi|62 33639 33868 
625 256 gi|62 33643 33954 
1419 349 gi|62 33652 33859 
101 317 gi|62 33716 33861 
1295 256 gi|62 33741 33905 
1253 255 gi|62 34961 35088 
1664 3626 gi|62 39515 40000 
1387 3473 gi|62 39528 40000 
497 3502 gi|62 39528 40000 
1391 257 gi|62 39545 39578 
1711 333 gi|63 66 325 
1542 672 gi|63 68 399 
93 399 gi|63 73 403 
1021 368 gi|63 80 319 
151 358 gi|63 104 399 
1691 471 gi|63 628 1637 
1705 688 gi|63 628 1253 
1697 711 gi|63 628 1157 
1544 489 gi|63 634 1462 
91 254 gi|63 662 1160 
143 312 gi|63 663 1149 
1153 254 gi|63 2146 2289 
1546 585 gi|63 3492 5059 
87 252 gi|63 4474 5050 
147 363 gi|63 4531 4973 
95 364 gi|63 5273 5600 
1017 575 gi|63 5273 5531 
79 260 gi|63 5284 5426 
159 408 gi|63 5304 5487 
899 376 gi|63 7119 8010 
1661 366 gi|63 7394 7919 
1005 293 gi|63 7397 7957 
1548 252 gi|63 7685 7737 
393 301 gi|63 12580 13344 
1171 813 gi|63 16283 16613 
1550 374 gi|63 21224 21728 
1552 1603 gi|63 21941 24167 
1279 327 gi|63 28146 29049 
1619 305 gi|63 30621 31508 
1554 1177 gi|63 36245 37781 
1217 816 gi|63 36327 37623 
1495 268 gi|63 38120 38523 
1556 251 gi|63 38126 38530 
1601 382 gi|63 38200 38792 
323 589 gi|64 4210 4603 
1183 316 gi|64 11880 12940 
1606 1149 gi|64 12022 12930 
1245 450 gi|64 12142 13004 
1608 335 gi|64 12335 12983 
1491 320 gi|64 12344 12947 
1610 651 gi|64 12362 12934 
1465 441 gi|64 12458 12929 
37 379 gi|64 21611 21711 
1612 414 gi|64 21614 21750 
169 271 gi|64 21614 21702 
35 409 gi|64 21825 21925 
167 266 gi|64 21830 21988 
1614 370 gi|64 21830 21918 
59 251 gi|64 27822 27921 
1135 1447 gi|64 31765 33060 
9 269 gi|64 38202 38380 
1581 2222 gi|65 625 1957 
947 1733 gi|65 668 1646 
763 919 gi|65 671 1669 
893 2580 gi|65 687 1666 
1518 1634 gi|65 733 1660 
1520 331 gi|65 841 1660 
953 266 gi|65 1905 1972 
857 279 gi|65 2057 2131 
1001 251 gi|65 4188 4342 
1327 491 gi|65 5063 5782 
1522 2397 gi|65 6431 8334 
195 586 gi|65 6735 7042 
867 678 gi|65 6762 7883 
1499 341 gi|65 6866 7053 
301 1387 gi|65 7125 7860 
1511 263 gi|65 8363 8455 
1524 1386 gi|65 8561 9173 
825 256 gi|65 8999 9198 
909 250 gi|65 20077 20241 
1267 1329 gi|66 63 1098 
877 2842 gi|66 1229 2083 
705 519 gi|66 1263 2104 
881 6197 gi|66 1516 4623 
1749 289 gi|66 1739 2043 
1599 311 gi|66 2900 3212 
945 719 gi|66 5000 6136 
733 281 gi|66 7146 7424 
1083 403 gi|66 8801 8919 
1526 361 gi|66 8812 8928 
1075 391 gi|66 8818 8919 
1528 301 gi|66 8829 8991 
1425 374 gi|66 8830 8893 
1783 284 gi|66 8838 8890 
1085 268 gi|66 8839 8935 
837 494 gi|66 8839 8920 
1635 268 gi|66 8839 8870 
1801 262 gi|66 8840 8931 
1423 302 gi|66 8861 8936 
847 259 gi|66 8882 8920 
1631 251 gi|66 9030 9099 
1530 352 gi|66 9041 9149 
1077 367 gi|66 9047 9148 
845 253 gi|66 9053 9151 
1532 290 gi|66 9058 9152 
1427 334 gi|66 9059 9122 
1534 274 gi|66 9065 9122 
1081 428 gi|66 9067 9148 
1793 292 gi|66 9067 9099 
835 442 gi|66 9068 9151 
1805 276 gi|66 9069 9149 
1429 252 gi|66 9090 9149 
859 286 gi|66 9104 9148 
1633 257 gi|66 9417 9483 
1795 260 gi|66 9446 9478 
693 638 gi|66 10466 11990 
695 469 gi|66 13335 15184 
1057 258 gi|66 16494 17773 
1263 260 gi|66 18328 18522 
1583 1109 gi|66 20946 21890 
1519 1634 gi|66 20955 21873 
895 2389 gi|66 20956 21889 
951 833 gi|66 20957 21860 
1536 444 gi|66 21963 23216 
1043 757 gi|66 21981 23131 
993 7233 gi|66 22687 25470 
1049 450 gi|66 23556 24698 
81 257 gi|66 24830 24910 
1091 760 gi|66 25562 26820 
655 282 gi|66 25587 26746 
1655 297 gi|66 28653 28875 
279 417 gi|66 28665 29380 
1538 467 gi|66 29737 30475 
1501 625 gi|66 29788 30830 
1129 407 gi|66 29828 30551 
1585 479 gi|66 31146 32241 
1111 889 gi|66 31902 33635 
1617 1656 gi|66 32327 33636 
677 2203 gi|66 32327 33607 
1540 281 gi|66 34065 34432 
309 1224 gi|66 34212 35559 
691 907 gi|66 34806 35575 
1343 303 gi|66 35395 35545 
699 291 gi|66 37883 37950 
889 304 gi|66 38044 38214 
1483 253 gi|67 2457 2499 
1375 255 gi|67 8495 8930 
1383 274 gi|67 8495 8930 
1061 258 gi|67 12088 12165 
1613 414 gi|67 12210 12341 
1615 370 gi|67 12254 12341 
39 298 gi|67 12255 12344 
689 259 gi|67 15995 16076 
51 331 gi|67 16872 17139 
1476 260 gi|67 21498 21826 
529 371 gi|67 23313 23698 
1029 1506 gi|67 27301 29098 
1478 261 gi|67 31975 32051 
1480 273 gi|67 32604 32769 
1143 277 gi|67 32721 32758 
1141 261 gi|67 32721 32756 
751 285 gi|68 6897 6978 
1672 254 gi|68 7539 7584 
319 301 gi|68 25921 26039 
1335 254 gi|68 28462 28570 
1641 278 gi|68 28494 28536 
611 322 gi|68 31316 32004 
1651 250 gi|68 32462 32563 
1435 251 gi|68 32989 33221 
75 252 gi|69 4142 4462 
1277 846 gi|69 5833 6280 
1275 890 gi|69 5879 6258 
1023 347 gi|69 8387 8631 
745 276 gi|69 13376 13408 
1261 251 gi|69 17023 17092 
1555 1177 gi|69 20281 21822 
1215 757 gi|69 20303 22131 
1723 254 gi|69 20498 20600 
1668 263 gi|69 27381 27549 
777 1220 gi|69 35805 36740 
682 295 gi|7 2229 2587 
684 317 gi|7 2274 2697 
686 324 gi|7 5437 5595 
688 259 gi|7 7517 7592 
307 544 gi|7 9750 10349 
690 907 gi|7 9758 10516 
215 251 gi|7 10993 11132 
692 638 gi|7 13187 14638 
694 469 gi|7 13240 14988 
696 250 gi|7 19646 19742 
698 291 gi|7 20273 20343 
700 2926 gi|7 20343 21355 
702 310 gi|7 26089 28169 
704 519 gi|7 29139 29961 
706 886 gi|7 29343 29962 
708 1900 gi|7 29997 30928 
710 324 gi|7 31229 32637 
712 261 gi|7 33536 33740 
714 1249 gi|7 33605 34495 
716 286 gi|7 33619 34517 
718 2448 gi|7 34739 35865 
720 1148 gi|7 36398 37627 
1547 585 gi|70 519 2074 
1545 489 gi|70 1270 2068 
1169 951 gi|70 1424 2824 
89 558 gi|70 1466 2601 
1015 1234 gi|70 1532 2775 
1755 1083 gi|70 1538 2838 
1707 298 gi|70 1560 2039 
145 345 gi|70 1561 2105 
1699 262 gi|70 1597 2039 
1693 337 gi|70 1617 2039 
797 283 gi|70 1812 2049 
1701 280 gi|70 2297 2690 
1695 336 gi|70 2297 2636 
1543 672 gi|70 2300 2657 
1709 263 gi|70 2304 2626 
157 278 gi|70 2316 2884 
141 693 gi|70 3606 4319 
1481 273 gi|70 6976 7141 
1421 328 gi|70 10049 10452 
1639 251 gi|70 10647 10694 
1027 254 gi|70 19569 19710 
1487 824 gi|70 32604 33451 
631 270 gi|70 36792 36881 
1712 49611 gi|71 1550 6839 
1714 271 gi|71 1916 1982 
1716 274 gi|71 3638 3697 
587 280 gi|71 3703 3879 
597 330 gi|71 3808 3861 
1665 3626 gi|71 6840 7325 
1385 3473 gi|71 6840 7312 
495 3502 gi|71 6840 7312 
1718 313 gi|71 6985 7077 
1389 257 gi|71 7262 7295 
41 252 gi|71 8107 8295 
1689 250 gi|71 9010 9136 
1365 252 gi|71 16992 17083 
1369 285 gi|71 18742 18888 
1551 374 gi|71 18763 19261 
1211 251 gi|71 22801 24810 
1647 281 gi|71 24325 24598 
1553 1603 gi|71 24632 26712 
1529 301 gi|71 26971 27173 
1533 290 gi|71 26971 27093 
1079 262 gi|71 26993 27089 
1415 295 gi|72 14035 14206 
1593 570 gi|72 17131 17395 
1175 250 gi|72 17754 17948 
1397 260 gi|72 17908 17960 
83 250 gi|72 27557 27707 
1727 293 gi|72 29093 29265 
1119 364 gi|72 29094 29285 
1674 316 gi|72 35878 35982 
617 270 gi|72 36256 36406 
1037 281 gi|72 37707 37895 
897 548 gi|72 39068 39940 
1521 331 gi|72 39200 40000 
767 413 gi|72 39216 39938 
537 466 gi|73 11183 11497 
1479 261 gi|73 15023 15103 
1213 252 gi|73 15503 15592 
1025 256 gi|73 15964 16056 
1527 361 gi|73 15965 16080 
1531 352 gi|73 15965 16074 
1087 398 gi|73 15978 16073 
839 329 gi|73 15985 16074 
1123 324 gi|73 15991 16043 
939 252 gi|73 15991 16037 
1431 315 gi|73 15993 16061 
1670 292 gi|73 15993 16034 
1703 293 gi|73 15994 16045 
1473 1080 gi|73 17055 17956 
829 299 gi|73 37654 37882 
1629 262 gi|73 38330 38499 
1713 49611 gi|74 1 5289 
1719 313 gi|74 2731 2819 
583 280 gi|74 2961 3137 
595 330 gi|74 2979 3032 
1715 271 gi|74 3143 3202 
1717 274 gi|74 4858 4924 
1503 482 gi|74 5653 6552 
1539 467 gi|74 5879 6651 
421 252 gi|74 6229 6340 
821 1101 gi|74 7315 9037 
1505 716 gi|74 7357 9123 
1680 838 gi|74 9237 10609 
1597 1035 gi|74 9265 10631 
1221 888 gi|74 9267 10636 
725 719 gi|74 9401 11143 
1682 4077 gi|74 11633 13204 
565 766 gi|74 13594 14444 
1227 596 gi|74 13617 14461 
1347 723 gi|74 13749 15132 
1407 728 gi|74 13771 14429 
1684 712 gi|74 13796 14451 
1439 472 gi|74 13834 14480 
243 346 gi|74 13896 14405 
1831 486 gi|74 13911 14498 
1303 283 gi|74 14081 14489 
111 282 gi|74 14331 14480 
1847 634 gi|74 14701 15347 
1686 474 gi|74 18727 19655 
1721 263 gi|74 19182 19316 
1777 678 gi|74 20309 21226 
1367 263 gi|74 32749 32978 
1477 260 gi|74 34307 34632 
1337 423 gi|74 36309 36533 
331 275 gi|74 36503 36645 
1467 272 gi|74 37300 37358 
1537 444 gi|75 76 1307 
135 3058 gi|75 106 1309 
1045 445 gi|75 129 1279 
1787 323 gi|75 3431 3566 
853 250 gi|75 3438 3493 
757 282 gi|75 3516 3568 
1671 292 gi|75 3525 3566 
1299 611 gi|75 6855 7496 
1401 747 gi|75 7828 8537 
1273 478 gi|75 7861 8524 
1683 4077 gi|75 8925 10481 
1669 263 gi|75 11248 11425 
257 273 gi|75 14989 15508 
1349 305 gi|75 15001 16040 
1685 712 gi|75 15030 15652 
1231 880 gi|75 15105 15660 
1413 506 gi|75 15180 15641 
1055 296 gi|75 15249 15654 
63 439 gi|75 18322 18578 
1523 2397 gi|75 23316 25240 
193 319 gi|75 23640 23964 
869 349 gi|75 23726 24989 
1663 258 gi|75 23982 24367 
303 1023 gi|75 24080 24758 
1459 385 gi|75 27414 27686 
481 263 gi|75 27561 27686 
1525 1386 gi|75 28422 29037 
399 264 gi|75 29101 29229 
1341 1478 gi|75 30764 31924 
1099 983 gi|75 30870 32041 
775 250 gi|75 33881 33945 
1139 282 gi|75 34790 34938 
1591 280 gi|75 36666 37289 
431 531 gi|76 3334 3744 
1845 407 gi|76 3334 3710 
1293 470 gi|76 3397 3547 
1441 274 gi|76 3426 3672 
1351 302 gi|76 3426 3647 
747 307 gi|76 8752 8827 
427 267 gi|76 13649 13752 
1453 265 gi|76 14529 14639 
1658 282 gi|76 14548 14626 
1811 684 gi|76 15670 17637 
1815 335 gi|76 25206 25695 
1157 257 gi|76 25341 25556 
1565 266 gi|76 25363 25610 
1475 260 gi|76 28178 28271 
321 262 gi|76 30223 30381 
1567 286 gi|76 31800 32168 
1563 430 gi|76 36353 38633 
791 4135 gi|77 1 2906 
1239 261 gi|77 1966 2075 
1673 254 gi|77 6598 6644 
1485 262 gi|77 10222 10393 
1031 259 gi|77 26157 26238 
1115 332 gi|77 29628 30796 
1729 300 gi|77 30118 30341 
827 284 gi|77 30384 30737 
1497 373 gi|77 30398 30693 
1557 251 gi|77 30400 30794 
1509 1349 gi|77 36219 37851 
1623 416 gi|77 38702 39323 
1489 562 gi|77 38718 39383 
1463 390 gi|77 38723 39287 
1676 376 gi|77 38763 39273 
1678 454 gi|77 38767 39289 
1573 421 gi|77 38774 39743 
1607 1149 gi|77 38795 39712 
1185 426 gi|77 38796 39740 
1249 479 gi|77 38798 39317 
475 286 gi|77 38813 39275 
1666 1398 gi|78 2733 3938 
1457 357 gi|78 4019 4121 
1201 252 gi|78 4989 5055 
653 259 gi|78 32818 33014 
1687 474 gi|79 103 1024 
1219 549 gi|79 5826 7831 
883 289 gi|79 6036 7268 
1595 1159 gi|79 6062 7450 
1681 838 gi|79 6084 7450 
97 420 gi|79 10250 11281 
433 263 gi|79 10251 10558 
1305 498 gi|79 10253 10604 
1772 420 gi|79 10263 10567 
1417 2204 gi|79 10269 11986 
549 284 gi|79 10273 10657 
1843 290 gi|79 10286 12380 
1233 359 gi|79 10296 10630 
1771 344 gi|79 10817 11307 
115 390 gi|79 11424 11988 
119 367 gi|79 12327 12846 
1455 292 gi|79 12705 12893 
1117 504 gi|79 13389 14752 
975 332 gi|79 16173 16234 
139 304 gi|79 16250 17885 
1743 292 gi|79 17519 17693 
1859 3811 gi|79 17897 19765 
1637 4094 gi|79 17930 19775 
1643 5114 gi|79 17990 19841 
1645 8773 gi|79 18021 19844 
387 1596 gi|79 18928 19822 
1535 274 gi|79 25320 25378 
371 255 gi|79 26033 26340 
1437 270 gi|79 27555 27676 
665 280 gi|79 28039 31936 
453 463 gi|79 29927 32026 
1363 264 gi|79 38298 38373 
236 256 gi|8 1327 1442 
238 667 gi|8 2084 2823 
240 394 gi|8 2163 2461 
571 427 gi|8 2188 2699 
242 346 gi|8 2188 2697 
244 517 gi|8 2204 2690 
246 345 gi|8 2207 2398 
248 365 gi|8 2246 2391 
250 502 gi|8 2288 2771 
252 444 gi|8 2291 2696 
254 260 gi|8 2570 3575 
256 273 gi|8 2860 3388 
258 393 gi|8 2942 3540 
260 251 gi|8 2943 3599 
262 500 gi|8 3003 3332 
264 374 gi|8 3008 3241 
266 349 gi|8 3008 3185 
503 250 gi|8 3507 3635 
268 255 gi|8 4075 4182 
270 250 gi|8 9933 10056 
272 280 gi|8 16103 17049 
523 278 gi|8 20362 20586 
274 258 gi|8 23638 23738 
276 254 gi|8 24078 24204 
278 417 gi|8 25205 25920 
280 410 gi|8 26105 26834 
282 326 gi|8 26975 27741 
284 405 gi|8 26989 27707 
288 280 gi|8 27002 27732 
286 523 gi|8 27002 27727 
290 296 gi|8 27006 27823 
292 259 gi|8 27888 28000 
607 254 gi|8 34516 34652 
294 5228 gi|8 34518 36806 
296 282 gi|8 37566 38328 
1549 252 gi|80 940 989 
753 3174 gi|80 4741 6647 
1121 325 gi|80 6617 7889 
671 785 gi|80 6737 7774 
535 553 gi|80 9583 10469 
1675 316 gi|80 12003 12103 
913 422 gi|80 15122 15700 
1361 599 gi|80 15772 16708 
1541 281 gi|80 17324 17690 
1379 252 gi|80 18651 18728 
33 370 gi|80 18653 18728 
255 260 gi|80 23270 24303 
1447 306 gi|80 23307 23412 
559 250 gi|80 23559 24313 
239 667 gi|80 23622 24370 
785 253 gi|80 23827 23998 
435 324 gi|80 24159 24308 
445 260 gi|80 24186 24267 
1063 250 gi|80 29123 29276 
1449 279 gi|80 29736 29871 
429 344 gi|80 30541 30887 
1839 341 gi|80 30556 31025 
1773 420 gi|80 30556 30899 
1237 442 gi|80 30655 30997 
109 256 gi|80 30774 30906 
1559 2155 gi|81 18 1353 
1627 270 gi|81 4987 5496 
1677 376 gi|81 4997 5506 
1179 284 gi|81 5001 5513 
1317 601 gi|81 5016 5596 
1515 557 gi|81 5026 5506 
1611 651 gi|81 5031 5585 
1575 428 gi|81 5035 5542 
1207 313 gi|81 5037 5542 
1251 639 gi|81 5041 5504 
743 2355 gi|81 7094 7746 
315 2589 gi|81 7910 8415 
197 1441 gi|81 8426 8820 
1359 254 gi|81 8843 8918 
407 1806 gi|81 12690 14107 
1443 341 gi|81 19135 19346 
1659 282 gi|81 19202 19280 
1269 1451 gi|81 20849 22501 
1621 458 gi|81 21057 21691 
1609 335 gi|81 21117 21789 
469 622 gi|81 21137 21740 
1461 411 gi|81 21144 22075 
1319 505 gi|81 21205 21709 
1679 454 gi|81 21206 21737 
1187 497 gi|81 21214 21535 
1493 528 gi|81 21231 21711 
1507 256 gi|81 23046 23136 
221 250 gi|81 23761 23893 
1155 914 gi|81 27211 28271 
1667 1398 gi|81 30974 32174 
1779 305 gi|81 35427 35708 
1357 2600 gi|81 36012 36655 
798 269 gi|9 1589 2830 
800 656 gi|9 1685 3489 
802 2151 gi|9 3500 4621 
804 716 gi|9 5065 7882 
806 280 gi|9 8300 8968 
808 466 gi|9 8655 9052 
810 1944 gi|9 10935 12707 
812 278 gi|9 12332 13090 
814 1916 gi|9 13374 15729 
816 318 gi|9 20602 21312 
285 405 gi|9 20629 21308 
613 252 gi|9 20896 20984 
818 1288 gi|9 22820 24526 
820 1101 gi|9 22876 24603 
822 254 gi|9 25117 26330 
824 256 gi|9 25134 25339 
826 284 gi|9 25155 25509 
828 299 gi|9 26886 27111 
830 331 gi|9 26894 27133 
832 268 gi|9 28569 28629 
834 442 gi|9 28571 28657 
838 329 gi|9 28573 28666 
836 494 gi|9 28573 28657 
840 326 gi|9 28610 28735 
842 251 gi|9 28624 28657 
844 253 gi|9 28678 28770 
846 259 gi|9 28680 28718 
848 270 gi|9 28681 28725 
615 2326 gi|9 28823 30311 
850 252 gi|9 32461 32503 
852 250 gi|9 32465 32528 
854 272 gi|9 35722 35781 
856 279 gi|9 35725 35788 
858 286 gi|9 35732 35777 
860 271 gi|9 35737 35783 
862 251 gi|9 35743 35798 
864 391 gi|9 36246 38007 
866 678 gi|9 36773 37888 
868 349 gi|9 36816 38074 
299 255 gi|9 37078 38068 
870 258 gi|9 37666 37732 
