1010 263 gi|1 1461 1523 
1012 291 gi|1 1480 1556 
1014 264 gi|1 1481 1524 
1016 274 gi|1 1484 1522 
1018 273 gi|1 1488 1524 
1020 283 gi|1 1489 1521 
1026 252 gi|1 1493 1551 
1024 263 gi|1 1493 1534 
1022 259 gi|1 1493 1524 
1028 337 gi|1 6661 6845 
1030 273 gi|1 11525 11678 
1032 265 gi|1 11589 11663 
1034 253 gi|1 11597 11681 
1036 259 gi|1 11603 11663 
1038 274 gi|1 11619 11663 
1040 397 gi|1 12635 12702 
1042 315 gi|1 12644 12697 
1044 371 gi|1 12645 12732 
1046 450 gi|1 12647 12703 
1048 406 gi|1 12647 12702 
1050 349 gi|1 12648 12702 
1052 333 gi|1 12653 12702 
1064 302 gi|1 12654 12708 
1054 414 gi|1 12654 12703 
1056 414 gi|1 12654 12703 
1058 398 gi|1 12654 12703 
1060 316 gi|1 12654 12703 
1062 400 gi|1 12654 12702 
1066 295 gi|1 12894 12947 
1068 318 gi|1 12895 12952 
1070 412 gi|1 12897 12970 
1072 369 gi|1 12897 12952 
1074 318 gi|1 12898 12948 
1076 348 gi|1 12903 12952 
1078 310 gi|1 12903 12952 
1090 266 gi|1 12904 12958 
1080 378 gi|1 12904 12953 
1082 378 gi|1 12904 12953 
1084 362 gi|1 12904 12953 
1086 280 gi|1 12904 12953 
1088 364 gi|1 12904 12952 
1092 346 gi|1 18585 19164 
1094 270 gi|1 19660 19715 
1096 273 gi|1 19661 19711 
1098 281 gi|1 19667 19722 
1100 253 gi|1 19667 19708 
1102 251 gi|1 24215 24357 
1104 1899 gi|1 24630 25916 
1106 428 gi|1 28338 28444 
1108 346 gi|1 28351 28422 
1110 579 gi|1 28352 28446 
1112 320 gi|1 28375 28444 
1114 2025 gi|1 28416 28717 
1116 1918 gi|1 28417 28842 
1118 745 gi|1 28448 28751 
1120 679 gi|1 28480 28729 
1122 675 gi|1 28542 28775 
1124 260 gi|1 28731 28776 
1126 262 gi|1 28736 28776 
1128 265 gi|1 28737 28776 
1130 258 gi|1 28738 28776 
1132 253 gi|1 28741 28776 
1134 253 gi|1 28745 28776 
1136 260 gi|1 28746 28776 
1140 255 gi|1 28748 28788 
1138 275 gi|1 28748 28779 
1142 265 gi|1 38156 38401 
1144 294 gi|1 38860 39047 
202 255 gi|10 3391 3428 
204 266 gi|10 3595 3675 
206 322 gi|10 3749 3849 
843 483 gi|10 8905 9118 
269 250 gi|10 11229 11327 
208 972 gi|10 11231 11346 
210 269 gi|10 11233 11370 
212 412 gi|10 17510 18411 
214 257 gi|10 21773 21826 
216 278 gi|10 21780 21826 
697 251 gi|10 21786 21843 
218 267 gi|10 21787 21831 
220 253 gi|10 21791 21826 
222 267 gi|10 23613 23697 
667 250 gi|10 23616 23697 
224 263 gi|10 23665 23696 
1137 260 gi|10 23666 23696 
226 254 gi|10 23666 23696 
228 259 gi|10 23666 23696 
547 271 gi|10 23666 23696 
230 253 gi|10 23669 23712 
232 254 gi|10 23669 23696 
234 450 gi|10 31370 31593 
236 283 gi|10 31674 31815 
238 333 gi|10 31685 31804 
240 6803 gi|10 35120 36177 
242 998 gi|10 36280 36457 
244 527 gi|10 36336 36440 
246 290 gi|10 36798 36960 
250 288 gi|10 36861 37082 
248 312 gi|10 36861 37058 
335 289 gi|10 36864 37070 
252 2503 gi|10 39635 39955 
478 299 gi|11 704 835 
480 260 gi|11 7905 7956 
482 421 gi|11 8160 8294 
484 362 gi|11 8170 8311 
486 432 gi|11 20294 21011 
488 275 gi|11 22953 23137 
490 598 gi|11 26917 27589 
492 252 gi|11 29225 29274 
494 254 gi|11 29246 29278 
241 6803 gi|11 30789 31831 
1533 324 gi|11 31989 32313 
496 268 gi|11 31989 32231 
498 264 gi|11 33824 33900 
500 305 gi|11 33827 33896 
502 277 gi|11 33831 33896 
504 282 gi|11 33840 33899 
267 260 gi|11 33841 33895 
1171 260 gi|11 33850 33927 
506 253 gi|11 38744 38806 
508 254 gi|11 38773 38806 
510 257 gi|11 38774 38818 
512 257 gi|11 38775 38807 
1019 273 gi|11 38776 38811 
0 1585 gi|12 1 168 
2 1585 gi|12 1 168 
4 1585 gi|12 1 168 
581 1585 gi|12 1 168 
6 1585 gi|12 1 168 
543 251 gi|13 1455 1497 
910 284 gi|13 3262 3322 
912 274 gi|13 3277 3322 
311 250 gi|13 3280 3337 
914 309 gi|13 3280 3324 
916 280 gi|13 3284 3369 
918 304 gi|13 3286 3355 
529 311 gi|13 3289 3343 
920 251 gi|13 3289 3322 
922 269 gi|13 3290 3323 
229 259 gi|13 3291 3321 
255 261 gi|13 7000 7078 
924 34380 gi|13 8960 12792 
926 34467 gi|13 8997 12792 
928 22681 gi|13 9049 11492 
563 16495 gi|13 9049 11159 
930 24349 gi|13 9077 11679 
932 848 gi|13 9081 9203 
934 254 gi|13 11152 11286 
936 254 gi|13 11152 11286 
938 254 gi|13 11152 11286 
577 5839 gi|13 11278 11956 
5 1585 gi|13 11512 11679 
587 6756 gi|13 12009 12798 
940 423 gi|13 12929 13034 
942 267 gi|13 12939 13024 
944 334 gi|13 12944 13028 
946 458 gi|13 12950 13186 
948 364 gi|13 12950 13034 
950 488 gi|13 12953 13186 
952 499 gi|13 12956 13033 
649 299 gi|13 13089 13195 
954 439 gi|13 13113 13188 
593 16407 gi|13 13202 14982 
956 17613 gi|13 13219 15179 
958 17447 gi|13 13219 15095 
960 16447 gi|13 13362 15127 
962 16219 gi|13 13363 15120 
964 361 gi|13 15957 16401 
966 581 gi|13 15981 16483 
968 348 gi|13 16001 16586 
970 420 gi|13 16224 16378 
345 263 gi|13 16233 16398 
972 300 gi|13 16238 16482 
974 263 gi|13 16254 16450 
976 302 gi|13 16257 16460 
978 250 gi|13 16271 16513 
980 298 gi|13 16284 16396 
693 280 gi|13 16289 16397 
982 255 gi|13 16289 16384 
984 280 gi|13 16297 16430 
986 254 gi|13 16302 16357 
988 344 gi|13 16303 16551 
990 255 gi|13 21749 21783 
992 261 gi|13 21752 21795 
994 261 gi|13 23634 23691 
996 254 gi|13 26558 26601 
998 466 gi|13 30572 30809 
1000 365 gi|13 30614 30769 
645 368 gi|13 30614 30723 
619 293 gi|13 30616 30695 
607 331 gi|13 30629 30809 
1002 407 gi|13 30634 30933 
1006 299 gi|13 30634 30836 
1004 370 gi|13 30634 30815 
601 757 gi|13 30725 30816 
1008 290 gi|13 30728 30809 
66 270 gi|14 3847 3916 
777 252 gi|14 5073 5173 
525 276 gi|14 5922 6010 
68 287 gi|14 5937 5994 
233 254 gi|14 5953 5980 
70 289 gi|14 11005 11079 
72 274 gi|14 11551 11674 
74 254 gi|14 11572 11625 
76 255 gi|14 15194 15255 
78 434 gi|14 15199 15317 
80 331 gi|14 15199 15255 
82 331 gi|14 15199 15255 
86 603 gi|14 15212 15317 
96 328 gi|14 15212 15316 
88 322 gi|14 15212 15314 
90 500 gi|14 15212 15312 
84 538 gi|14 15212 15311 
92 474 gi|14 15212 15311 
1043 315 gi|14 15212 15263 
1067 295 gi|14 15212 15263 
98 304 gi|14 15212 15258 
94 336 gi|14 15212 15255 
793 261 gi|14 15214 15315 
100 317 gi|14 15266 15337 
102 1739 gi|14 15354 16597 
104 309 gi|14 16387 16575 
283 272 gi|14 21899 21946 
1157 270 gi|14 22551 22628 
106 311 gi|14 22738 22822 
239 333 gi|14 22743 22851 
449 1062 gi|14 23082 24099 
1035 253 gi|14 25215 25305 
108 313 gi|14 25223 25303 
110 413 gi|14 25226 25345 
1031 273 gi|14 25916 26074 
1483 316 gi|14 25939 26028 
112 383 gi|14 25983 26071 
114 337 gi|14 25983 26053 
1037 259 gi|14 25983 26051 
116 437 gi|14 29490 29568 
118 293 gi|14 29499 29573 
1487 363 gi|14 29502 29586 
120 282 gi|14 29503 29573 
122 366 gi|14 29506 29574 
1571 375 gi|14 29506 29568 
1563 398 gi|14 29507 29579 
1489 372 gi|14 29507 29570 
124 335 gi|14 29507 29569 
831 290 gi|14 29507 29569 
126 322 gi|14 29508 29572 
128 285 gi|14 29508 29568 
130 314 gi|14 29508 29564 
132 272 gi|14 33963 34108 
844 1093 gi|15 15397 16127 
1525 261 gi|15 16399 16491 
1527 437 gi|15 16574 17199 
1529 849 gi|15 17783 18204 
701 468 gi|15 21056 21151 
846 278 gi|15 21173 21209 
848 410 gi|15 21280 21361 
699 803 gi|15 21392 21719 
683 3806 gi|15 21717 22164 
983 255 gi|15 21732 21823 
850 250 gi|15 21740 21821 
852 412 gi|15 21742 21913 
854 367 gi|15 21744 22078 
856 276 gi|15 21783 21958 
858 278 gi|15 21795 21912 
681 273 gi|15 21804 21915 
860 266 gi|15 22152 22438 
665 5654 gi|15 22154 22815 
862 309 gi|15 22154 22374 
864 263 gi|15 22165 22385 
866 255 gi|15 22482 22545 
868 267 gi|15 22487 22533 
870 294 gi|15 22492 22547 
539 251 gi|15 22503 22533 
223 267 gi|15 22504 22586 
872 291 gi|15 23499 23577 
874 254 gi|15 23518 23561 
459 254 gi|15 23529 23577 
207 322 gi|15 23609 23709 
876 295 gi|15 28177 28249 
878 271 gi|15 33995 34045 
535 261 gi|15 34002 34042 
880 271 gi|15 34002 34040 
1519 259 gi|15 34007 34040 
882 250 gi|15 34010 34047 
886 293 gi|15 34011 34122 
884 256 gi|15 34011 34055 
888 258 gi|15 34011 34040 
531 258 gi|16 12540 12613 
71 289 gi|16 12551 12623 
750 262 gi|16 16302 16359 
521 284 gi|16 16306 16372 
752 255 gi|16 16312 16358 
754 518 gi|16 17859 18001 
756 1536 gi|16 18107 18564 
758 282 gi|16 20640 20690 
760 280 gi|16 20643 20700 
762 261 gi|16 20650 20682 
537 255 gi|16 20651 20688 
911 284 gi|16 20652 20717 
873 291 gi|16 26043 26118 
1539 268 gi|16 26057 26117 
764 271 gi|16 28793 28862 
766 255 gi|16 28805 28851 
768 252 gi|16 28811 28857 
770 368 gi|16 28946 29070 
772 259 gi|16 32559 32615 
774 273 gi|16 39142 39207 
166 297 gi|17 1659 1735 
519 260 gi|17 1661 1752 
168 4413 gi|17 1689 2240 
170 1282 gi|17 2241 2414 
867 255 gi|17 3528 3589 
172 253 gi|17 3541 3595 
174 267 gi|17 3721 3807 
176 251 gi|17 11027 11106 
178 272 gi|17 15745 16115 
1159 330 gi|17 16034 16115 
471 275 gi|17 16042 16131 
180 292 gi|17 16054 16100 
182 283 gi|17 16056 16102 
184 291 gi|17 16058 16113 
753 255 gi|17 16058 16104 
186 301 gi|17 17329 17386 
188 708 gi|17 23800 24343 
775 273 gi|17 23805 23874 
1547 853 gi|17 23829 24064 
1551 257 gi|17 24156 24352 
190 714 gi|17 24411 24880 
1553 725 gi|17 24415 24885 
192 1561 gi|17 25314 26913 
1557 2129 gi|17 25932 26914 
194 286 gi|17 27048 27166 
995 261 gi|17 34130 34184 
196 16650 gi|17 36633 38450 
961 16447 gi|17 36687 38450 
198 16261 gi|17 36688 38449 
200 16130 gi|17 36718 38450 
595 15105 gi|17 36830 38450 
245 527 gi|18 2397 2495 
8 506 gi|18 2416 2495 
10 251 gi|18 3033 3068 
285 424 gi|18 4675 5594 
12 267 gi|18 6227 6277 
14 250 gi|18 6227 6263 
18 261 gi|18 6231 6263 
513 257 gi|18 6231 6263 
16 250 gi|18 6231 6262 
20 253 gi|18 6233 6264 
1029 337 gi|18 8872 9056 
22 268 gi|18 9011 9089 
24 693 gi|18 9724 9891 
26 721 gi|18 9734 9853 
28 254 gi|18 9737 9849 
30 626 gi|18 9738 9852 
32 706 gi|18 9739 9920 
34 594 gi|18 9739 9853 
36 318 gi|18 9740 9856 
38 275 gi|18 9743 9849 
263 331 gi|18 22765 23002 
261 276 gi|18 23428 23728 
259 1150 gi|18 23819 24320 
257 307 gi|18 24637 25159 
40 602 gi|18 30521 30689 
1101 253 gi|18 30527 30568 
42 255 gi|18 30528 30583 
44 608 gi|18 30552 30704 
46 412 gi|18 30569 30677 
97 328 gi|18 30569 30672 
787 385 gi|18 30572 30686 
48 270 gi|18 30579 30672 
50 354 gi|18 30581 30677 
52 343 gi|18 30618 30681 
1071 412 gi|18 30621 30694 
1047 450 gi|18 30621 30678 
62 330 gi|18 30629 30689 
54 406 gi|18 30629 30681 
56 406 gi|18 30629 30681 
58 379 gi|18 30629 30678 
60 297 gi|18 30629 30678 
849 410 gi|18 31847 31931 
847 278 gi|18 31879 31915 
1099 281 gi|18 35204 35266 
815 279 gi|18 35219 35285 
64 268 gi|18 35220 35267 
134 18705 gi|19 1 2028 
136 304 gi|19 108 189 
138 254 gi|19 1925 2003 
140 256 gi|19 1934 1966 
142 276 gi|19 2023 2067 
253 2503 gi|19 3498 3817 
1513 295 gi|19 9140 9208 
144 269 gi|19 9161 9206 
146 257 gi|19 9164 9203 
150 261 gi|19 9170 9206 
148 284 gi|19 9170 9203 
921 251 gi|19 9170 9203 
154 260 gi|19 9173 9229 
317 256 gi|19 9173 9206 
152 282 gi|19 9173 9205 
73 274 gi|19 21828 21971 
156 264 gi|19 21901 21972 
975 263 gi|19 24584 24758 
603 277 gi|19 31534 31734 
605 296 gi|19 31674 32085 
639 315 gi|19 31675 31854 
158 291 gi|19 31765 31842 
160 272 gi|19 34048 34080 
162 983 gi|19 35258 36198 
265 307 gi|19 36267 36362 
164 260 gi|19 39107 39152 
1146 320 gi|2 1346 1468 
1148 1323 gi|2 1473 1671 
1150 875 gi|2 1666 1913 
1152 313 gi|2 1813 1903 
1154 293 gi|2 1822 1905 
1156 270 gi|2 1844 1921 
1158 330 gi|2 8417 8486 
1160 293 gi|2 8432 8479 
1166 256 gi|2 8435 8492 
1162 250 gi|2 8435 8487 
1164 279 gi|2 8435 8474 
1168 265 gi|2 10963 11068 
1170 260 gi|2 12240 12320 
1172 259 gi|2 28026 28068 
1174 272 gi|2 28048 28089 
1176 13489 gi|2 33101 35059 
1178 35493 gi|2 36196 40132 
1180 367 gi|2 36995 37284 
1182 330 gi|2 37122 37257 
1184 321 gi|2 37243 37383 
1186 374 gi|2 37304 37605 
408 359 gi|20 1114 1419 
410 289 gi|20 1322 1432 
412 267 gi|20 3009 3070 
997 254 gi|20 3026 3071 
623 258 gi|20 10591 10785 
414 435 gi|20 26834 27137 
416 2219 gi|20 30028 32128 
979 250 gi|20 30649 30895 
418 365 gi|20 30663 30978 
420 317 gi|20 31483 31933 
422 413 gi|20 31670 31980 
299 275 gi|20 31680 31727 
424 286 gi|20 32178 32236 
426 251 gi|20 32182 32232 
769 252 gi|20 32184 32230 
428 304 gi|20 32186 32273 
430 258 gi|20 32186 32225 
173 253 gi|20 32189 32245 
432 269 gi|20 32192 32234 
434 250 gi|20 32192 32231 
151 261 gi|20 32192 32229 
436 286 gi|20 32195 32289 
438 258 gi|20 32195 32225 
837 517 gi|20 32196 32673 
1027 252 gi|20 32196 32254 
23 268 gi|20 33263 33344 
440 255 gi|20 34429 34573 
15 250 gi|20 39304 39341 
821 960 gi|21 1049 1226 
835 678 gi|21 1124 1247 
346 484 gi|21 1337 1580 
348 679 gi|21 1987 2613 
350 388 gi|21 3052 3186 
687 333 gi|21 9790 9964 
857 276 gi|21 9790 9964 
679 376 gi|21 9798 10278 
863 309 gi|21 9798 10019 
861 266 gi|21 10593 10876 
675 272 gi|21 10593 10875 
352 350 gi|21 10682 10810 
689 441 gi|21 10687 10862 
853 412 gi|21 10687 10862 
354 260 gi|21 12067 12220 
189 708 gi|21 12151 12642 
885 256 gi|21 12177 12220 
356 271 gi|21 12178 12230 
358 260 gi|21 12183 12219 
313 261 gi|21 12186 12244 
435 250 gi|21 12187 12226 
21 253 gi|21 12190 12222 
360 255 gi|21 12191 12220 
1549 2272 gi|21 12217 13435 
191 714 gi|21 12643 13134 
193 1561 gi|21 13547 15071 
1555 3298 gi|21 13986 15071 
195 286 gi|21 15159 15279 
1559 2662 gi|21 15161 15558 
119 293 gi|21 15412 15497 
362 271 gi|21 15420 15497 
364 306 gi|21 15422 15492 
1507 263 gi|21 15433 15497 
368 279 gi|21 15433 15496 
370 267 gi|21 15433 15496 
1493 270 gi|21 15433 15494 
366 303 gi|21 15433 15494 
131 314 gi|21 15433 15493 
1577 297 gi|21 15433 15493 
297 395 gi|21 16688 17207 
372 348 gi|21 16952 17236 
374 374 gi|21 18426 18898 
376 292 gi|21 18685 18802 
985 280 gi|21 18709 18842 
378 254 gi|21 18715 18808 
751 262 gi|21 21587 21644 
380 277 gi|21 23148 23218 
169 4413 gi|21 23154 23696 
167 297 gi|21 25232 25297 
382 351 gi|21 25357 25461 
384 250 gi|21 27528 27631 
386 270 gi|21 27561 27649 
879 271 gi|21 27578 27629 
388 256 gi|21 27580 27623 
759 282 gi|21 27585 27638 
511 257 gi|21 27585 27627 
1133 253 gi|21 27587 27622 
390 289 gi|21 27589 27627 
221 253 gi|21 27592 27627 
19 261 gi|21 27593 27626 
392 254 gi|21 27594 27631 
1117 1918 gi|21 29682 30100 
394 1480 gi|21 29763 30287 
1109 346 gi|21 29775 29846 
396 625 gi|21 29789 30036 
398 2211 gi|21 29801 30321 
1121 679 gi|21 30024 30281 
400 364 gi|21 30103 30263 
1107 428 gi|21 30199 30308 
171 1282 gi|21 39108 39281 
37 318 gi|21 39254 39360 
402 258 gi|21 39257 39384 
404 256 gi|21 39257 39360 
406 268 gi|21 39258 39375 
706 286 gi|22 3074 3143 
708 619 gi|22 7661 7892 
710 309 gi|22 7679 7835 
712 260 gi|22 7776 7836 
714 260 gi|22 7776 7836 
716 370 gi|22 7778 7904 
87 603 gi|22 7779 7884 
47 412 gi|22 7780 7889 
789 261 gi|22 7781 7901 
718 301 gi|22 7785 7915 
720 611 gi|22 7785 7893 
722 359 gi|22 7785 7891 
724 548 gi|22 7785 7889 
726 263 gi|22 7785 7838 
781 425 gi|22 7789 7913 
89 322 gi|22 7790 7894 
728 423 gi|22 7809 7890 
1041 397 gi|22 7824 7889 
730 380 gi|22 7837 7890 
1077 348 gi|22 7839 7889 
738 367 gi|22 7840 7912 
732 406 gi|22 7840 7900 
734 392 gi|22 7840 7889 
736 392 gi|22 7840 7889 
740 262 gi|22 14451 14588 
742 326 gi|22 24642 24906 
744 577 gi|22 29151 29625 
746 250 gi|22 33081 33222 
748 1172 gi|22 38379 40078 
549 318 gi|23 4328 4394 
1344 254 gi|23 12022 12087 
225 263 gi|23 12056 12087 
1346 258 gi|23 14316 14390 
545 282 gi|23 14320 14371 
923 269 gi|23 14339 14372 
227 254 gi|23 14340 14370 
1350 271 gi|23 14342 14374 
1348 255 gi|23 14342 14371 
1352 273 gi|23 17341 17419 
433 269 gi|23 17364 17405 
1354 262 gi|23 17367 17398 
913 274 gi|23 17368 17413 
457 255 gi|23 17369 17421 
187 301 gi|23 21969 22028 
1173 259 gi|23 21977 22012 
1356 275 gi|23 23272 23395 
209 972 gi|23 23282 23397 
1093 346 gi|23 27459 28035 
413 267 gi|23 32935 32999 
373 348 gi|23 37577 37861 
295 635 gi|23 37583 38190 
1358 450 gi|23 37587 38278 
1360 295 gi|23 37611 37913 
973 300 gi|23 37663 37902 
375 374 gi|23 37668 38143 
1362 298 gi|23 37750 37852 
1364 373 gi|23 37769 37852 
1366 289 gi|23 38034 38188 
1454 307 gi|24 5012 5188 
755 518 gi|24 11852 11981 
757 1536 gi|24 11957 12408 
1456 670 gi|24 19573 19763 
773 259 gi|24 22835 22888 
1458 760 gi|24 24542 25335 
1141 255 gi|24 26245 26282 
1460 294 gi|24 26251 26282 
439 258 gi|24 26252 26282 
1462 297 gi|24 26253 26333 
325 255 gi|24 26253 26296 
147 257 gi|24 26253 26287 
481 260 gi|24 28635 28689 
357 271 gi|24 28643 28700 
1464 258 gi|24 28644 28706 
1523 251 gi|24 28644 28685 
1466 261 gi|24 28655 28685 
887 293 gi|24 28657 28776 
327 256 gi|24 28657 28685 
1468 281 gi|24 29304 29448 
743 326 gi|24 31452 31717 
1470 387 gi|24 35510 36064 
1472 321 gi|24 35514 36088 
1474 319 gi|24 35881 36059 
1365 373 gi|24 35883 35966 
987 254 gi|24 35883 35938 
215 257 gi|24 38688 38746 
1476 267 gi|24 38689 38772 
767 255 gi|24 38699 38748 
1578 250 gi|25 2298 2360 
1580 558 gi|25 3784 4205 
1123 675 gi|25 5297 5524 
397 625 gi|25 5327 5570 
401 364 gi|25 5360 5511 
553 960 gi|25 11460 11704 
1582 1166 gi|25 11533 11762 
279 326 gi|25 11612 11743 
1584 726 gi|25 11641 11741 
1586 596 gi|25 11652 11740 
1588 286 gi|25 11676 11738 
237 283 gi|25 11678 11793 
107 311 gi|25 11679 11760 
1590 295 gi|25 11688 11737 
395 1480 gi|25 21768 22302 
399 2211 gi|25 21792 22307 
1115 2025 gi|25 21792 22098 
1113 320 gi|25 21792 21858 
1119 745 gi|25 21993 22293 
1111 579 gi|25 22194 22290 
845 1093 gi|25 22416 23155 
437 286 gi|25 24939 25042 
1013 291 gi|25 24967 25058 
1477 267 gi|25 24988 25074 
429 304 gi|25 25002 25073 
1592 270 gi|25 25006 25062 
1594 255 gi|25 25006 25042 
219 267 gi|25 25007 25051 
1596 250 gi|25 25008 25041 
507 253 gi|25 25012 25078 
17 250 gi|25 25012 25044 
1023 259 gi|25 25012 25043 
745 577 gi|25 29939 30413 
1598 464 gi|25 31630 31921 
1600 336 gi|25 32317 32642 
791 311 gi|25 35632 35779 
717 370 gi|25 35647 35782 
1602 315 gi|25 35659 35776 
1604 544 gi|25 35660 35776 
93 474 gi|25 35663 35771 
1606 495 gi|25 35665 35776 
725 548 gi|25 35665 35776 
1608 284 gi|25 35665 35711 
51 354 gi|25 35673 35776 
1610 313 gi|25 35688 35783 
1612 448 gi|25 35718 35782 
1614 448 gi|25 35718 35782 
1616 391 gi|25 35718 35776 
1618 323 gi|25 35718 35776 
1620 350 gi|25 35724 35782 
1051 349 gi|25 35724 35776 
1075 318 gi|25 35724 35772 
1622 270 gi|25 37130 37207 
447 252 gi|25 37135 37168 
1624 285 gi|25 37136 37175 
319 252 gi|25 37137 37204 
855 367 gi|25 37172 37512 
685 370 gi|25 37172 37459 
677 309 gi|25 37295 37515 
865 263 gi|25 37295 37515 
353 350 gi|25 38180 38308 
691 369 gi|25 38186 38307 
859 278 gi|25 38186 38307 
1296 2658 gi|26 1 410 
1298 5052 gi|26 686 1340 
1581 558 gi|26 1440 1867 
1300 341 gi|26 2280 2363 
1302 313 gi|26 2608 2664 
1304 384 gi|26 3243 3369 
1306 3904 gi|26 5997 6626 
1308 2870 gi|26 7231 7633 
1310 13265 gi|26 7982 9893 
1312 3336 gi|26 12621 13469 
1314 315 gi|26 14669 14715 
1316 1232 gi|26 15136 15906 
1318 3346 gi|26 15981 16533 
477 285 gi|26 17086 17156 
1320 414 gi|26 17105 17235 
1322 352 gi|26 17106 17198 
1324 3560 gi|26 19110 19657 
1326 1568 gi|26 20229 20411 
1328 383 gi|26 20230 20392 
1330 1267 gi|26 22788 23689 
1332 361 gi|26 26361 26405 
1334 297 gi|26 27694 27819 
647 572 gi|26 27702 27829 
1336 428 gi|26 27702 27786 
1338 271 gi|26 27748 27807 
1340 256 gi|26 27751 27806 
1342 256 gi|26 27751 27806 
1270 264 gi|27 143 193 
181 292 gi|27 148 194 
839 262 gi|27 151 194 
1167 256 gi|27 153 206 
651 360 gi|27 3199 3281 
1272 682 gi|27 3204 3285 
1274 283 gi|27 3209 3292 
1339 271 gi|27 3219 3278 
611 256 gi|27 3222 3277 
627 402 gi|27 3253 3470 
1276 293 gi|27 3270 3361 
653 298 gi|27 3284 3359 
1278 257 gi|27 3284 3355 
1280 257 gi|27 3287 3366 
747 250 gi|27 6043 6198 
179 272 gi|27 8336 8702 
65 268 gi|27 8638 8690 
1282 272 gi|27 16939 16986 
1284 252 gi|27 21785 21857 
505 282 gi|27 21811 21866 
1105 1899 gi|27 21958 23241 
1286 591 gi|27 24440 24591 
1288 580 gi|27 24470 24591 
1290 296 gi|27 24471 24569 
1587 596 gi|27 24502 24591 
281 268 gi|27 24504 24594 
1292 269 gi|27 24505 24554 
557 353 gi|27 24538 24591 
1455 307 gi|27 33933 34106 
1294 250 gi|27 35394 35503 
1579 250 gi|27 36769 36840 
1394 292 gi|28 1382 1435 
1396 292 gi|28 1382 1435 
1335 297 gi|28 2097 2239 
1301 341 gi|28 2158 2243 
629 312 gi|28 2164 2247 
1400 295 gi|28 2164 2237 
1398 282 gi|28 2164 2232 
1402 814 gi|28 2348 2475 
567 805 gi|28 2348 2475 
1404 845 gi|28 2355 2475 
1406 856 gi|28 2355 2475 
933 848 gi|28 2355 2475 
1408 24253 gi|28 2515 5117 
1410 23956 gi|28 2515 5117 
931 24349 gi|28 2515 5117 
1412 22582 gi|28 2515 4930 
569 16428 gi|28 2515 4597 
1414 254 gi|28 4590 4724 
1416 254 gi|28 4590 4724 
937 254 gi|28 4590 4724 
579 3746 gi|28 4716 5117 
7 1585 gi|28 4950 5117 
1420 16170 gi|28 6801 8564 
199 16261 gi|28 6801 8564 
963 16219 gi|28 6801 8559 
1418 16123 gi|28 6801 8533 
597 15155 gi|28 6801 8421 
1422 271 gi|28 10779 10864 
141 256 gi|28 10785 10817 
1599 464 gi|28 10973 11248 
1601 336 gi|28 11686 12011 
213 412 gi|28 13760 14665 
1424 252 gi|28 15026 15079 
331 295 gi|28 25348 25467 
527 251 gi|28 26658 26733 
919 304 gi|28 26669 26736 
425 286 gi|28 26683 26737 
1426 271 gi|28 26691 26749 
315 279 gi|28 26695 26730 
1461 294 gi|28 26698 26729 
1428 257 gi|28 26700 26750 
1521 250 gi|28 26700 26750 
149 284 gi|28 26700 26733 
1430 252 gi|28 26700 26730 
445 257 gi|28 26701 26757 
1125 260 gi|28 26701 26746 
1535 271 gi|28 33849 34149 
497 268 gi|28 33900 34151 
1432 981 gi|28 34246 34503 
291 274 gi|28 35622 35674 
1434 295 gi|28 35631 35690 
503 277 gi|28 35633 35692 
1436 394 gi|28 37355 37454 
811 355 gi|28 37356 37455 
1155 293 gi|28 37364 37449 
1438 270 gi|28 37385 37444 
1738 22582 gi|29 1 2584 
1740 22254 gi|29 1 2461 
929 22681 gi|29 1 2461 
1413 22582 gi|29 1 2416 
575 1983 gi|29 1 215 
1417 254 gi|29 207 341 
1742 254 gi|29 207 341 
939 254 gi|29 207 341 
559 17375 gi|29 334 2576 
1407 856 gi|29 2290 2412 
991 255 gi|29 5003 5039 
389 256 gi|29 5011 5050 
779 442 gi|29 17438 17932 
1744 266 gi|29 24055 24146 
631 721 gi|29 24070 24150 
1746 715 gi|29 24074 24150 
1399 282 gi|29 24076 24148 
1341 256 gi|29 24088 24143 
1748 255 gi|29 24093 24144 
407 268 gi|29 28831 28958 
1750 255 gi|29 28833 28961 
1752 776 gi|29 28837 28966 
1754 259 gi|29 28843 28961 
1756 652 gi|29 28849 28967 
31 626 gi|29 28850 28958 
1758 605 gi|29 28850 28946 
1760 519 gi|29 28851 28958 
29 254 gi|29 28855 28960 
1762 261 gi|29 28855 28952 
491 598 gi|29 34193 34856 
776 252 gi|3 5076 5173 
778 442 gi|3 5514 5996 
780 425 gi|3 9280 9393 
782 371 gi|3 9287 9351 
784 371 gi|3 9287 9351 
786 385 gi|3 9292 9401 
1065 302 gi|3 9295 9351 
1091 266 gi|3 9295 9351 
790 311 gi|3 9297 9423 
788 261 gi|3 9297 9409 
792 261 gi|3 9297 9391 
794 317 gi|3 9300 9351 
796 264 gi|3 9300 9351 
804 374 gi|3 9301 9412 
800 441 gi|3 9301 9400 
798 530 gi|3 9301 9399 
802 392 gi|3 9301 9353 
806 250 gi|3 12823 12981 
808 329 gi|3 12838 12956 
810 355 gi|3 12866 12965 
1153 313 gi|3 12870 12956 
812 264 gi|3 12893 12955 
814 279 gi|3 21492 21558 
816 263 gi|3 21497 21539 
818 280 gi|3 21502 21538 
820 960 gi|3 24358 24545 
822 267 gi|3 24399 24577 
824 271 gi|3 24440 24533 
826 289 gi|3 24458 24534 
828 265 gi|3 24460 24535 
830 290 gi|3 24462 24534 
832 254 gi|3 24463 24539 
834 678 gi|3 24614 24739 
1163 250 gi|3 28914 28967 
836 517 gi|3 28927 29413 
840 252 gi|3 28927 28971 
838 262 gi|3 28927 28969 
842 483 gi|3 37714 37956 
385 250 gi|30 2224 2337 
765 271 gi|30 2279 2356 
1427 271 gi|30 2290 2353 
1517 254 gi|30 2298 2330 
153 282 gi|30 2298 2330 
1463 297 gi|30 2300 2382 
321 272 gi|30 2300 2333 
1469 281 gi|30 24276 24423 
133 272 gi|30 26119 26248 
625 898 gi|30 26236 26509 
890 301 gi|30 26250 26467 
613 292 gi|30 26286 26529 
1401 295 gi|30 26385 26462 
1747 715 gi|30 26388 26464 
892 255 gi|30 26394 26445 
1343 256 gi|30 26395 26450 
641 1208 gi|30 26567 26833 
894 353 gi|30 26571 26667 
896 559 gi|30 37407 37957 
409 359 gi|30 37508 37798 
898 320 gi|30 37690 37756 
900 309 gi|30 37695 37796 
902 264 gi|30 37698 37812 
981 298 gi|30 37698 37810 
904 254 gi|30 37704 37813 
249 312 gi|30 37713 37915 
341 315 gi|30 37716 37822 
906 262 gi|30 37716 37812 
908 314 gi|30 37719 37803 
515 1295 gi|31 2000 2397 
351 388 gi|31 2671 2806 
349 679 gi|31 3256 3874 
347 484 gi|31 4269 4515 
1347 258 gi|31 4799 4872 
1509 309 gi|31 4815 4876 
1190 250 gi|31 4817 4870 
1025 263 gi|31 4817 4859 
1188 250 gi|31 4817 4854 
393 254 gi|31 4817 4853 
361 255 gi|31 4817 4846 
1192 295 gi|31 4818 4850 
417 2219 gi|31 6579 8695 
423 413 gi|31 7226 7536 
1194 335 gi|31 8064 8478 
247 290 gi|31 8185 8350 
1196 271 gi|31 8231 8354 
419 365 gi|31 8234 8548 
903 264 gi|31 8236 8350 
467 301 gi|31 8249 8349 
1198 306 gi|31 8255 8434 
969 348 gi|31 10619 11213 
1200 268 gi|31 10752 11029 
1202 349 gi|31 10903 11116 
899 320 gi|31 10909 10975 
1204 284 gi|31 10923 11135 
343 272 gi|31 10938 11039 
305 277 gi|31 10938 11038 
1206 287 gi|31 12255 12468 
1208 253 gi|31 13797 13842 
1210 384 gi|31 20896 21141 
1175 272 gi|31 21475 21515 
1212 311 gi|31 26575 26648 
739 367 gi|31 26578 26648 
77 255 gi|31 26586 26648 
1061 316 gi|31 26599 26648 
1087 280 gi|31 26599 26648 
61 297 gi|31 26599 26648 
797 264 gi|31 26599 26648 
1619 323 gi|31 26600 26660 
1214 351 gi|31 26600 26652 
1216 371 gi|31 26600 26650 
1218 258 gi|31 26600 26648 
1220 254 gi|31 26771 26951 
1222 328 gi|31 26987 27102 
727 263 gi|31 27003 27055 
1224 369 gi|31 27005 27101 
1226 357 gi|31 27006 27078 
1228 261 gi|31 27048 27166 
1230 444 gi|31 27102 27166 
783 371 gi|31 27106 27166 
81 331 gi|31 27107 27166 
713 260 gi|31 27109 27171 
1613 448 gi|31 27112 27178 
55 406 gi|31 27114 27166 
1055 414 gi|31 27117 27166 
1081 378 gi|31 27117 27166 
1232 429 gi|31 27118 27170 
1234 445 gi|31 27118 27168 
1236 278 gi|31 27118 27166 
735 392 gi|31 27118 27166 
1238 327 gi|31 27240 27354 
1242 383 gi|31 27260 27353 
1240 328 gi|31 27260 27330 
1244 261 gi|31 27300 27418 
1246 444 gi|31 27354 27418 
785 371 gi|31 27358 27418 
83 331 gi|31 27359 27418 
715 260 gi|31 27361 27423 
1615 448 gi|31 27364 27430 
57 406 gi|31 27366 27418 
1057 414 gi|31 27369 27418 
1083 378 gi|31 27369 27418 
1248 429 gi|31 27370 27422 
1250 445 gi|31 27370 27420 
1252 278 gi|31 27370 27418 
737 392 gi|31 27370 27418 
1254 333 gi|31 27492 27585 
1258 326 gi|31 27512 27563 
1256 292 gi|31 27512 27560 
1260 386 gi|31 27556 27637 
733 406 gi|31 27579 27637 
1059 398 gi|31 27588 27637 
1085 362 gi|31 27588 27637 
59 379 gi|31 27588 27637 
795 317 gi|31 27588 27637 
1617 391 gi|31 27589 27649 
1262 446 gi|31 27589 27641 
1264 432 gi|31 27589 27639 
1266 266 gi|31 27589 27637 
95 336 gi|31 27594 27637 
1361 295 gi|31 32604 32900 
377 292 gi|31 32636 32746 
989 344 gi|31 32660 32899 
1359 450 gi|31 33968 34658 
1475 319 gi|31 34393 34565 
877 295 gi|31 36979 37051 
381 277 gi|31 37107 37183 
1268 263 gi|31 37110 37206 
273 252 gi|31 39224 39283 
1593 270 gi|32 7235 7296 
427 251 gi|32 7251 7296 
69 287 gi|32 7253 7304 
359 260 gi|32 7253 7288 
1368 262 gi|32 7256 7291 
1193 295 gi|32 7256 7288 
1515 251 gi|32 7256 7288 
881 271 gi|32 7260 7303 
1370 413 gi|32 14577 15090 
709 619 gi|32 15203 15425 
1225 369 gi|32 15260 15366 
1243 383 gi|32 15260 15364 
719 301 gi|32 15274 15422 
1372 807 gi|32 15285 15457 
45 608 gi|32 15290 15448 
1374 456 gi|32 15303 15471 
1259 326 gi|32 15310 15364 
801 441 gi|32 15312 15422 
91 500 gi|32 15312 15417 
1607 495 gi|32 15313 15422 
1376 256 gi|32 15315 15438 
1378 374 gi|32 15367 15423 
1217 371 gi|32 15372 15422 
1235 445 gi|32 15372 15422 
1251 445 gi|32 15372 15422 
1265 432 gi|32 15372 15422 
1063 400 gi|32 15374 15422 
1089 364 gi|32 15374 15422 
749 1172 gi|32 15486 17217 
403 258 gi|32 18094 18225 
1380 591 gi|32 18116 18225 
1382 553 gi|32 18116 18225 
35 594 gi|32 18116 18225 
1761 519 gi|32 18116 18224 
1384 396 gi|32 18116 18212 
1386 370 gi|32 18120 18221 
337 261 gi|32 19754 19928 
1367 289 gi|32 21719 21862 
851 250 gi|32 22051 22132 
1207 287 gi|32 27641 27854 
463 351 gi|32 28071 28554 
1473 321 gi|32 28072 28656 
1388 307 gi|32 28091 28178 
965 361 gi|32 28094 28555 
1390 299 gi|32 28429 28634 
901 309 gi|32 28435 28536 
1205 284 gi|32 28444 28656 
1392 381 gi|32 28447 28592 
303 272 gi|32 28454 28704 
1363 298 gi|32 28456 28558 
953 499 gi|33 2884 2961 
1658 275 gi|33 2884 2956 
1656 277 gi|33 2884 2952 
609 301 gi|33 2885 2966 
1660 282 gi|33 4500 4753 
891 301 gi|33 4501 4732 
1003 407 gi|33 4540 4829 
949 364 gi|33 4651 4734 
635 287 gi|33 4657 5033 
947 458 gi|33 4660 4853 
633 336 gi|33 4770 5114 
1005 370 gi|33 4773 4963 
1007 299 gi|33 4884 5091 
941 423 gi|33 4903 5008 
951 488 gi|33 4913 5112 
1745 266 gi|33 5038 5131 
1662 252 gi|33 5780 5834 
1664 276 gi|33 7721 7778 
1666 2391 gi|33 10129 11383 
105 309 gi|33 16727 16923 
1103 251 gi|33 18978 19131 
11 251 gi|33 30336 30374 
333 287 gi|33 32597 32661 
1331 1267 gi|33 35819 36737 
383 351 gi|33 39553 39657 
1668 265 gi|33 39757 39956 
1371 413 gi|34 180 723 
1223 328 gi|34 974 1087 
1239 327 gi|34 974 1087 
1255 333 gi|34 974 1060 
1696 285 gi|34 984 1037 
711 309 gi|34 985 1137 
1229 261 gi|34 991 1095 
1245 261 gi|34 991 1095 
101 317 gi|34 991 1063 
1609 284 gi|34 991 1037 
1291 296 gi|34 6694 6783 
1589 286 gi|34 6697 6759 
1021 283 gi|34 9517 9549 
1221 254 gi|34 9963 10149 
1275 283 gi|34 13065 13148 
1698 355 gi|34 13071 13154 
1700 319 gi|34 13077 13155 
659 264 gi|34 13078 13134 
1279 257 gi|34 13079 13151 
1702 293 gi|34 14819 14904 
741 262 gi|34 15473 15600 
1704 250 gi|34 23156 23205 
1465 258 gi|34 25818 25887 
1708 261 gi|34 30112 30211 
1706 265 gi|34 30112 30145 
1665 276 gi|34 30174 30227 
1289 580 gi|35 249 374 
1640 625 gi|35 265 385 
277 269 gi|35 278 421 
1585 726 gi|35 283 385 
1642 306 gi|35 287 339 
555 368 gi|35 320 392 
977 302 gi|35 9904 10122 
1197 271 gi|35 9924 10049 
907 262 gi|35 9949 10045 
1295 250 gi|35 10950 11057 
1045 371 gi|35 12756 12853 
53 343 gi|35 12756 12823 
1069 318 gi|35 12756 12820 
1379 374 gi|35 12763 12821 
1644 420 gi|35 12767 12839 
1621 350 gi|35 12767 12826 
731 380 gi|35 12767 12821 
99 304 gi|35 12767 12815 
803 392 gi|35 12768 12820 
1261 386 gi|35 12770 12841 
1231 444 gi|35 12770 12836 
1247 444 gi|35 12770 12836 
1213 311 gi|35 12770 12835 
1646 346 gi|35 12770 12821 
1143 265 gi|35 13105 13363 
1395 292 gi|35 15385 15443 
1397 292 gi|35 15553 15611 
1145 294 gi|35 18260 18447 
135 18705 gi|35 23143 25171 
139 254 gi|35 23168 23247 
1648 304 gi|35 24983 25064 
1179 35493 gi|35 25172 29106 
1181 367 gi|35 27699 28000 
1183 330 gi|35 27921 28061 
1187 374 gi|35 28020 28309 
1185 321 gi|35 28047 28182 
1177 13489 gi|35 30197 32141 
25 693 gi|35 33163 33311 
1755 259 gi|35 33172 33300 
1759 605 gi|35 33174 33276 
1385 396 gi|35 33175 33265 
1650 440 gi|35 33175 33252 
1652 673 gi|35 33253 33404 
1753 776 gi|35 33275 33404 
27 721 gi|35 33282 33400 
1751 255 gi|35 33283 33418 
1383 553 gi|35 33286 33400 
1654 250 gi|35 33290 33402 
1626 267 gi|36 8970 9016 
479 299 gi|36 10377 10507 
761 280 gi|36 15930 15994 
915 309 gi|36 15941 15988 
1628 283 gi|36 15942 15972 
1630 629 gi|36 16202 16289 
1632 325 gi|36 22733 22861 
1634 1326 gi|36 32880 34370 
1636 287 gi|36 33044 33189 
1638 256 gi|36 34691 34802 
1678 427 gi|37 735 803 
1680 257 gi|37 1078 1125 
415 435 gi|37 3517 3811 
823 267 gi|37 8298 8448 
1682 376 gi|37 8316 8408 
1684 368 gi|37 8332 8409 
1569 365 gi|37 8344 8408 
1561 393 gi|37 8345 8464 
1495 431 gi|37 8345 8409 
369 279 gi|37 8345 8404 
1686 390 gi|37 8347 8410 
125 335 gi|37 8347 8409 
117 437 gi|37 8348 8430 
1688 319 gi|37 8348 8410 
1501 363 gi|37 8348 8408 
367 303 gi|37 8352 8409 
1147 320 gi|37 14221 14336 
1149 1323 gi|37 15872 16069 
927 34467 gi|37 18476 22271 
1690 53616 gi|37 18492 24330 
1741 22254 gi|37 18527 20970 
565 16361 gi|37 18548 20639 
1403 814 gi|37 18551 18681 
1411 23956 gi|37 18555 21157 
571 5789 gi|37 20756 21434 
3 1585 gi|37 20990 21157 
583 24976 gi|37 21487 24218 
1692 261 gi|37 22260 22413 
589 259 gi|37 22283 22413 
957 17613 gi|37 22453 24429 
197 16650 gi|37 22596 24412 
1421 16170 gi|37 22597 24360 
883 250 gi|37 30120 30157 
143 276 gi|37 32876 32920 
1669 265 gi|37 37264 37479 
1694 816 gi|37 37565 38469 
485 362 gi|37 38328 38469 
1710 259 gi|38 989 1063 
1712 516 gi|38 7522 7863 
1637 287 gi|38 15000 15146 
1714 264 gi|38 15064 15153 
1716 261 gi|38 18227 18270 
1718 263 gi|38 18231 18276 
819 280 gi|38 18231 18270 
1720 280 gi|38 18838 18988 
1722 325 gi|38 19077 19344 
1724 261 gi|38 20346 20601 
1726 515 gi|38 20902 21107 
243 998 gi|38 23375 23551 
9 506 gi|38 23430 23506 
1667 2391 gi|38 25922 27176 
483 421 gi|38 29078 29212 
1695 816 gi|38 29088 30014 
1440 278 gi|39 971 1029 
669 288 gi|39 980 1036 
871 294 gi|39 980 1036 
533 270 gi|39 985 1021 
1707 265 gi|39 987 1020 
1351 271 gi|39 989 1021 
1355 262 gi|39 991 1022 
1345 254 gi|39 993 1059 
1277 293 gi|39 1520 1612 
1699 355 gi|39 1531 1614 
1273 682 gi|39 1533 1614 
655 294 gi|39 1552 1610 
1442 517 gi|39 15902 16419 
1444 683 gi|39 16725 17420 
1503 363 gi|39 19165 19252 
1446 263 gi|39 19171 19252 
363 271 gi|39 19177 19255 
123 366 gi|39 19179 19258 
1687 390 gi|39 19179 19253 
1497 369 gi|39 19180 19253 
1565 372 gi|39 19181 19260 
1689 319 gi|39 19181 19254 
1448 342 gi|39 19181 19252 
1567 285 gi|39 24380 24455 
1505 256 gi|39 24384 24453 
365 306 gi|39 24387 24453 
121 282 gi|39 24389 24459 
1450 273 gi|39 24395 24453 
1541 283 gi|39 24451 24547 
1681 257 gi|39 28011 28061 
1452 1103 gi|39 36946 37080 
1480 264 gi|4 1007 1110 
1482 316 gi|4 1242 1313 
1039 274 gi|4 1593 1633 
1484 259 gi|4 1600 1642 
1486 363 gi|4 2442 2523 
1488 372 gi|4 2444 2511 
1490 351 gi|4 2445 2542 
827 289 gi|4 2445 2515 
1494 431 gi|4 2445 2513 
1496 369 gi|4 2445 2511 
1492 270 gi|4 2445 2506 
1502 363 gi|4 2446 2525 
1498 341 gi|4 2446 2522 
1500 363 gi|4 2446 2510 
1504 256 gi|4 2447 2519 
1506 263 gi|4 2450 2514 
1508 309 gi|4 9582 9652 
1510 295 gi|4 9615 9667 
1512 295 gi|4 9616 9684 
1514 251 gi|4 9617 9649 
1516 254 gi|4 9619 9651 
1520 250 gi|4 9621 9675 
1518 259 gi|4 9621 9654 
1522 251 gi|4 9622 9670 
1129 265 gi|4 9622 9659 
1524 261 gi|4 11335 11424 
1526 437 gi|4 12014 12654 
1528 849 gi|4 13232 13679 
1530 11861 gi|4 21956 23316 
1532 324 gi|4 25116 25464 
1534 271 gi|4 25147 25461 
1536 250 gi|4 32615 32737 
1538 268 gi|4 32658 32721 
1540 283 gi|4 32684 32787 
1542 250 gi|4 32685 32725 
1544 326 gi|4 35716 35823 
1546 853 gi|4 35788 36023 
1548 2272 gi|4 35811 36996 
1550 257 gi|4 36048 36243 
1552 725 gi|4 36239 36719 
1554 3298 gi|4 37766 38842 
1556 2129 gi|4 37873 38843 
1558 2662 gi|4 38859 39241 
1560 393 gi|4 39045 39183 
825 271 gi|4 39089 39180 
1562 398 gi|4 39104 39181 
1566 285 gi|4 39105 39181 
1564 372 gi|4 39105 39180 
1568 365 gi|4 39110 39180 
829 265 gi|4 39112 39183 
1570 375 gi|4 39112 39180 
1574 271 gi|4 39114 39183 
1572 282 gi|4 39114 39180 
1576 297 gi|4 39114 39176 
1429 257 gi|40 4861 4917 
917 280 gi|40 4880 4958 
1629 283 gi|40 4888 4918 
231 253 gi|40 4889 4931 
1691 53616 gi|40 7035 12887 
959 17447 gi|40 7035 8914 
201 16130 gi|40 7035 8771 
1419 16123 gi|40 7035 8770 
585 24954 gi|40 7149 9880 
1693 261 gi|40 8954 9107 
591 259 gi|40 8954 9084 
925 34380 gi|40 9096 12932 
573 5839 gi|40 9933 10611 
1409 24253 gi|40 10210 12814 
1 1585 gi|40 10210 10377 
1739 22582 gi|40 10397 12940 
1415 254 gi|40 10603 10737 
1743 254 gi|40 10603 10737 
935 254 gi|40 10603 10737 
561 16492 gi|40 10730 12853 
1405 845 gi|40 12688 12810 
1683 376 gi|40 14343 14431 
833 254 gi|40 14362 14431 
1499 341 gi|40 14363 14431 
1447 263 gi|40 14366 14431 
127 322 gi|40 14368 14431 
1575 271 gi|40 14369 14431 
371 267 gi|40 14369 14427 
1685 368 gi|40 14371 14450 
1491 351 gi|40 14371 14449 
129 285 gi|40 14372 14431 
1449 342 gi|40 14372 14431 
1573 282 gi|40 14372 14431 
1451 273 gi|40 14373 14431 
1661 282 gi|40 22366 22636 
1701 319 gi|40 22537 22614 
657 278 gi|40 22538 22593 
943 267 gi|40 22539 22624 
1009 290 gi|40 22539 22618 
1657 277 gi|40 22539 22607 
945 334 gi|40 22845 22931 
1659 275 gi|40 22845 22917 
955 439 gi|40 22847 22921 
1749 255 gi|40 22848 22899 
637 255 gi|40 22848 22899 
893 255 gi|40 22848 22899 
1531 11861 gi|40 23020 24371 
1623 270 gi|40 24244 24323 
165 260 gi|40 24250 24292 
1713 516 gi|40 26193 26543 
999 466 gi|40 32795 33046 
599 265 gi|40 32814 33049 
615 325 gi|40 32843 32921 
1001 365 gi|40 32975 33103 
617 288 gi|40 32977 33053 
271 460 gi|40 33072 33171 
211 269 gi|40 33073 33213 
1357 275 gi|40 33073 33200 
1285 252 gi|40 33400 33480 
1676 269 gi|40 33403 33469 
329 268 gi|40 34892 34985 
235 450 gi|40 36542 36765 
1705 250 gi|40 37778 37832 
287 286 gi|41 327 399 
1709 261 gi|41 3609 3698 
1511 295 gi|41 3649 3699 
1369 262 gi|41 3662 3697 
1721 280 gi|41 4036 4186 
1643 306 gi|41 5719 5773 
1293 269 gi|41 5719 5770 
1591 295 gi|41 5719 5770 
1433 981 gi|41 7057 7337 
137 304 gi|41 10620 10698 
1649 304 gi|41 10620 10698 
1679 427 gi|41 10739 10809 
487 432 gi|41 12207 12921 
293 269 gi|41 19610 19681 
1653 673 gi|41 28049 28188 
1757 652 gi|41 28076 28189 
1655 250 gi|41 28076 28180 
33 706 gi|41 28078 28260 
1381 591 gi|41 28078 28184 
1651 440 gi|41 28078 28155 
405 256 gi|41 28079 28184 
1387 370 gi|41 28082 28180 
39 275 gi|41 28082 28180 
1763 261 gi|41 28084 28180 
1631 629 gi|41 39717 39806 
67 270 gi|42 123 185 
75 254 gi|42 130 184 
1209 253 gi|42 5621 5665 
1423 271 gi|42 7685 7767 
493 252 gi|42 8532 8581 
1353 273 gi|42 8534 8603 
499 264 gi|42 12193 12261 
1764 286 gi|42 12217 12280 
1703 293 gi|42 17949 18038 
1625 285 gi|42 19712 19751 
993 261 gi|42 19715 19758 
1467 261 gi|42 19715 19746 
309 274 gi|42 19717 19763 
451 251 gi|42 19719 19750 
1441 278 gi|42 21553 21609 
763 261 gi|42 21559 21591 
673 260 gi|42 21560 21601 
869 267 gi|42 21560 21600 
541 250 gi|42 21560 21590 
1349 255 gi|42 21560 21589 
111 413 gi|42 23032 23146 
1481 264 gi|42 23037 23145 
113 383 gi|42 23055 23136 
109 313 gi|42 23057 23139 
1485 259 gi|42 23057 23098 
1033 265 gi|42 23059 23136 
115 337 gi|42 23068 23137 
461 362 gi|42 27104 27212 
771 368 gi|42 30064 30186 
1271 264 gi|42 30194 30241 
1283 272 gi|42 30199 30244 
183 283 gi|42 30200 30244 
1165 279 gi|42 30203 30241 
1727 515 gi|42 30675 30884 
1725 261 gi|42 31181 31433 
707 286 gi|42 32365 32434 
1595 255 gi|42 33530 33566 
1545 326 gi|42 36077 36185 
621 257 gi|42 37800 37845 
1389 307 gi|42 38097 38179 
465 405 gi|42 38130 38524 
897 559 gi|42 38132 38670 
971 420 gi|42 38335 38505 
1203 349 gi|42 38397 38611 
1766 264 gi|42 38419 38484 
1393 381 gi|42 38420 38565 
251 288 gi|42 38426 38653 
301 271 gi|42 38427 38525 
339 263 gi|42 38429 38546 
1199 306 gi|42 38430 38609 
489 275 gi|43 6240 6430 
1723 325 gi|43 8764 9034 
813 264 gi|43 10045 10108 
453 878 gi|43 10545 10755 
455 2455 gi|43 10958 11320 
1017 274 gi|43 16501 16544 
1597 250 gi|43 16508 16544 
1670 251 gi|43 16511 16544 
1191 250 gi|43 16515 16565 
495 254 gi|43 16515 16548 
1281 257 gi|43 19690 19778 
643 353 gi|43 19693 19788 
895 353 gi|43 19693 19788 
159 291 gi|43 19700 19778 
1457 670 gi|43 19927 20115 
1333 361 gi|43 20401 20445 
1327 1568 gi|43 20470 20652 
1321 414 gi|43 20534 20652 
1319 3346 gi|43 20722 21277 
1325 3560 gi|43 20722 21272 
1315 315 gi|43 21230 21275 
1313 3336 gi|43 23497 24403 
1311 13265 gi|43 27347 29296 
1309 2870 gi|43 29606 30007 
1307 3904 gi|43 30303 30928 
1317 1232 gi|43 33634 34397 
1672 251 gi|43 34412 34470 
1329 383 gi|43 34419 34568 
1323 352 gi|43 34419 34492 
1305 384 gi|43 34604 34729 
1303 313 gi|43 34690 34746 
1299 5052 gi|43 35793 36446 
1297 2658 gi|43 36407 36795 
1674 7559 gi|43 36796 38335 
1627 267 gi|44 830 877 
421 317 gi|44 5335 5781 
1195 335 gi|44 5340 5754 
157 264 gi|44 6929 7001 
1543 250 gi|44 6932 6970 
161 272 gi|44 6938 6970 
1453 1103 gi|44 9070 9204 
1459 760 gi|44 18433 19210 
1375 456 gi|44 19403 19563 
1645 420 gi|44 19429 19504 
79 434 gi|44 19439 19569 
1611 313 gi|44 19442 19539 
63 330 gi|44 19443 19501 
1728 384 gi|44 19449 19550 
729 423 gi|44 19450 19538 
805 374 gi|44 19451 19577 
1053 333 gi|44 19451 19502 
1079 310 gi|44 19451 19502 
1219 258 gi|44 19451 19501 
1237 278 gi|44 19451 19501 
1253 278 gi|44 19451 19501 
1267 266 gi|44 19451 19501 
1377 256 gi|44 19452 19569 
1633 325 gi|44 20301 20429 
1711 259 gi|44 29903 29971 
1730 251 gi|44 31552 31602 
1732 284 gi|44 31564 31627 
1734 272 gi|44 31564 31604 
175 267 gi|44 33056 33141 
145 269 gi|44 40049 40095 
1736 269 gi|44 40053 40102 
1211 384 gi|45 697 932 
103 1739 gi|45 5613 6831 
1439 270 gi|45 6954 7012 
1663 252 gi|45 14878 14929 
1287 591 gi|45 17022 17166 
1583 1166 gi|45 17046 17284 
275 344 gi|45 17055 17262 
1641 625 gi|45 17059 17177 
551 1418 gi|45 17113 17389 
1151 875 gi|45 17633 17951 
809 329 gi|45 17818 17941 
1437 394 gi|45 17850 17948 
517 291 gi|45 20633 20866 
387 270 gi|45 20763 20853 
307 258 gi|45 20768 20857 
13 267 gi|45 20772 20827 
217 278 gi|45 20778 20824 
1015 264 gi|45 20779 20822 
1131 258 gi|45 20780 20819 
391 289 gi|45 20785 20824 
509 254 gi|45 20786 20820 
1671 251 gi|45 20787 20820 
355 260 gi|45 20791 20947 
431 258 gi|45 20791 20831 
1189 250 gi|45 20791 20830 
889 258 gi|45 20791 20820 
663 1067 gi|45 20817 21830 
1635 1326 gi|45 25541 27013 
1639 256 gi|45 28619 28727 
163 983 gi|45 29924 30858 
43 255 gi|45 39430 39484 
41 602 gi|45 39433 39625 
473 258 gi|45 39434 39503 
1478 270 gi|45 39441 39483 
1719 263 gi|45 39441 39483 
817 263 gi|45 39444 39490 
203 255 gi|45 39445 39483 
1373 807 gi|45 39490 39652 
1227 357 gi|45 39491 39562 
1241 328 gi|45 39491 39560 
1169 265 gi|45 39502 39612 
1605 544 gi|45 39508 39613 
723 359 gi|45 39511 39613 
799 530 gi|45 39511 39613 
1257 292 gi|45 39512 39560 
1603 315 gi|45 39513 39621 
721 611 gi|45 39513 39617 
85 538 gi|45 39513 39608 
1697 285 gi|45 39513 39564 
49 270 gi|45 39518 39607 
1729 384 gi|45 39525 39615 
1049 406 gi|45 39558 39613 
1073 369 gi|45 39558 39613 
1215 351 gi|45 39561 39613 
1233 429 gi|45 39561 39613 
1249 429 gi|45 39561 39613 
1263 446 gi|45 39561 39613 
1647 346 gi|45 39565 39614 
411 289 gi|46 1595 1700 
909 314 gi|46 1603 1687 
1443 517 gi|46 11754 12277 
1445 683 gi|46 12541 13212 
155 260 gi|46 14890 14942 
205 266 gi|46 14905 14982 
323 294 gi|46 14912 14997 
1431 252 gi|46 14912 14942 
695 317 gi|46 15962 16070 
1337 428 gi|46 17975 18060 
661 339 gi|46 18008 18060 
705 19922 gi|46 18581 21666 
1737 269 gi|46 26975 27031 
441 255 gi|46 28823 28967 
443 2332 gi|46 35963 36782 
1675 7559 gi|46 38590 40132 
1673 251 gi|47 1092 1150 
177 251 gi|47 10831 10920 
1677 269 gi|47 10842 10918 
501 305 gi|47 10852 10917 
1765 286 gi|47 10853 10917 
1435 295 gi|47 10859 10919 
1537 250 gi|47 10863 10993 
875 254 gi|47 10865 10912 
1425 252 gi|47 25095 25148 
1161 293 gi|47 25098 25144 
1731 251 gi|47 25104 25152 
1479 270 gi|47 25104 25144 
1735 272 gi|47 25104 25142 
1471 387 gi|47 36494 37045 
967 581 gi|47 36494 36997 
1391 299 gi|47 36494 36699 
905 254 gi|47 36575 36684 
1201 268 gi|47 36578 36849 
379 254 gi|47 36578 36671 
1715 264 gi|47 36590 36676 
469 272 gi|47 36593 36669 
1767 264 gi|47 36617 36682 
523 411 gi|47 37253 37719 
1269 263 gi|47 39437 39530 
475 293 gi|47 39465 39523 
1733 284 gi|47 39467 39523 
185 291 gi|47 39472 39525 
1095 270 gi|47 39477 39530 
1717 261 gi|47 39481 39523 
284 424 gi|5 5475 6437 
286 286 gi|5 7798 7872 
288 260 gi|5 7798 7856 
290 274 gi|5 7809 7859 
292 269 gi|5 7815 7897 
294 635 gi|5 17429 18048 
296 395 gi|5 17488 18025 
302 272 gi|5 17777 18021 
300 271 gi|5 17777 17875 
298 275 gi|5 17777 17827 
304 277 gi|5 17782 17882 
306 258 gi|5 18152 18236 
308 274 gi|5 18170 18215 
310 250 gi|5 18173 18231 
312 261 gi|5 18180 18240 
314 279 gi|5 18181 18215 
318 252 gi|5 18182 18240 
316 256 gi|5 18182 18215 
322 294 gi|5 18185 18277 
324 255 gi|5 18185 18236 
320 272 gi|5 18185 18218 
1127 262 gi|5 18186 18225 
326 256 gi|5 18186 18214 
328 268 gi|5 21214 21308 
330 295 gi|5 22849 22965 
332 287 gi|5 29604 29670 
334 289 gi|5 39289 39503 
336 261 gi|5 39319 39503 
338 263 gi|5 39386 39503 
340 315 gi|5 39397 39503 
342 272 gi|5 39400 39500 
344 263 gi|5 39407 39572 
442 2332 gi|6 11 835 
1139 275 gi|6 1186 1217 
444 257 gi|6 1189 1252 
446 252 gi|6 1189 1222 
448 1062 gi|6 4156 5172 
450 251 gi|6 5495 5526 
452 878 gi|6 6421 6635 
454 2455 gi|6 6600 6963 
456 255 gi|6 15315 15365 
458 254 gi|6 17191 17241 
460 362 gi|6 19980 20084 
462 351 gi|6 23152 23641 
464 405 gi|6 23205 23638 
466 301 gi|6 23538 23638 
468 272 gi|6 23546 23622 
470 275 gi|6 29800 29889 
472 258 gi|6 29813 29881 
474 293 gi|6 29823 29879 
476 285 gi|6 33856 33928 
254 261 gi|7 7284 7367 
1097 273 gi|7 7296 7346 
256 307 gi|7 12601 13126 
258 1150 gi|7 13215 13728 
260 276 gi|7 13918 14211 
262 331 gi|7 14506 14734 
264 307 gi|7 15076 15177 
266 260 gi|7 15099 15158 
807 250 gi|7 18670 18802 
289 260 gi|7 20632 20690 
268 250 gi|7 23568 23666 
270 460 gi|7 23571 23666 
272 252 gi|7 25772 25827 
274 344 gi|7 27350 27562 
276 269 gi|7 27395 27536 
278 326 gi|7 27401 27531 
280 268 gi|7 27435 27526 
282 272 gi|7 38953 38997 
662 1067 gi|8 832 1846 
664 5654 gi|8 1876 2536 
666 250 gi|8 2108 2186 
668 288 gi|8 2143 2198 
672 260 gi|8 2157 2204 
670 254 gi|8 2157 2187 
674 272 gi|8 2252 2537 
676 309 gi|8 2305 2525 
678 376 gi|8 2316 2804 
680 273 gi|8 2347 2465 
682 3806 gi|8 2951 3401 
684 370 gi|8 3036 3321 
686 333 gi|8 3156 3335 
688 441 gi|8 3201 3376 
690 369 gi|8 3202 3323 
692 280 gi|8 3282 3386 
694 317 gi|8 7728 7836 
696 251 gi|8 10383 10434 
698 803 gi|8 16412 16737 
700 468 gi|8 16758 16853 
702 811 gi|8 24685 24838 
704 19922 gi|8 29882 32995 
514 1295 gi|9 2537 2962 
841 252 gi|9 3472 3515 
516 291 gi|9 12280 12494 
518 260 gi|9 12283 12386 
520 284 gi|9 12305 12374 
522 411 gi|9 13005 13456 
524 276 gi|9 13945 14032 
526 251 gi|9 13950 14014 
528 311 gi|9 13961 14014 
530 258 gi|9 13965 14029 
532 270 gi|9 13974 14010 
534 261 gi|9 13979 14019 
1011 263 gi|9 13980 14041 
536 255 gi|9 13980 14019 
538 251 gi|9 13980 14010 
540 250 gi|9 13980 14010 
671 254 gi|9 13980 14010 
544 282 gi|9 13981 14037 
542 251 gi|9 13981 14022 
1135 253 gi|9 13982 14013 
546 271 gi|9 13982 14012 
548 318 gi|9 15305 15368 
550 1418 gi|9 18958 19234 
552 960 gi|9 18991 19234 
554 368 gi|9 19163 19234 
556 353 gi|9 19181 19234 
558 17375 gi|9 22354 24553 
560 16492 gi|9 22469 24553 
562 16495 gi|9 22469 24553 
564 16361 gi|9 22507 24553 
566 805 gi|9 22510 22640 
568 16428 gi|9 22514 24553 
570 5789 gi|9 24557 25237 
572 5839 gi|9 24557 25237 
576 5839 gi|9 24557 25237 
578 3746 gi|9 24557 24958 
574 1983 gi|9 24557 24771 
580 1585 gi|9 24791 24958 
582 24976 gi|9 25184 27914 
584 24954 gi|9 25184 27914 
586 6756 gi|9 25184 25974 
588 259 gi|9 25956 26091 
590 259 gi|9 25956 26091 
592 16407 gi|9 26127 27914 
594 15105 gi|9 26292 27914 
596 15155 gi|9 26293 27914 
598 265 gi|9 27896 28089 
602 277 gi|9 27911 28091 
600 757 gi|9 27911 27996 
604 296 gi|9 27932 28338 
606 331 gi|9 27933 28086 
608 301 gi|9 28021 28102 
610 256 gi|9 28031 28086 
612 292 gi|9 28032 28306 
618 293 gi|9 28120 28199 
614 325 gi|9 28120 28198 
616 288 gi|9 28120 28196 
620 257 gi|9 29694 29738 
703 811 gi|9 30609 30767 
622 258 gi|9 35462 35656 
624 898 gi|9 38926 39210 
626 402 gi|9 38989 39192 
628 312 gi|9 39078 39163 
632 336 gi|9 39089 39386 
630 721 gi|9 39089 39168 
634 287 gi|9 39093 39424 
636 255 gi|9 39095 39146 
638 315 gi|9 39164 39368 
640 1208 gi|9 39165 39431 
642 353 gi|9 39169 39265 
644 368 gi|9 39277 39383 
646 572 gi|9 39287 39419 
648 299 gi|9 39304 39412 
650 360 gi|9 39309 39390 
652 298 gi|9 39309 39384 
654 294 gi|9 39309 39367 
656 278 gi|9 39312 39367 
658 264 gi|9 39312 39367 
660 339 gi|9 39333 39385 
