650 1067 gi|1 832 1846 
652 5654 gi|1 1876 2536 
654 250 gi|1 2108 2186 
656 288 gi|1 2143 2198 
660 260 gi|1 2157 2204 
658 254 gi|1 2157 2187 
662 272 gi|1 2252 2537 
664 309 gi|1 2305 2525 
666 376 gi|1 2316 2804 
668 273 gi|1 2347 2465 
670 3806 gi|1 2951 3401 
672 370 gi|1 3036 3321 
674 333 gi|1 3156 3335 
676 441 gi|1 3201 3376 
678 369 gi|1 3202 3323 
680 280 gi|1 3282 3386 
682 317 gi|1 7728 7836 
684 251 gi|1 10383 10434 
686 803 gi|1 16412 16737 
688 468 gi|1 16758 16853 
690 811 gi|1 24685 24838 
692 19922 gi|1 29882 32995 
420 299 gi|10 704 835 
422 260 gi|10 7905 7956 
424 421 gi|10 8160 8294 
193 363 gi|10 8170 8311 
189 253 gi|10 8686 9121 
426 432 gi|10 20294 21011 
428 275 gi|10 22953 23137 
430 598 gi|10 26917 27589 
432 252 gi|10 29225 29274 
434 254 gi|10 29246 29278 
501 6803 gi|10 30789 31831 
436 333 gi|10 31989 32313 
438 268 gi|10 31989 32231 
440 264 gi|10 33824 33900 
851 309 gi|10 33827 33896 
442 277 gi|10 33831 33896 
444 282 gi|10 33840 33899 
446 261 gi|10 33841 33895 
448 266 gi|10 33850 33927 
450 253 gi|10 38744 38806 
452 254 gi|10 38773 38806 
454 257 gi|10 38774 38818 
456 257 gi|10 38775 38807 
458 264 gi|10 38776 38811 
554 431 gi|11 697 932 
556 1917 gi|11 5613 6831 
558 251 gi|11 6954 7012 
560 266 gi|11 14878 14929 
562 580 gi|11 17022 17166 
564 1120 gi|11 17046 17284 
566 462 gi|11 17055 17262 
568 604 gi|11 17059 17177 
570 1411 gi|11 17113 17389 
572 886 gi|11 17633 17951 
574 299 gi|11 17737 17954 
576 325 gi|11 17818 17941 
578 425 gi|11 17850 17948 
580 276 gi|11 17868 17956 
582 281 gi|11 20633 20866 
584 265 gi|11 20763 20853 
475 278 gi|11 20778 20824 
586 289 gi|11 20785 20824 
453 254 gi|11 20786 20820 
588 257 gi|11 20791 20831 
590 255 gi|11 20791 20820 
651 1067 gi|11 20817 21830 
592 256 gi|11 24305 24382 
594 1337 gi|11 25541 27013 
596 252 gi|11 28005 28101 
598 250 gi|11 28619 28727 
600 1031 gi|11 29924 30858 
602 592 gi|11 39433 39625 
604 277 gi|11 39434 39503 
606 257 gi|11 39441 39483 
865 259 gi|11 39441 39483 
610 257 gi|11 39444 39522 
608 262 gi|11 39444 39490 
461 255 gi|11 39445 39483 
612 799 gi|11 39490 39652 
614 326 gi|11 39491 39562 
616 291 gi|11 39491 39560 
618 522 gi|11 39508 39613 
620 336 gi|11 39511 39613 
622 469 gi|11 39511 39613 
624 276 gi|11 39512 39560 
628 298 gi|11 39513 39621 
630 592 gi|11 39513 39617 
626 484 gi|11 39513 39608 
632 277 gi|11 39513 39564 
634 337 gi|11 39525 39615 
636 403 gi|11 39558 39613 
638 363 gi|11 39558 39613 
640 448 gi|11 39561 39613 
642 433 gi|11 39561 39613 
644 433 gi|11 39561 39613 
646 335 gi|11 39561 39613 
648 335 gi|11 39565 39614 
194 266 gi|12 73 192 
196 250 gi|12 123 185 
198 253 gi|12 5621 5665 
200 270 gi|12 7685 7767 
433 252 gi|12 8532 8581 
915 273 gi|12 8534 8603 
441 264 gi|12 12193 12261 
202 250 gi|12 12215 12271 
853 279 gi|12 12217 12280 
204 293 gi|12 17949 18038 
206 291 gi|12 19712 19751 
208 257 gi|12 19715 19758 
210 261 gi|12 19715 19746 
212 257 gi|12 19717 19769 
214 278 gi|12 19717 19763 
216 252 gi|12 19717 19750 
218 253 gi|12 19717 19747 
220 262 gi|12 19719 19750 
222 286 gi|12 21553 21609 
224 260 gi|12 21558 21614 
533 261 gi|12 21559 21591 
661 260 gi|12 21560 21601 
226 267 gi|12 21560 21600 
228 250 gi|12 21560 21590 
911 255 gi|12 21560 21589 
230 406 gi|12 23032 23146 
232 288 gi|12 23037 23145 
234 267 gi|12 23038 23145 
236 396 gi|12 23055 23136 
238 320 gi|12 23057 23139 
240 259 gi|12 23057 23098 
242 278 gi|12 23059 23136 
244 333 gi|12 23068 23137 
246 374 gi|12 27104 27212 
248 254 gi|12 27920 28032 
549 368 gi|12 30064 30186 
250 267 gi|12 30194 30241 
252 272 gi|12 30199 30244 
719 283 gi|12 30200 30244 
254 284 gi|12 30203 30241 
256 488 gi|12 30675 30884 
258 254 gi|12 31181 31433 
260 291 gi|12 32365 32434 
262 251 gi|12 33487 33560 
264 250 gi|12 33529 33572 
266 258 gi|12 33530 33566 
268 307 gi|12 36077 36185 
270 313 gi|12 38097 38179 
272 462 gi|12 38130 38524 
1447 559 gi|12 38132 38670 
274 415 gi|12 38335 38505 
276 350 gi|12 38397 38611 
881 276 gi|12 38419 38484 
278 360 gi|12 38420 38565 
509 288 gi|12 38426 38653 
280 280 gi|12 38427 38525 
282 254 gi|12 38427 38524 
284 274 gi|12 38429 38546 
286 308 gi|12 38430 38609 
44 2658 gi|13 1 410 
46 5052 gi|13 686 1340 
48 526 gi|13 1440 1867 
50 341 gi|13 2280 2363 
52 313 gi|13 2608 2664 
54 384 gi|13 3243 3369 
56 3904 gi|13 5997 6626 
58 2870 gi|13 7231 7633 
60 13265 gi|13 7982 9893 
62 3336 gi|13 12621 13469 
64 315 gi|13 14669 14715 
66 1232 gi|13 15136 15906 
68 3346 gi|13 15981 16533 
70 274 gi|13 17086 17156 
72 414 gi|13 17105 17235 
74 352 gi|13 17106 17198 
76 3560 gi|13 19110 19657 
78 1568 gi|13 20229 20411 
80 383 gi|13 20230 20392 
82 1267 gi|13 22788 23689 
84 361 gi|13 26361 26405 
86 297 gi|13 27694 27819 
88 572 gi|13 27702 27899 
90 428 gi|13 27702 27786 
92 261 gi|13 27738 27905 
94 439 gi|13 27748 27909 
96 267 gi|13 27749 27866 
100 278 gi|13 27751 27905 
98 256 gi|13 27751 27806 
102 366 gi|13 27806 27929 
104 256 gi|13 27811 27886 
106 764 gi|13 27833 27943 
108 322 gi|13 27833 27885 
110 340 gi|13 27844 27909 
112 294 gi|13 27851 27909 
114 264 gi|13 27851 27906 
1449 376 gi|14 1114 1419 
1376 289 gi|14 1322 1432 
939 301 gi|14 3009 3070 
1378 269 gi|14 10591 10785 
121 403 gi|14 26834 27137 
1380 2219 gi|14 30028 32128 
1382 270 gi|14 30649 30895 
1384 365 gi|14 30663 30978 
1386 317 gi|14 31483 31933 
1388 413 gi|14 31670 31980 
283 254 gi|14 31680 31777 
1390 274 gi|14 31680 31727 
1392 286 gi|14 32178 32236 
1394 251 gi|14 32182 32232 
547 252 gi|14 32184 32230 
1396 304 gi|14 32186 32273 
589 257 gi|14 32186 32225 
707 253 gi|14 32189 32245 
919 267 gi|14 32192 32234 
1400 250 gi|14 32192 32231 
1398 268 gi|14 32192 32229 
1402 286 gi|14 32195 32289 
1404 258 gi|14 32195 32225 
1406 509 gi|14 32196 32673 
1408 277 gi|14 33263 33344 
1410 255 gi|14 34429 34573 
1412 257 gi|14 39247 39352 
225 260 gi|14 39289 39342 
197 250 gi|15 3847 3916 
752 251 gi|15 5073 5173 
923 253 gi|15 5912 5982 
754 287 gi|15 5937 5994 
1413 257 gi|15 5942 6043 
493 254 gi|15 5953 5980 
756 255 gi|15 6140 6229 
517 289 gi|15 11005 11079 
758 274 gi|15 11551 11674 
760 255 gi|15 15194 15255 
762 434 gi|15 15199 15317 
764 331 gi|15 15199 15255 
766 331 gi|15 15199 15255 
768 603 gi|15 15212 15317 
782 328 gi|15 15212 15316 
770 322 gi|15 15212 15314 
772 500 gi|15 15212 15312 
627 484 gi|15 15212 15311 
774 474 gi|15 15212 15311 
778 331 gi|15 15212 15263 
780 306 gi|15 15212 15263 
784 304 gi|15 15212 15258 
776 336 gi|15 15212 15255 
786 254 gi|15 15214 15315 
788 317 gi|15 15266 15337 
557 1917 gi|15 15354 16597 
790 309 gi|15 16387 16575 
581 276 gi|15 22559 22642 
792 311 gi|15 22738 22822 
499 333 gi|15 22743 22851 
794 1028 gi|15 23082 24099 
796 258 gi|15 25215 25305 
239 320 gi|15 25223 25303 
231 406 gi|15 25226 25345 
798 286 gi|15 25916 26074 
800 318 gi|15 25939 26028 
237 396 gi|15 25983 26071 
245 333 gi|15 25983 26053 
802 266 gi|15 25983 26051 
143 441 gi|15 29490 29568 
804 293 gi|15 29499 29573 
806 355 gi|15 29502 29586 
808 282 gi|15 29503 29573 
812 366 gi|15 29506 29574 
810 371 gi|15 29506 29568 
814 390 gi|15 29507 29579 
816 367 gi|15 29507 29570 
139 327 gi|15 29507 29569 
818 292 gi|15 29507 29569 
820 322 gi|15 29508 29572 
822 285 gi|15 29508 29568 
824 314 gi|15 29508 29564 
976 2332 gi|16 11 835 
978 278 gi|16 1186 1217 
982 257 gi|16 1189 1252 
980 251 gi|16 1189 1235 
984 252 gi|16 1189 1222 
986 250 gi|16 1189 1219 
795 1028 gi|16 4156 5172 
221 262 gi|16 5495 5526 
988 878 gi|16 6421 6635 
990 2455 gi|16 6600 6963 
927 260 gi|16 15315 15365 
992 254 gi|16 17191 17241 
247 374 gi|16 19980 20084 
994 351 gi|16 23152 23641 
273 462 gi|16 23205 23638 
996 301 gi|16 23538 23638 
879 277 gi|16 23546 23622 
715 257 gi|16 29800 29889 
605 277 gi|16 29813 29881 
887 283 gi|16 29823 29879 
71 274 gi|16 33856 33928 
998 18705 gi|17 1 2028 
1000 304 gi|17 108 189 
1002 254 gi|17 1925 2003 
1004 256 gi|17 1934 1966 
185 281 gi|17 2023 2067 
513 2503 gi|17 3498 3817 
1006 303 gi|17 9140 9208 
1008 269 gi|17 9161 9206 
1010 257 gi|17 9164 9203 
1399 268 gi|17 9170 9206 
1012 284 gi|17 9170 9203 
1014 260 gi|17 9173 9229 
1419 287 gi|17 9173 9205 
219 253 gi|17 9173 9203 
759 274 gi|17 21828 21971 
1016 264 gi|17 21901 21972 
1018 263 gi|17 24584 24758 
1020 282 gi|17 31534 31734 
1022 255 gi|17 31674 32085 
1024 299 gi|17 31675 31854 
1026 291 gi|17 31765 31842 
917 254 gi|17 32595 32658 
1028 272 gi|17 34048 34080 
601 1031 gi|17 35258 36198 
1030 297 gi|17 36267 36362 
1032 260 gi|17 39107 39152 
344 271 gi|18 4880 4958 
346 283 gi|18 4888 4918 
491 253 gi|18 4889 4931 
169 17811 gi|18 7035 9095 
348 16105 gi|18 7035 8771 
739 16130 gi|18 7035 8771 
350 16123 gi|18 7035 8770 
352 16556 gi|18 7149 9095 
354 259 gi|18 8954 9084 
173 262 gi|18 8971 9085 
356 22858 gi|18 10378 12932 
157 22514 gi|18 10378 12887 
358 22665 gi|18 10378 12814 
360 2154 gi|18 10378 10611 
362 22569 gi|18 10397 12940 
364 254 gi|18 10603 10737 
366 254 gi|18 10603 10737 
368 254 gi|18 10603 10737 
370 16482 gi|18 10730 12853 
372 836 gi|18 12688 12810 
127 376 gi|18 14343 14431 
374 254 gi|18 14362 14431 
376 340 gi|18 14363 14431 
378 259 gi|18 14366 14431 
821 322 gi|18 14368 14431 
380 273 gi|18 14369 14431 
382 270 gi|18 14369 14427 
129 368 gi|18 14371 14450 
384 354 gi|18 14371 14449 
386 285 gi|18 14372 14431 
388 348 gi|18 14372 14431 
823 285 gi|18 14372 14431 
390 272 gi|18 14373 14431 
105 256 gi|18 22664 22744 
392 11843 gi|18 23020 24371 
1033 260 gi|18 24250 24292 
394 467 gi|18 26193 26543 
396 490 gi|18 32795 33046 
398 279 gi|18 32814 33049 
400 325 gi|18 32843 32921 
402 367 gi|18 32975 33103 
404 286 gi|18 32977 33053 
97 267 gi|18 32987 33103 
406 438 gi|18 33072 33171 
469 269 gi|18 33073 33213 
933 275 gi|18 33073 33200 
195 266 gi|18 33398 33497 
849 273 gi|18 33403 33469 
408 256 gi|18 34892 34985 
495 450 gi|18 36542 36765 
410 267 gi|19 8970 9016 
421 299 gi|19 10377 10507 
531 280 gi|19 15930 15994 
412 319 gi|19 15941 15988 
347 283 gi|19 15942 15972 
414 629 gi|19 16202 16289 
416 325 gi|19 22733 22861 
595 1337 gi|19 32880 34370 
418 287 gi|19 33044 33189 
599 250 gi|19 34691 34802 
514 277 gi|2 12540 12613 
516 289 gi|2 12551 12623 
518 262 gi|2 16302 16359 
520 294 gi|2 16306 16372 
522 255 gi|2 16312 16358 
524 518 gi|2 17859 18001 
526 1536 gi|2 18107 18564 
528 282 gi|2 20640 20690 
530 280 gi|2 20643 20700 
532 261 gi|2 20650 20682 
534 255 gi|2 20651 20688 
536 285 gi|2 20652 20717 
538 286 gi|2 26043 26118 
540 255 gi|2 26057 26117 
542 271 gi|2 28793 28862 
544 255 gi|2 28805 28851 
546 252 gi|2 28811 28857 
548 368 gi|2 28946 29070 
550 259 gi|2 32559 32615 
552 273 gi|2 39142 39207 
2 424 gi|20 5475 6437 
4 286 gi|20 7798 7872 
6 260 gi|20 7798 7856 
8 274 gi|20 7809 7859 
10 269 gi|20 7815 7897 
943 627 gi|20 17429 18048 
12 395 gi|20 17488 18025 
14 272 gi|20 17777 18021 
281 280 gi|20 17777 17875 
1391 274 gi|20 17777 17827 
16 277 gi|20 17782 17882 
215 278 gi|20 18170 18215 
18 250 gi|20 18173 18231 
20 261 gi|20 18180 18240 
22 279 gi|20 18181 18215 
24 252 gi|20 18182 18240 
26 294 gi|20 18185 18277 
28 255 gi|20 18185 18236 
1423 269 gi|20 18185 18218 
30 272 gi|20 18186 18225 
987 250 gi|20 18186 18216 
32 256 gi|20 18186 18214 
409 256 gi|20 21214 21308 
34 295 gi|20 22849 22965 
36 287 gi|20 29604 29670 
757 255 gi|20 34464 34553 
511 299 gi|20 39289 39503 
38 261 gi|20 39319 39503 
285 274 gi|20 39386 39503 
1463 326 gi|20 39397 39503 
40 272 gi|20 39400 39500 
42 263 gi|20 39407 39572 
235 267 gi|21 842 944 
233 288 gi|21 1007 1110 
801 318 gi|21 1242 1313 
288 267 gi|21 1593 1633 
241 259 gi|21 1600 1642 
807 355 gi|21 2442 2523 
817 367 gi|21 2444 2511 
385 354 gi|21 2445 2542 
294 289 gi|21 2445 2515 
133 424 gi|21 2445 2513 
292 369 gi|21 2445 2511 
290 270 gi|21 2445 2506 
296 363 gi|21 2446 2525 
377 340 gi|21 2446 2522 
145 357 gi|21 2446 2510 
298 256 gi|21 2447 2519 
300 263 gi|21 2450 2514 
483 260 gi|21 9550 9673 
302 309 gi|21 9582 9652 
213 257 gi|21 9600 9651 
304 295 gi|21 9615 9667 
1007 303 gi|21 9616 9684 
306 251 gi|21 9617 9649 
1421 261 gi|21 9619 9651 
310 250 gi|21 9621 9675 
308 259 gi|21 9621 9654 
897 263 gi|21 9622 9693 
314 251 gi|21 9622 9670 
312 261 gi|21 9622 9659 
316 261 gi|21 11335 11424 
318 437 gi|21 12014 12654 
320 849 gi|21 13232 13679 
393 11843 gi|21 21956 23316 
437 333 gi|21 25116 25464 
322 271 gi|21 25147 25461 
541 255 gi|21 32658 32721 
324 283 gi|21 32684 32787 
326 250 gi|21 32685 32725 
269 307 gi|21 35716 35823 
723 906 gi|21 35788 36023 
328 2272 gi|21 35811 36996 
727 706 gi|21 36239 36719 
330 3298 gi|21 37766 38842 
731 2154 gi|21 37873 38843 
332 2662 gi|21 38859 39241 
135 384 gi|21 39045 39183 
334 271 gi|21 39089 39180 
815 390 gi|21 39104 39181 
338 285 gi|21 39105 39181 
336 372 gi|21 39105 39180 
131 368 gi|21 39110 39180 
340 270 gi|21 39112 39183 
811 371 gi|21 39112 39180 
381 273 gi|21 39114 39183 
387 285 gi|21 39114 39180 
342 297 gi|21 39114 39176 
151 309 gi|22 1346 1468 
153 1407 gi|22 1473 1671 
573 886 gi|22 1666 1913 
826 313 gi|22 1813 1903 
828 293 gi|22 1822 1905 
713 326 gi|22 8417 8486 
861 281 gi|22 8432 8479 
832 256 gi|22 8435 8492 
830 250 gi|22 8435 8487 
255 284 gi|22 8435 8474 
449 266 gi|22 12240 12320 
857 251 gi|22 16621 16684 
931 252 gi|22 28026 28068 
834 272 gi|22 28048 28089 
836 13489 gi|22 33101 35059 
838 35493 gi|22 36196 40132 
840 367 gi|22 36995 37284 
842 330 gi|22 37122 37257 
844 321 gi|22 37243 37383 
846 374 gi|22 37304 37605 
1148 571 gi|23 249 374 
569 604 gi|23 265 385 
1150 349 gi|23 278 421 
1152 726 gi|23 283 385 
1154 306 gi|23 287 339 
1156 380 gi|23 320 392 
1158 306 gi|23 9904 10122 
1160 281 gi|23 9924 10049 
1162 260 gi|23 9934 10030 
1467 262 gi|23 9949 10045 
1164 269 gi|23 10950 11057 
1168 374 gi|23 12756 12853 
1166 350 gi|23 12756 12823 
1170 315 gi|23 12756 12820 
1172 380 gi|23 12763 12821 
1176 420 gi|23 12767 12839 
1174 349 gi|23 12767 12826 
1178 388 gi|23 12767 12821 
785 304 gi|23 12767 12815 
1180 382 gi|23 12768 12820 
1186 393 gi|23 12770 12841 
1182 448 gi|23 12770 12836 
1184 448 gi|23 12770 12836 
1188 311 gi|23 12770 12835 
649 335 gi|23 12770 12821 
1190 266 gi|23 13105 13363 
1192 276 gi|23 15385 15443 
1194 276 gi|23 15553 15611 
1196 315 gi|23 18260 18447 
999 18705 gi|23 23143 25171 
1003 254 gi|23 23168 23247 
1198 254 gi|23 23178 23238 
1200 304 gi|23 24983 25064 
839 35493 gi|23 25172 29106 
841 367 gi|23 27699 28000 
843 330 gi|23 27921 28061 
847 374 gi|23 28020 28309 
845 321 gi|23 28047 28182 
837 13489 gi|23 30197 32141 
1202 686 gi|23 33163 33311 
1204 604 gi|23 33174 33276 
1208 399 gi|23 33175 33265 
1206 440 gi|23 33175 33252 
1210 673 gi|23 33253 33404 
1212 783 gi|23 33275 33404 
1214 723 gi|23 33282 33400 
1216 268 gi|23 33283 33418 
1218 556 gi|23 33286 33400 
1220 256 gi|23 33287 33400 
1222 250 gi|23 33290 33402 
1224 287 gi|23 37931 38103 
561 266 gi|24 5780 5834 
1034 276 gi|24 7721 7778 
1036 2391 gi|24 10129 11383 
791 309 gi|24 16727 16923 
1038 264 gi|24 18978 19131 
1040 253 gi|24 30336 30374 
37 287 gi|24 32597 32661 
83 1267 gi|24 35819 36737 
1042 355 gi|24 39553 39657 
187 264 gi|24 39757 39956 
1193 276 gi|25 1382 1435 
1195 276 gi|25 1382 1435 
87 297 gi|25 2097 2239 
1106 273 gi|25 2151 2232 
51 341 gi|25 2158 2243 
1110 322 gi|25 2164 2247 
1439 283 gi|25 2164 2237 
1108 282 gi|25 2164 2232 
1112 814 gi|25 2348 2475 
163 805 gi|25 2348 2475 
1114 856 gi|25 2355 2475 
1116 856 gi|25 2355 2475 
373 836 gi|25 2355 2475 
1118 22758 gi|25 2515 4949 
165 22356 gi|25 2515 4949 
359 22665 gi|25 2515 4949 
1120 22582 gi|25 2515 4930 
1122 16426 gi|25 2515 4597 
1124 254 gi|25 4590 4724 
1126 254 gi|25 4590 4724 
367 254 gi|25 4590 4724 
1128 2154 gi|25 4716 4949 
181 16174 gi|25 6801 8564 
737 16261 gi|25 6801 8564 
1130 16219 gi|25 6801 8559 
351 16123 gi|25 6801 8533 
1132 15157 gi|25 6801 8421 
1199 254 gi|25 10751 10817 
201 270 gi|25 10779 10864 
1005 256 gi|25 10785 10817 
1134 447 gi|25 10973 11248 
1136 322 gi|25 11686 12011 
471 412 gi|25 13760 14665 
35 295 gi|25 25348 25467 
1138 293 gi|25 26669 26736 
1393 286 gi|25 26683 26737 
265 250 gi|25 26688 26731 
1417 263 gi|25 26691 26749 
23 279 gi|25 26695 26730 
217 252 gi|25 26697 26730 
1140 294 gi|25 26698 26729 
311 250 gi|25 26700 26750 
1013 284 gi|25 26700 26733 
1142 252 gi|25 26700 26730 
983 257 gi|25 26701 26757 
323 271 gi|25 33849 34149 
439 268 gi|25 33900 34151 
1144 981 gi|25 34246 34503 
9 274 gi|25 35622 35674 
855 305 gi|25 35631 35690 
443 277 gi|25 35633 35692 
579 425 gi|25 37355 37454 
1146 353 gi|25 37356 37455 
829 293 gi|25 37364 37449 
559 251 gi|25 37385 37444 
261 291 gi|26 3074 3143 
1580 619 gi|26 7661 7892 
1582 309 gi|26 7679 7835 
1584 260 gi|26 7776 7836 
1586 260 gi|26 7776 7836 
1588 370 gi|26 7778 7904 
769 603 gi|26 7779 7884 
1590 381 gi|26 7780 7889 
1592 301 gi|26 7785 7915 
631 592 gi|26 7785 7893 
621 336 gi|26 7785 7891 
1594 548 gi|26 7785 7889 
1596 263 gi|26 7785 7838 
1598 410 gi|26 7789 7913 
771 322 gi|26 7790 7894 
1600 423 gi|26 7809 7890 
893 250 gi|26 7811 7892 
1602 396 gi|26 7824 7889 
1179 388 gi|26 7837 7890 
1604 329 gi|26 7839 7889 
1612 367 gi|26 7840 7912 
1606 406 gi|26 7840 7900 
1608 392 gi|26 7840 7889 
1610 392 gi|26 7840 7889 
1614 262 gi|26 14451 14588 
1616 252 gi|26 22306 22355 
1618 326 gi|26 24642 24906 
1620 577 gi|26 29151 29625 
1622 250 gi|26 33081 33222 
1624 1172 gi|26 38379 40078 
1377 289 gi|27 1595 1700 
1469 314 gi|27 1603 1687 
1044 525 gi|27 11754 12277 
1046 648 gi|27 12541 13212 
1015 260 gi|27 14890 14942 
463 266 gi|27 14905 14982 
27 294 gi|27 14912 14997 
1143 252 gi|27 14912 14942 
683 317 gi|27 15962 16070 
91 428 gi|27 17975 18060 
1048 337 gi|27 18008 18060 
109 322 gi|27 18008 18060 
693 19922 gi|27 18581 21666 
1050 264 gi|27 26975 27031 
1411 255 gi|27 28823 28967 
977 2332 gi|27 35963 36782 
1052 7556 gi|27 38590 40132 
429 275 gi|28 6240 6430 
958 286 gi|28 8764 9034 
960 250 gi|28 10045 10108 
989 878 gi|28 10545 10755 
991 2455 gi|28 10958 11320 
962 262 gi|28 16501 16544 
964 254 gi|28 16507 16544 
435 254 gi|28 16515 16548 
966 250 gi|28 16515 16544 
968 250 gi|28 16516 16545 
970 258 gi|28 19690 19778 
1445 353 gi|28 19693 19788 
972 342 gi|28 19693 19788 
1027 291 gi|28 19700 19778 
974 674 gi|28 19927 20115 
85 361 gi|28 20401 20445 
79 1568 gi|28 20470 20652 
73 414 gi|28 20534 20652 
69 3346 gi|28 20722 21277 
77 3560 gi|28 20722 21272 
65 315 gi|28 21230 21275 
63 3336 gi|28 23497 24403 
61 13265 gi|28 27347 29296 
59 2870 gi|28 29606 30007 
57 3904 gi|28 30303 30928 
67 1232 gi|28 33634 34397 
81 383 gi|28 34419 34568 
75 352 gi|28 34419 34492 
55 384 gi|28 34604 34729 
53 313 gi|28 34690 34746 
47 5052 gi|28 35793 36446 
45 2658 gi|28 36407 36795 
1053 7556 gi|28 36796 38335 
1722 447 gi|29 180 723 
1726 329 gi|29 974 1087 
1728 328 gi|29 974 1087 
1724 330 gi|29 974 1060 
633 277 gi|29 984 1037 
1583 309 gi|29 985 1137 
1730 271 gi|29 991 1095 
1732 271 gi|29 991 1095 
789 317 gi|29 991 1063 
1734 283 gi|29 991 1037 
1736 250 gi|29 2250 2306 
1738 292 gi|29 6694 6783 
1740 289 gi|29 6697 6759 
1742 251 gi|29 9511 9562 
1744 285 gi|29 9517 9549 
1746 285 gi|29 9963 10149 
1748 271 gi|29 13065 13148 
1750 355 gi|29 13071 13154 
115 264 gi|29 13078 13134 
1752 266 gi|29 13078 13134 
1754 257 gi|29 13079 13151 
205 293 gi|29 14819 14904 
1615 262 gi|29 15473 15600 
597 252 gi|29 23153 23239 
1756 279 gi|29 25818 25887 
1760 261 gi|29 30112 30211 
1758 265 gi|29 30112 30145 
1035 276 gi|29 30174 30227 
1414 265 gi|3 2224 2337 
543 271 gi|3 2279 2356 
1416 263 gi|3 2290 2353 
1418 287 gi|3 2298 2330 
1420 261 gi|3 2298 2330 
1424 277 gi|3 2300 2382 
1422 269 gi|3 2300 2333 
1426 269 gi|3 15398 15520 
1428 300 gi|3 24276 24423 
1430 904 gi|3 26236 26509 
1432 292 gi|3 26286 26529 
1434 327 gi|3 26339 26466 
1436 736 gi|3 26374 26466 
1438 283 gi|3 26385 26462 
1440 725 gi|3 26387 26464 
1442 1203 gi|3 26567 26833 
1444 353 gi|3 26571 26667 
1446 559 gi|3 37407 37957 
1448 376 gi|3 37508 37798 
1450 320 gi|3 37690 37756 
1452 309 gi|3 37695 37796 
1454 264 gi|3 37698 37812 
1456 298 gi|3 37698 37810 
1458 254 gi|3 37704 37813 
1460 305 gi|3 37713 37915 
1462 326 gi|3 37716 37822 
1466 262 gi|3 37716 37812 
1464 254 gi|3 37716 37795 
1468 314 gi|3 37719 37803 
1054 254 gi|30 832 900 
1056 307 gi|30 5012 5188 
525 518 gi|30 11852 11981 
527 1536 gi|30 11957 12408 
975 674 gi|30 19573 19763 
551 259 gi|30 22835 22888 
1058 760 gi|30 24542 25335 
1060 255 gi|30 26245 26282 
1141 294 gi|30 26251 26282 
1405 258 gi|30 26252 26282 
1425 277 gi|30 26253 26333 
29 255 gi|30 26253 26296 
1011 257 gi|30 26253 26287 
1062 250 gi|30 26253 26282 
423 260 gi|30 28635 28689 
1064 262 gi|30 28643 28700 
1757 279 gi|30 28644 28706 
315 251 gi|30 28644 28685 
211 261 gi|30 28655 28685 
1066 312 gi|30 28657 28776 
33 256 gi|30 28657 28685 
1429 300 gi|30 29304 29448 
1619 326 gi|30 31452 31717 
869 387 gi|30 35510 36064 
1068 321 gi|30 35514 36088 
1163 260 gi|30 35868 35965 
1070 319 gi|30 35881 36059 
955 373 gi|30 35883 35966 
1465 254 gi|30 35883 35962 
473 257 gi|30 38688 38746 
1072 267 gi|30 38689 38772 
545 255 gi|30 38699 38748 
1252 250 gi|31 2298 2360 
49 526 gi|31 3784 4205 
1254 673 gi|31 5297 5524 
1256 659 gi|31 5327 5570 
1258 384 gi|31 5360 5511 
1260 979 gi|31 11460 11704 
565 1120 gi|31 11533 11762 
1262 392 gi|31 11612 11743 
1153 726 gi|31 11641 11741 
1264 596 gi|31 11652 11740 
1741 289 gi|31 11676 11738 
497 283 gi|31 11678 11793 
793 311 gi|31 11679 11760 
1266 295 gi|31 11688 11737 
1268 1499 gi|31 21768 22302 
1270 2293 gi|31 21792 22307 
1272 2026 gi|31 21792 22098 
1274 331 gi|31 21792 21858 
1276 717 gi|31 21993 22293 
1278 581 gi|31 22194 22290 
1280 1114 gi|31 22416 23155 
1403 286 gi|31 24939 25042 
1282 294 gi|31 24967 25058 
1073 267 gi|31 24988 25074 
1397 304 gi|31 25002 25073 
1284 270 gi|31 25006 25062 
267 258 gi|31 25006 25042 
477 267 gi|31 25007 25051 
451 253 gi|31 25012 25078 
1288 254 gi|31 25012 25044 
1286 265 gi|31 25012 25043 
1621 577 gi|31 29939 30413 
1135 447 gi|31 31630 31921 
1137 322 gi|31 32317 32642 
1290 299 gi|31 35632 35779 
1589 370 gi|31 35647 35782 
629 298 gi|31 35659 35776 
619 522 gi|31 35660 35776 
775 474 gi|31 35663 35771 
1292 495 gi|31 35665 35776 
1595 548 gi|31 35665 35776 
1735 283 gi|31 35665 35711 
1294 324 gi|31 35673 35776 
1296 313 gi|31 35688 35783 
1298 448 gi|31 35718 35782 
1300 448 gi|31 35718 35782 
1302 391 gi|31 35718 35776 
1304 323 gi|31 35718 35776 
1175 349 gi|31 35724 35782 
1306 349 gi|31 35724 35776 
1308 306 gi|31 35724 35772 
985 252 gi|31 37135 37168 
207 291 gi|31 37136 37175 
25 252 gi|31 37137 37204 
1310 378 gi|31 37172 37512 
673 370 gi|31 37172 37459 
1312 307 gi|31 37295 37515 
665 309 gi|31 37295 37515 
1314 298 gi|31 38172 38368 
1316 260 gi|31 38176 38325 
1318 367 gi|31 38180 38308 
1320 311 gi|31 38186 38307 
679 369 gi|31 38186 38307 
1670 259 gi|32 989 1063 
395 467 gi|32 7522 7863 
419 287 gi|32 15000 15146 
877 266 gi|32 15064 15153 
1672 259 gi|32 15106 15227 
593 256 gi|32 17979 18053 
1674 275 gi|32 18200 18270 
607 257 gi|32 18231 18276 
1676 280 gi|32 18231 18270 
1678 280 gi|32 18838 18988 
959 286 gi|32 19077 19344 
259 254 gi|32 20346 20601 
257 488 gi|32 20902 21107 
503 998 gi|32 23375 23551 
1680 502 gi|32 23430 23506 
1037 2391 gi|32 25922 27176 
425 421 gi|32 29078 29212 
191 816 gi|32 29088 30014 
753 251 gi|33 5076 5173 
1074 442 gi|33 5514 5996 
1599 410 gi|33 9280 9393 
1076 371 gi|33 9287 9351 
1078 371 gi|33 9287 9351 
1080 385 gi|33 9292 9401 
1082 319 gi|33 9295 9351 
1084 279 gi|33 9295 9351 
1291 299 gi|33 9297 9423 
787 254 gi|33 9297 9391 
1086 317 gi|33 9300 9351 
1088 264 gi|33 9300 9351 
1092 374 gi|33 9301 9412 
1090 441 gi|33 9301 9400 
623 469 gi|33 9301 9399 
1181 382 gi|33 9301 9353 
1094 250 gi|33 12823 12981 
577 325 gi|33 12838 12956 
1147 353 gi|33 12866 12965 
827 313 gi|33 12870 12956 
961 250 gi|33 12893 12955 
1096 279 gi|33 21492 21558 
609 262 gi|33 21497 21539 
1677 280 gi|33 21502 21538 
1098 960 gi|33 24358 24545 
125 259 gi|33 24399 24577 
335 271 gi|33 24440 24533 
295 289 gi|33 24458 24534 
341 270 gi|33 24460 24535 
819 292 gi|33 24462 24534 
375 254 gi|33 24463 24539 
1100 678 gi|33 24614 24739 
611 257 gi|33 28895 28967 
831 250 gi|33 28914 28967 
1407 509 gi|33 28927 29413 
1104 252 gi|33 28927 28971 
1102 262 gi|33 28927 28969 
467 510 gi|33 37714 37956 
1281 1114 gi|34 15397 16127 
317 261 gi|34 16399 16491 
319 437 gi|34 16574 17199 
321 849 gi|34 17783 18204 
263 251 gi|34 18165 18228 
689 468 gi|34 21056 21151 
1506 278 gi|34 21173 21209 
1508 410 gi|34 21280 21361 
687 803 gi|34 21392 21719 
671 3806 gi|34 21717 22164 
1510 252 gi|34 21732 21823 
1512 250 gi|34 21740 21821 
1514 412 gi|34 21742 21913 
1311 378 gi|34 21744 22078 
1516 276 gi|34 21783 21958 
1321 311 gi|34 21795 21912 
669 273 gi|34 21804 21915 
1518 266 gi|34 22152 22438 
653 5654 gi|34 22154 22815 
1520 309 gi|34 22154 22374 
1313 307 gi|34 22165 22385 
1317 260 gi|34 22186 22350 
703 277 gi|34 22482 22545 
227 267 gi|34 22487 22533 
1522 294 gi|34 22492 22547 
1524 254 gi|34 22503 22533 
481 267 gi|34 22504 22586 
539 286 gi|34 23499 23577 
859 250 gi|34 23518 23561 
993 254 gi|34 23529 23577 
465 322 gi|34 23609 23709 
1526 295 gi|34 28177 28249 
1528 271 gi|34 33995 34045 
1532 269 gi|34 34002 34042 
1530 271 gi|34 34002 34040 
309 259 gi|34 34007 34040 
1534 251 gi|34 34008 34071 
183 252 gi|34 34010 34047 
1067 312 gi|34 34011 34122 
1536 256 gi|34 34011 34055 
591 255 gi|34 34011 34040 
967 250 gi|34 34011 34040 
1225 287 gi|34 39827 39999 
249 254 gi|35 7231 7341 
1226 261 gi|35 7284 7367 
1228 283 gi|35 7296 7346 
1230 307 gi|35 12601 13126 
1232 1150 gi|35 13215 13728 
1234 276 gi|35 13918 14211 
1236 331 gi|35 14506 14734 
1031 297 gi|35 15076 15177 
447 261 gi|35 15099 15158 
1095 250 gi|35 18670 18802 
7 260 gi|35 20632 20690 
407 438 gi|35 23571 23666 
1238 252 gi|35 25772 25827 
567 462 gi|35 27350 27562 
1151 349 gi|35 27395 27536 
1263 392 gi|35 27401 27531 
1240 268 gi|35 27435 27526 
1322 1295 gi|36 2537 2962 
1105 252 gi|36 3472 3515 
123 250 gi|36 4906 5012 
583 281 gi|36 12280 12494 
697 268 gi|36 12283 12386 
521 294 gi|36 12305 12374 
883 398 gi|36 13005 13456 
1324 311 gi|36 13961 14014 
515 277 gi|36 13965 14029 
1326 270 gi|36 13974 14010 
1533 269 gi|36 13979 14019 
1328 269 gi|36 13980 14041 
535 255 gi|36 13980 14019 
1525 254 gi|36 13980 14010 
229 250 gi|36 13980 14010 
659 254 gi|36 13980 14010 
905 278 gi|36 13981 14037 
1330 251 gi|36 13981 14022 
1332 254 gi|36 13982 14013 
485 270 gi|36 13982 14012 
895 293 gi|36 15305 15368 
571 1411 gi|36 18958 19234 
1261 979 gi|36 18991 19234 
1157 380 gi|36 19163 19234 
1334 353 gi|36 19181 19234 
1336 17375 gi|36 22354 24553 
1338 16495 gi|36 22469 24553 
371 16482 gi|36 22469 24553 
161 16357 gi|36 22507 24553 
1113 814 gi|36 22510 22640 
1123 16426 gi|36 22514 24553 
1129 2154 gi|36 24557 24790 
1342 2155 gi|36 24557 24790 
167 2154 gi|36 24557 24790 
361 2154 gi|36 24557 24790 
1340 1983 gi|36 24557 24771 
1 1585 gi|36 24791 24958 
751 2083 gi|36 24959 25237 
749 6734 gi|36 25184 25974 
175 259 gi|36 25956 26091 
355 259 gi|36 25956 26091 
171 16572 gi|36 25968 27914 
353 16556 gi|36 25968 27914 
741 16414 gi|36 26127 27914 
1344 15105 gi|36 26292 27914 
1133 15157 gi|36 26293 27914 
399 279 gi|36 27896 28089 
1021 282 gi|36 27911 28091 
1346 757 gi|36 27911 27996 
93 261 gi|36 27920 28086 
1348 310 gi|36 27924 28087 
1023 255 gi|36 27932 28338 
1350 331 gi|36 27933 28086 
1352 355 gi|36 28018 28189 
1354 283 gi|36 28019 28261 
1356 256 gi|36 28031 28086 
1433 292 gi|36 28032 28306 
1358 293 gi|36 28120 28199 
401 325 gi|36 28120 28198 
405 286 gi|36 28120 28196 
691 811 gi|36 30609 30767 
1055 254 gi|36 30897 30972 
1379 269 gi|36 35462 35656 
1431 904 gi|36 38926 39210 
1360 402 gi|36 38989 39192 
1362 748 gi|36 39073 39168 
1111 322 gi|36 39078 39163 
1364 730 gi|36 39088 39168 
99 256 gi|36 39096 39151 
1025 299 gi|36 39164 39368 
1443 1203 gi|36 39165 39431 
973 342 gi|36 39169 39265 
89 572 gi|36 39182 39419 
1366 368 gi|36 39277 39383 
107 764 gi|36 39281 39385 
1368 300 gi|36 39289 39431 
743 281 gi|36 39304 39412 
1370 360 gi|36 39309 39390 
1372 298 gi|36 39309 39384 
1374 294 gi|36 39309 39367 
1753 266 gi|36 39312 39367 
1049 337 gi|36 39333 39385 
223 286 gi|37 971 1029 
1523 294 gi|37 980 1036 
657 288 gi|37 980 1036 
1327 270 gi|37 985 1021 
1759 265 gi|37 987 1020 
913 271 gi|37 989 1021 
921 262 gi|37 991 1022 
899 254 gi|37 993 1059 
1242 293 gi|37 1520 1612 
1751 355 gi|37 1531 1614 
1244 681 gi|37 1533 1614 
113 294 gi|37 1552 1610 
1375 294 gi|37 1552 1610 
1045 525 gi|37 15902 16419 
1047 648 gi|37 16725 17420 
297 363 gi|37 19165 19252 
379 259 gi|37 19171 19252 
1246 272 gi|37 19177 19255 
813 366 gi|37 19179 19258 
141 390 gi|37 19179 19253 
293 369 gi|37 19180 19253 
337 372 gi|37 19181 19260 
147 319 gi|37 19181 19254 
389 348 gi|37 19181 19252 
339 285 gi|37 24380 24455 
299 256 gi|37 24384 24453 
1248 305 gi|37 24387 24453 
809 282 gi|37 24389 24459 
391 272 gi|37 24395 24453 
325 283 gi|37 24451 24547 
119 257 gi|37 28011 28061 
1250 1103 gi|37 36946 37080 
1099 960 gi|38 1049 1226 
1101 678 gi|38 1124 1247 
1538 484 gi|38 1337 1580 
1540 679 gi|38 1987 2613 
1542 388 gi|38 3052 3186 
1517 276 gi|38 9790 9964 
675 333 gi|38 9790 9964 
667 376 gi|38 9798 10278 
1521 309 gi|38 9798 10019 
1315 298 gi|38 9816 10016 
1519 266 gi|38 10593 10876 
663 272 gi|38 10593 10875 
1319 367 gi|38 10682 10810 
1515 412 gi|38 10687 10862 
677 441 gi|38 10687 10862 
721 708 gi|38 12151 12642 
1537 256 gi|38 12177 12220 
1065 262 gi|38 12178 12230 
1544 260 gi|38 12183 12219 
21 261 gi|38 12186 12244 
1401 250 gi|38 12187 12226 
1546 255 gi|38 12191 12220 
329 2272 gi|38 12217 13435 
725 714 gi|38 12643 13134 
729 1561 gi|38 13547 15071 
331 3298 gi|38 13986 15071 
733 286 gi|38 15159 15279 
333 2662 gi|38 15161 15558 
805 293 gi|38 15412 15497 
1247 272 gi|38 15420 15497 
1249 305 gi|38 15422 15492 
301 263 gi|38 15433 15497 
137 282 gi|38 15433 15496 
383 270 gi|38 15433 15496 
149 302 gi|38 15433 15494 
291 270 gi|38 15433 15494 
343 297 gi|38 15433 15493 
825 314 gi|38 15433 15493 
13 395 gi|38 16688 17207 
941 370 gi|38 16952 17236 
951 410 gi|38 18426 18898 
1548 292 gi|38 18685 18802 
1550 275 gi|38 18709 18842 
875 253 gi|38 18715 18808 
519 262 gi|38 21587 21644 
1552 277 gi|38 23148 23218 
699 4413 gi|38 23154 23696 
1675 275 gi|38 23157 23216 
695 297 gi|38 25232 25297 
1043 355 gi|38 25357 25461 
1415 265 gi|38 27528 27631 
585 265 gi|38 27561 27649 
1529 271 gi|38 27578 27629 
1554 256 gi|38 27580 27623 
529 282 gi|38 27585 27638 
455 257 gi|38 27585 27627 
1556 250 gi|38 27587 27622 
587 289 gi|38 27589 27627 
479 253 gi|38 27592 27627 
1558 257 gi|38 27593 27626 
965 254 gi|38 27594 27633 
1560 254 gi|38 27594 27631 
1562 1838 gi|38 29682 30100 
1269 1499 gi|38 29763 30287 
1564 353 gi|38 29775 29846 
1257 659 gi|38 29789 30036 
1271 2293 gi|38 29801 30321 
1566 678 gi|38 30024 30281 
1259 384 gi|38 30103 30263 
1568 421 gi|38 30199 30308 
701 1282 gi|38 39108 39281 
1570 291 gi|38 39254 39360 
1572 258 gi|38 39257 39384 
1221 256 gi|38 39257 39360 
1574 256 gi|38 39257 39360 
1576 268 gi|38 39258 39375 
1329 269 gi|39 1461 1523 
1283 294 gi|39 1480 1556 
963 262 gi|39 1484 1522 
459 264 gi|39 1488 1524 
1745 285 gi|39 1489 1521 
1682 263 gi|39 1493 1534 
1287 265 gi|39 1493 1524 
981 251 gi|39 1494 1542 
1684 337 gi|39 6661 6845 
1369 300 gi|39 7232 7383 
745 294 gi|39 7281 7354 
1686 404 gi|39 7287 7454 
1355 283 gi|39 7289 7513 
1435 327 gi|39 7382 7505 
747 281 gi|39 7382 7454 
799 286 gi|39 11525 11678 
243 278 gi|39 11589 11663 
797 258 gi|39 11597 11681 
803 266 gi|39 11603 11663 
289 267 gi|39 11619 11663 
1603 396 gi|39 12635 12702 
779 331 gi|39 12644 12697 
1169 374 gi|39 12645 12732 
1688 450 gi|39 12647 12703 
637 403 gi|39 12647 12702 
1307 349 gi|39 12648 12702 
1690 333 gi|39 12653 12702 
1083 319 gi|39 12654 12708 
1692 414 gi|39 12654 12703 
1694 414 gi|39 12654 12703 
1696 398 gi|39 12654 12703 
1698 316 gi|39 12654 12703 
1700 400 gi|39 12654 12702 
781 306 gi|39 12894 12947 
1171 315 gi|39 12895 12952 
1702 412 gi|39 12897 12970 
639 363 gi|39 12897 12952 
1309 306 gi|39 12898 12948 
1605 329 gi|39 12903 12952 
1704 310 gi|39 12903 12952 
1085 279 gi|39 12904 12958 
1706 378 gi|39 12904 12953 
1708 378 gi|39 12904 12953 
1710 362 gi|39 12904 12953 
1712 280 gi|39 12904 12953 
1714 364 gi|39 12904 12952 
937 267 gi|39 18585 19164 
1229 283 gi|39 19661 19711 
1716 281 gi|39 19667 19722 
1718 253 gi|39 19667 19708 
1039 264 gi|39 24215 24357 
1720 1899 gi|39 24630 25916 
1569 421 gi|39 28338 28444 
1565 353 gi|39 28351 28422 
1279 581 gi|39 28352 28446 
1275 331 gi|39 28375 28444 
1273 2026 gi|39 28416 28717 
1563 1838 gi|39 28417 28842 
1277 717 gi|39 28448 28751 
1567 678 gi|39 28480 28729 
1255 673 gi|39 28542 28775 
705 262 gi|39 28734 28783 
31 272 gi|39 28736 28776 
313 261 gi|39 28737 28776 
1557 250 gi|39 28741 28776 
1535 251 gi|39 28745 28803 
1333 254 gi|39 28745 28776 
487 259 gi|39 28746 28776 
1061 255 gi|39 28748 28788 
979 278 gi|39 28748 28779 
1191 266 gi|39 38156 38401 
1197 315 gi|39 38860 39047 
892 250 gi|4 297 377 
894 293 gi|4 4328 4394 
896 263 gi|4 12010 12087 
898 254 gi|4 12022 12087 
900 256 gi|4 12056 12087 
902 258 gi|4 14316 14390 
904 278 gi|4 14320 14371 
906 269 gi|4 14339 14372 
908 254 gi|4 14340 14370 
912 271 gi|4 14342 14374 
910 255 gi|4 14342 14371 
914 273 gi|4 17341 17419 
916 254 gi|4 17348 17415 
918 267 gi|4 17364 17405 
922 253 gi|4 17367 17436 
920 262 gi|4 17367 17398 
924 263 gi|4 17368 17413 
926 260 gi|4 17369 17421 
928 284 gi|4 21969 22028 
930 252 gi|4 21977 22012 
932 275 gi|4 23272 23395 
934 974 gi|4 23282 23397 
936 267 gi|4 27459 28035 
938 301 gi|4 32935 32999 
940 370 gi|4 37577 37861 
942 627 gi|4 37583 38190 
944 450 gi|4 37587 38278 
946 295 gi|4 37611 37913 
948 315 gi|4 37663 37902 
950 410 gi|4 37668 38143 
952 298 gi|4 37750 37852 
954 373 gi|4 37769 37852 
956 289 gi|4 38034 38188 
363 22569 gi|40 1 2584 
1486 22678 gi|40 1 2461 
159 22248 gi|40 1 2461 
1121 22582 gi|40 1 2416 
1341 1983 gi|40 1 215 
1127 254 gi|40 207 341 
1488 254 gi|40 207 341 
369 254 gi|40 207 341 
1337 17375 gi|40 334 2576 
1117 856 gi|40 2290 2412 
1555 256 gi|40 5011 5050 
1075 442 gi|40 17438 17932 
1365 730 gi|40 24070 24151 
1441 725 gi|40 24074 24151 
1353 355 gi|40 24075 24243 
1109 282 gi|40 24076 24148 
1687 404 gi|40 24079 24243 
1349 310 gi|40 24080 24244 
101 278 gi|40 24088 24243 
1107 273 gi|40 24159 24248 
1363 748 gi|40 24171 24262 
1437 736 gi|40 24172 24264 
1577 268 gi|40 28831 28958 
1217 268 gi|40 28833 28961 
1213 783 gi|40 28837 28966 
1490 652 gi|40 28849 28967 
1492 625 gi|40 28850 28958 
1205 604 gi|40 28850 28946 
1494 519 gi|40 28851 28958 
1498 254 gi|40 28855 28960 
1496 261 gi|40 28855 28952 
431 598 gi|40 34193 34856 
411 267 gi|41 830 877 
1387 317 gi|41 5335 5781 
1470 294 gi|41 5340 5754 
1017 264 gi|41 6929 7001 
327 250 gi|41 6932 6970 
1029 272 gi|41 6938 6970 
1251 1103 gi|41 9070 9204 
1059 760 gi|41 18433 19210 
1472 442 gi|41 19403 19563 
1177 420 gi|41 19429 19504 
763 434 gi|41 19439 19569 
1297 313 gi|41 19442 19539 
1474 341 gi|41 19443 19501 
635 337 gi|41 19449 19550 
1601 423 gi|41 19450 19538 
1093 374 gi|41 19451 19577 
1691 333 gi|41 19451 19502 
1705 310 gi|41 19451 19502 
1476 306 gi|41 19451 19501 
1478 306 gi|41 19451 19501 
1480 290 gi|41 19451 19501 
1482 257 gi|41 19451 19501 
1484 262 gi|41 19452 19569 
417 325 gi|41 20301 20429 
1671 259 gi|41 29903 29971 
889 273 gi|41 31564 31627 
863 270 gi|41 31564 31604 
709 267 gi|41 33056 33141 
1009 269 gi|41 40049 40095 
1051 264 gi|41 40053 40102 
5 286 gi|42 327 399 
1761 261 gi|42 3609 3698 
305 295 gi|42 3649 3699 
1658 267 gi|42 3650 3730 
1660 267 gi|42 3662 3697 
1679 280 gi|42 4036 4186 
1155 306 gi|42 5719 5773 
1267 295 gi|42 5719 5770 
1145 981 gi|42 7057 7337 
1001 304 gi|42 10620 10698 
1201 304 gi|42 10620 10698 
117 427 gi|42 10739 10809 
427 432 gi|42 12207 12921 
11 269 gi|42 19610 19681 
1211 673 gi|42 28049 28188 
1491 652 gi|42 28076 28189 
1223 250 gi|42 28076 28180 
1662 697 gi|42 28078 28260 
1664 595 gi|42 28078 28184 
1207 440 gi|42 28078 28155 
1575 256 gi|42 28079 28184 
1666 270 gi|42 28082 28180 
1668 370 gi|42 28082 28180 
1497 261 gi|42 28084 28180 
415 629 gi|42 39717 39806 
1323 1295 gi|43 2000 2397 
1543 388 gi|43 2671 2806 
1541 679 gi|43 3256 3874 
1539 484 gi|43 4269 4515 
903 258 gi|43 4799 4872 
1659 267 gi|43 4807 4886 
303 309 gi|43 4815 4876 
1683 263 gi|43 4817 4859 
1561 254 gi|43 4817 4853 
1547 255 gi|43 4817 4846 
1626 295 gi|43 4818 4850 
1381 2219 gi|43 6579 8695 
1389 413 gi|43 7226 7536 
1471 294 gi|43 8064 8478 
507 290 gi|43 8185 8350 
1161 281 gi|43 8231 8354 
1385 365 gi|43 8234 8548 
1455 264 gi|43 8236 8350 
997 301 gi|43 8249 8349 
287 308 gi|43 8255 8434 
1628 330 gi|43 10619 11213 
873 271 gi|43 10752 11029 
277 350 gi|43 10903 11116 
1451 320 gi|43 10909 10975 
1630 284 gi|43 10923 11135 
41 272 gi|43 10938 11039 
17 277 gi|43 10938 11038 
1632 287 gi|43 12255 12468 
199 253 gi|43 13797 13842 
555 431 gi|43 20896 21141 
1737 250 gi|43 21454 21512 
835 272 gi|43 21475 21515 
1189 311 gi|43 26575 26648 
1613 367 gi|43 26578 26648 
761 255 gi|43 26586 26648 
1089 264 gi|43 26599 26648 
1634 312 gi|43 26599 26648 
1699 316 gi|43 26599 26648 
1713 280 gi|43 26599 26648 
1305 323 gi|43 26600 26660 
647 335 gi|43 26600 26652 
1636 371 gi|43 26600 26650 
1483 257 gi|43 26600 26648 
1747 285 gi|43 26771 26951 
1727 329 gi|43 26987 27102 
1597 263 gi|43 27003 27055 
1638 369 gi|43 27005 27101 
615 326 gi|43 27006 27078 
1731 271 gi|43 27048 27166 
1183 448 gi|43 27102 27166 
1077 371 gi|43 27106 27166 
765 331 gi|43 27107 27166 
1585 260 gi|43 27109 27171 
1299 448 gi|43 27112 27178 
1640 398 gi|43 27114 27166 
1693 414 gi|43 27117 27166 
1707 378 gi|43 27117 27166 
643 433 gi|43 27118 27170 
1642 445 gi|43 27118 27168 
1477 306 gi|43 27118 27166 
1609 392 gi|43 27118 27166 
1729 328 gi|43 27240 27354 
1644 383 gi|43 27260 27353 
617 291 gi|43 27260 27330 
1733 271 gi|43 27300 27418 
1185 448 gi|43 27354 27418 
1079 371 gi|43 27358 27418 
767 331 gi|43 27359 27418 
1587 260 gi|43 27361 27423 
1301 448 gi|43 27364 27430 
1646 398 gi|43 27366 27418 
1695 414 gi|43 27369 27418 
1709 378 gi|43 27369 27418 
645 433 gi|43 27370 27422 
1648 445 gi|43 27370 27420 
1479 306 gi|43 27370 27418 
1611 392 gi|43 27370 27418 
1725 330 gi|43 27492 27585 
1650 326 gi|43 27512 27563 
625 276 gi|43 27512 27560 
1187 393 gi|43 27556 27637 
1607 406 gi|43 27579 27637 
1087 317 gi|43 27588 27637 
1652 373 gi|43 27588 27637 
1697 398 gi|43 27588 27637 
1711 362 gi|43 27588 27637 
1303 391 gi|43 27589 27649 
641 448 gi|43 27589 27641 
1654 432 gi|43 27589 27639 
1481 290 gi|43 27589 27637 
777 336 gi|43 27594 27637 
947 295 gi|43 32604 32900 
1549 292 gi|43 32636 32746 
1656 350 gi|43 32660 32899 
945 450 gi|43 33968 34658 
1071 319 gi|43 34393 34565 
1527 295 gi|43 36979 37051 
1553 277 gi|43 37107 37183 
885 258 gi|43 37110 37206 
1239 252 gi|43 39224 39283 
1285 270 gi|44 7235 7296 
1395 251 gi|44 7251 7296 
755 287 gi|44 7253 7304 
1545 260 gi|44 7253 7288 
1661 267 gi|44 7256 7291 
1627 295 gi|44 7256 7288 
307 251 gi|44 7256 7288 
969 250 gi|44 7259 7288 
1531 271 gi|44 7260 7303 
1723 447 gi|44 14577 15090 
1581 619 gi|44 15203 15425 
1639 369 gi|44 15260 15366 
1645 383 gi|44 15260 15364 
1593 301 gi|44 15274 15422 
613 799 gi|44 15285 15457 
1500 604 gi|44 15290 15448 
1473 442 gi|44 15303 15471 
1651 326 gi|44 15310 15364 
1091 441 gi|44 15312 15422 
773 500 gi|44 15312 15417 
1293 495 gi|44 15313 15422 
1485 262 gi|44 15315 15438 
1173 380 gi|44 15367 15423 
1637 371 gi|44 15372 15422 
1643 445 gi|44 15372 15422 
1649 445 gi|44 15372 15422 
1655 432 gi|44 15372 15422 
1701 400 gi|44 15374 15422 
1715 364 gi|44 15374 15422 
1625 1172 gi|44 15486 17217 
1573 258 gi|44 18094 18225 
1219 556 gi|44 18116 18225 
1502 589 gi|44 18116 18225 
1665 595 gi|44 18116 18225 
1495 519 gi|44 18116 18224 
1209 399 gi|44 18116 18212 
1669 370 gi|44 18120 18221 
39 261 gi|44 19754 19928 
575 299 gi|44 21391 21593 
957 289 gi|44 21719 21862 
1513 250 gi|44 22051 22132 
1633 287 gi|44 27641 27854 
995 351 gi|44 28071 28554 
1069 321 gi|44 28072 28656 
271 313 gi|44 28091 28178 
1504 380 gi|44 28094 28555 
871 295 gi|44 28429 28634 
1453 309 gi|44 28435 28536 
1631 284 gi|44 28444 28656 
279 360 gi|44 28447 28592 
15 272 gi|44 28454 28704 
953 298 gi|44 28456 28558 
251 267 gi|45 143 193 
717 292 gi|45 148 194 
1103 262 gi|45 151 194 
833 256 gi|45 153 206 
1371 360 gi|45 3199 3281 
1245 681 gi|45 3204 3285 
1749 271 gi|45 3209 3292 
111 340 gi|45 3216 3281 
95 439 gi|45 3219 3359 
1357 256 gi|45 3222 3277 
1361 402 gi|45 3253 3470 
1243 293 gi|45 3270 3361 
1373 298 gi|45 3284 3359 
1755 257 gi|45 3284 3355 
971 258 gi|45 3287 3366 
1623 250 gi|45 6043 6198 
711 272 gi|45 8336 8702 
1578 255 gi|45 8638 8690 
253 272 gi|45 16939 16986 
445 282 gi|45 21811 21866 
203 250 gi|45 21812 21866 
1721 1899 gi|45 21958 23241 
563 580 gi|45 24440 24591 
1149 571 gi|45 24470 24591 
1739 292 gi|45 24471 24569 
1265 596 gi|45 24502 24591 
1241 268 gi|45 24504 24594 
1335 353 gi|45 24538 24591 
1057 307 gi|45 33933 34106 
1165 269 gi|45 35394 35503 
1253 250 gi|45 36769 36840 
1617 252 gi|46 471 519 
505 527 gi|46 2397 2495 
1681 502 gi|46 2416 2495 
1041 253 gi|46 3033 3068 
3 424 gi|46 4675 5594 
1743 251 gi|46 6224 6271 
1559 257 gi|46 6231 6263 
457 257 gi|46 6231 6263 
1289 254 gi|46 6231 6262 
1685 337 gi|46 8872 9056 
1409 277 gi|46 9011 9089 
1203 686 gi|46 9724 9891 
1215 723 gi|46 9734 9853 
1499 254 gi|46 9737 9849 
1493 625 gi|46 9738 9852 
1663 697 gi|46 9739 9920 
1503 589 gi|46 9739 9853 
1571 291 gi|46 9740 9856 
1667 270 gi|46 9743 9849 
1237 331 gi|46 22765 23002 
1235 276 gi|46 23428 23728 
1233 1150 gi|46 23819 24320 
1231 307 gi|46 24637 25159 
603 592 gi|46 30521 30689 
1719 253 gi|46 30527 30568 
1501 604 gi|46 30552 30704 
1591 381 gi|46 30569 30677 
783 328 gi|46 30569 30672 
1081 385 gi|46 30572 30686 
1295 324 gi|46 30581 30677 
1167 350 gi|46 30618 30681 
1703 412 gi|46 30621 30694 
1689 450 gi|46 30621 30678 
1475 341 gi|46 30629 30689 
1641 398 gi|46 30629 30681 
1647 398 gi|46 30629 30681 
1635 312 gi|46 30629 30678 
1653 373 gi|46 30629 30678 
1509 410 gi|46 31847 31931 
1507 278 gi|46 31879 31915 
1717 281 gi|46 35204 35266 
1097 279 gi|46 35219 35285 
1579 255 gi|46 35220 35267 
1331 251 gi|47 1455 1497 
537 285 gi|47 3262 3322 
925 263 gi|47 3277 3322 
19 250 gi|47 3280 3337 
413 319 gi|47 3280 3324 
345 271 gi|47 3284 3369 
1139 293 gi|47 3286 3355 
1325 311 gi|47 3289 3343 
907 269 gi|47 3290 3323 
489 259 gi|47 3291 3321 
1063 250 gi|47 3293 3322 
1227 261 gi|47 7000 7078 
357 22858 gi|47 8960 11511 
155 22955 gi|47 8997 11511 
1487 22678 gi|47 9049 11492 
1339 16495 gi|47 9049 11159 
1119 22758 gi|47 9077 11511 
1115 856 gi|47 9081 9203 
1125 254 gi|47 11152 11286 
1489 254 gi|47 11152 11286 
365 254 gi|47 11152 11286 
1343 2155 gi|47 11278 11511 
177 16299 gi|47 13362 15179 
735 16450 gi|47 13362 15127 
349 16105 gi|47 13362 15095 
1345 15105 gi|47 13362 14982 
1131 16219 gi|47 13363 15120 
1505 380 gi|47 15957 16401 
867 598 gi|47 15981 16483 
1629 330 gi|47 16001 16586 
1673 259 gi|47 16220 16342 
275 415 gi|47 16224 16378 
43 263 gi|47 16233 16398 
949 315 gi|47 16238 16482 
1019 263 gi|47 16254 16450 
1159 306 gi|47 16257 16460 
1383 270 gi|47 16271 16513 
1457 298 gi|47 16284 16396 
681 280 gi|47 16289 16397 
1511 252 gi|47 16289 16384 
1551 275 gi|47 16297 16430 
1657 350 gi|47 16303 16551 
209 257 gi|47 21752 21795 
397 490 gi|47 30572 30809 
103 366 gi|47 30580 30705 
403 367 gi|47 30614 30769 
1367 368 gi|47 30614 30723 
1359 293 gi|47 30616 30695 
1351 331 gi|47 30629 30809 
1347 757 gi|47 30725 30816 
116 427 gi|5 735 803 
118 257 gi|5 1078 1125 
120 403 gi|5 3517 3811 
122 250 gi|5 7964 8061 
124 259 gi|5 8298 8448 
126 376 gi|5 8316 8408 
128 368 gi|5 8332 8409 
130 368 gi|5 8344 8408 
134 384 gi|5 8345 8464 
132 424 gi|5 8345 8409 
136 282 gi|5 8345 8404 
140 390 gi|5 8347 8410 
138 327 gi|5 8347 8409 
142 441 gi|5 8348 8430 
146 319 gi|5 8348 8410 
144 357 gi|5 8348 8408 
148 302 gi|5 8352 8409 
150 309 gi|5 14221 14336 
152 1407 gi|5 15872 16069 
154 22955 gi|5 18476 20989 
156 22514 gi|5 18492 20989 
158 22248 gi|5 18527 20970 
160 16357 gi|5 18548 20639 
162 805 gi|5 18551 18681 
164 22356 gi|5 18555 20989 
166 2154 gi|5 20756 20989 
168 17811 gi|5 22272 24330 
170 16572 gi|5 22272 24218 
172 262 gi|5 22282 22396 
174 259 gi|5 22283 22413 
176 16299 gi|5 22596 24429 
178 16651 gi|5 22596 24412 
180 16174 gi|5 22597 24360 
182 252 gi|5 30120 30157 
184 281 gi|5 32876 32920 
186 264 gi|5 37264 37479 
188 253 gi|5 37539 37959 
190 816 gi|5 37565 38469 
192 363 gi|5 38328 38469 
460 255 gi|6 3391 3428 
462 266 gi|6 3595 3675 
464 322 gi|6 3749 3849 
466 510 gi|6 8905 9118 
935 974 gi|6 11231 11346 
468 269 gi|6 11233 11370 
470 412 gi|6 17510 18411 
472 257 gi|6 21773 21826 
474 278 gi|6 21780 21826 
685 251 gi|6 21786 21843 
476 267 gi|6 21787 21831 
478 253 gi|6 21791 21826 
480 267 gi|6 23613 23697 
655 250 gi|6 23616 23697 
482 260 gi|6 23629 23756 
901 256 gi|6 23665 23696 
484 270 gi|6 23666 23696 
486 259 gi|6 23666 23696 
488 259 gi|6 23666 23696 
909 254 gi|6 23666 23696 
490 253 gi|6 23669 23712 
492 254 gi|6 23669 23696 
494 450 gi|6 31370 31593 
1427 269 gi|6 31672 31783 
496 283 gi|6 31674 31815 
498 333 gi|6 31685 31804 
500 6803 gi|6 35120 36177 
502 998 gi|6 36280 36457 
504 527 gi|6 36336 36440 
506 290 gi|6 36798 36960 
508 288 gi|6 36861 37082 
1461 305 gi|6 36861 37058 
510 299 gi|6 36864 37070 
512 2503 gi|6 39635 39955 
848 273 gi|7 10842 10918 
850 309 gi|7 10852 10917 
852 279 gi|7 10853 10917 
854 305 gi|7 10859 10919 
856 251 gi|7 10862 10926 
858 250 gi|7 10865 10912 
860 281 gi|7 25098 25144 
864 259 gi|7 25104 25144 
862 270 gi|7 25104 25142 
868 387 gi|7 36494 37045 
866 598 gi|7 36494 36997 
870 295 gi|7 36494 36699 
1459 254 gi|7 36575 36684 
872 271 gi|7 36578 36849 
874 253 gi|7 36578 36671 
876 266 gi|7 36590 36676 
878 277 gi|7 36593 36669 
880 276 gi|7 36617 36682 
882 398 gi|7 37253 37719 
884 258 gi|7 39437 39530 
886 283 gi|7 39465 39523 
888 273 gi|7 39467 39523 
890 268 gi|7 39472 39525 
694 297 gi|8 1659 1735 
696 268 gi|8 1661 1752 
698 4413 gi|8 1689 2240 
700 1282 gi|8 2241 2414 
702 277 gi|8 3528 3589 
704 262 gi|8 3534 3583 
706 253 gi|8 3541 3595 
708 267 gi|8 3721 3807 
710 272 gi|8 15745 16115 
712 326 gi|8 16034 16115 
714 257 gi|8 16042 16131 
716 292 gi|8 16054 16100 
718 283 gi|8 16056 16102 
891 268 gi|8 16058 16113 
523 255 gi|8 16058 16104 
929 284 gi|8 17329 17386 
720 708 gi|8 23800 24343 
553 273 gi|8 23805 23874 
722 906 gi|8 23829 24064 
724 714 gi|8 24411 24880 
726 706 gi|8 24415 24885 
728 1561 gi|8 25314 26913 
730 2154 gi|8 25932 26914 
732 286 gi|8 27048 27166 
179 16651 gi|8 36633 38450 
734 16450 gi|8 36687 38450 
736 16261 gi|8 36688 38449 
738 16130 gi|8 36718 38450 
740 16414 gi|8 36830 38610 
742 281 gi|8 38617 38723 
744 294 gi|8 38788 38860 
746 281 gi|8 38788 38859 
748 6734 gi|8 39014 39803 
750 2083 gi|8 39856 40132 
0 1585 gi|9 1 168 
