frag gi|20 16205 16962
img_no 4
flimg_no 1
edge_no 4
msp 455 p 6009 98.5 1 438 gi|5 29043 29792 112 gi|20 16226 16963
msp 1386 p 6232 99.1 -1 112 gi|20 16205 16962 423 gi|48 29000 29775
msp 1388 p 1999 97.7 -1 112 gi|20 16206 16511 537 gi|61 37605 37881
msp 1390 p 2394 98.0 1 112 gi|20 16670 16963 550 gi|63 30052 30358
edge 1011 p -1 99 112 423
edge 1012 p 1 98 112 438
edge 1013 p -1 97 112 537
edge 1014 p 1 98 112 550
pcp 16205 423
pcp 16206 537
pcp 16226 438
pcp 16511 537
pcp 16670 550
pcp 16962 423
pcp 16963 550
pcp 16963 438
