frag gi|20 34212 34696
img_no 5
edge_no 5
msp 1400 p 1977 81.7 1 117 gi|20 34212 34697 497 gi|57 1937 2398
msp 1402 p 1907 88.2 1 117 gi|20 34333 34697 775 gi|32 37219 37563
msp 1404 s 1038 87.6 -1 117 gi|20 34423 34696 776 gi|57 25092 25330
msp 1406 p 307 83.2 1 117 gi|20 34619 34693 777 gi|75 19233 19314
msp 1408 p 352 82.9 1 117 gi|20 34628 34697 163 gi|25 24347 24416
edge 1022 p 1 82 117 163
edge 1024 p 1 81 117 497
edge 1033 p 1 88 775 117
edge 1038 s 0 0 776 117
edge 1041 p 1 83 777 117
pcp 34212 497
pcp 34333 775
pcp 34619 777
pcp 34628 163
pcp 34693 777
pcp 34697 775
pcp 34697 497
pcp 34697 163
