frag gi|20 34720 35017
img_no 7
edge_no 5
msp 277 s 259 92.1 1 101 gi|2 15517 15554 118 gi|20 34941 34977
msp 1410 s 1380 85.3 -1 118 gi|20 34720 34984 478 gi|54 26557 26815
msp 1412 p 920 78.4 -1 118 gi|20 34759 35017 635 gi|71 26686 26948
msp 1414 s 297 85.1 -1 118 gi|20 34877 35010 249 gi|33 99 231
msp 1416 p 486 77.8 1 118 gi|20 34892 35017 249 gi|33 87 206
msp 1418 s 254 83.6 1 118 gi|20 34911 34977 635 gi|71 26696 26758
msp 1420 p 324 79.2 -1 118 gi|20 34912 35017 632 gi|71 22485 22591
edge 377 p -1 78 635 118
edge 578 s 0 0 101 118
edge 582 p 1 77 118 249
edge 583 s 0 0 118 478
edge 584 p -1 78 118 632
pcp 34759 635
pcp 34892 249
pcp 34912 632
pcp 35017 632
pcp 35017 249
pcp 35017 635
