frag gi|22 5929 6725
img_no 10
edge_no 10
msp 315 s 318 75.5 -1 108 gi|2 28444 28635 130 gi|22 6412 6603
msp 861 s 488 72.2 1 23 gi|10 37424 37913 130 gi|22 6182 6700
msp 1193 s 266 73.2 1 65 gi|15 25181 25426 130 gi|22 6408 6656
msp 1540 p 722 77.2 -1 130 gi|22 5929 6710 488 gi|55 36081 36857
msp 1542 s 444 75.9 -1 130 gi|22 6043 6685 487 gi|55 35300 35927
msp 1544 p 398 71.9 -1 130 gi|22 6214 6725 594 gi|68 24276 24788
msp 1546 s 330 80.3 -1 130 gi|22 6323 6515 625 gi|71 4943 5139
msp 1548 s 498 77.2 1 130 gi|22 6328 6669 657 gi|73 29364 29690
msp 1550 s 257 79.5 1 130 gi|22 6408 6656 430 gi|49 30454 30699
msp 1552 s 275 68.5 -1 130 gi|22 6408 6515 600 gi|69 13332 13439
edge 82 s 0 0 23 130
edge 95 s 0 0 65 130
edge 101 s 0 0 130 108
edge 102 s 0 0 130 430
edge 103 s 0 0 130 487
edge 104 p -1 76 130 488
edge 105 p -1 71 130 594
edge 106 s 0 0 130 600
edge 107 s 0 0 130 625
edge 108 s 0 0 130 657
pcp 5929 488
pcp 6214 594
pcp 6710 488
pcp 6725 594
