frag gi|29 8330 8542
img_no 6
edge_no 3
msp 353 s 257 81.5 1 434 gi|5 2851 2915 194 gi|29 8468 8533
msp 413 s 773 98.8 1 434 gi|5 3275 3361 194 gi|29 8462 8549
msp 1664 p 371 85.0 1 194 gi|29 8330 8449 506 gi|57 26183 26308
msp 1666 s 282 79.3 1 194 gi|29 8379 8533 392 gi|45 22720 22869
msp 1668 s 447 82.1 1 194 gi|29 8380 8530 392 gi|45 21980 22137
msp 1670 p 740 98.8 1 194 gi|29 8462 8542 506 gi|57 26446 26526
edge 965 s 0 0 392 194
edge 984 s 0 0 434 194
edge 1131 p 1 90 194 506
pcp 8542 506
pcp 8462 506
pcp 8449 506
pcp 8330 506
