frag gi|3 17070 18397
img_no 4
flimg_no 2
edge_no 4
msp 94 p 4215 77.7 -1 210 gi|3 17068 18400 277 gi|34 37881 39235
msp 96 p 2217 73.6 -1 210 gi|3 17072 18393 149 gi|24 11971 13299
msp 98 p 723 81.1 -1 210 gi|3 17758 18174 146 gi|24 2214 2632
msp 100 p 453 77.4 -1 210 gi|3 18294 18399 145 gi|24 2126 2231
edge 1063 p -1 77 145 210
edge 1065 p -1 81 146 210
edge 1066 p -1 73 210 149
edge 1067 p -1 77 210 277
pcp 17068 277
pcp 17072 149
pcp 17758 146
pcp 18174 146
pcp 18294 145
pcp 18393 149
pcp 18399 145
pcp 18400 277
