frag gi|3 38208 39054
img_no 6
flimg_no 1
edge_no 6
msp 126 p 7068 97.7 -1 219 gi|3 38208 39058 477 gi|54 25643 26492
msp 128 p 6988 98.7 -1 219 gi|3 38242 39053 476 gi|54 18555 19363
msp 130 p 4582 86.1 -1 219 gi|3 38264 39053 469 gi|54 2081 2874
msp 132 s 284 78.0 -1 219 gi|3 38867 38948 682 gi|75 16111 16192
msp 134 p 903 88.8 1 219 gi|3 38868 39055 471 gi|54 4617 4808
msp 136 s 267 75.8 1 219 gi|3 38917 38978 67 gi|15 28712 28772
edge 832 s 0 0 67 219
edge 835 p -1 86 219 469
edge 836 p 1 88 219 471
edge 837 p -1 98 219 476
edge 838 p -1 97 219 477
edge 839 s 0 0 219 682
pcp 38208 477
pcp 38242 476
pcp 38264 469
pcp 38868 471
pcp 39053 476
pcp 39053 469
pcp 39055 471
pcp 39058 477
