frag gi|11 7256 7381
img_no 6
flimg_no 1
edge_no 6
msp 159 s 310 81.1 1 612 gi|7 32859 32932 26 gi|11 7311 7381
msp 1016 p 288 83.3 1 26 gi|11 7256 7381 254 gi|33 11419 11547
msp 1018 p 345 82.7 -1 26 gi|11 7284 7381 590 gi|68 11700 11797
msp 1020 s 252 78.2 1 26 gi|11 7327 7381 642 gi|72 8607 8661
msp 1022 s 376 89.1 -1 26 gi|11 7327 7381 304 gi|36 25315 25369
msp 1024 s 304 85.7 1 26 gi|11 7332 7380 635 gi|71 26344 26392
edge 283 p 1 83 26 254
edge 284 s 0 0 26 304
edge 285 p -1 82 26 590
edge 286 s 0 0 26 612
edge 287 s 0 0 26 635
edge 288 s 0 0 26 642
pcp 7381 254
pcp 7381 590
pcp 7284 590
pcp 7256 254
