frag gi|35 5747 5920
img_no 11
edge_no 8
msp 735 p 352 86.6 1 744 gi|9 10766 10847 279 gi|35 5798 5876
msp 747 s 283 87.5 -1 744 gi|9 10775 10854 279 gi|35 5764 5850
msp 1011 s 277 92.7 -1 25 gi|11 6426 6480 279 gi|35 5803 5858
msp 1776 s 374 83.5 1 279 gi|35 5747 5873 606 gi|69 32296 32422
msp 1778 s 268 87.5 -1 279 gi|35 5756 5875 606 gi|69 32316 32442
msp 1780 s 764 95.1 1 279 gi|35 5790 5891 337 gi|39 23287 23387
msp 1782 s 263 87.9 -1 279 gi|35 5791 5856 337 gi|39 23297 23357
msp 1784 s 318 87.5 1 279 gi|35 5801 5864 586 gi|68 1718 1781
msp 1786 s 315 91.1 1 279 gi|35 5803 5881 313 gi|37 2609 2683
msp 1788 p 274 84.8 -1 279 gi|35 5805 5870 685 gi|75 19315 19381
msp 2107 s 521 80.3 1 264 gi|33 30901 31022 279 gi|35 5791 5920
edge 242 s 0 0 25 279
edge 246 s 0 0 279 264
edge 247 s 0 0 279 313
edge 248 s 0 0 279 337
edge 249 s 0 0 279 586
edge 250 s 0 0 279 606
edge 251 p -1 84 279 685
edge 252 p 1 86 279 744
pcp 5876 744
pcp 5870 685
pcp 5805 685
pcp 5798 744
