frag gi|35 5968 6046
img_no 12
flimg_no 1
edge_no 9
msp 219 s 408 88.3 1 612 gi|7 33099 33158 280 gi|35 5969 6028
msp 655 s 331 79.5 -1 743 gi|9 10481 10553 280 gi|35 5968 6037
msp 679 s 376 85.0 -1 743 gi|9 10549 10608 280 gi|35 5969 6028
msp 713 p 397 83.8 -1 743 gi|9 10649 10728 280 gi|35 5959 6046
msp 1297 p 478 100.0 1 92 gi|19 18434 18484 280 gi|35 5973 6023
msp 1790 s 371 88.5 1 280 gi|35 5968 6028 656 gi|73 27782 27842
msp 1792 p 388 82.3 -1 280 gi|35 5968 6046 308 gi|36 30378 30453
msp 1794 p 350 78.5 1 280 gi|35 5969 6047 358 gi|40 9004 9082
msp 1796 s 404 89.8 1 280 gi|35 5969 6027 642 gi|72 8691 8750
msp 1798 s 380 86.0 -1 280 gi|35 5972 6028 308 gi|36 30449 30505
msp 1800 p 478 100.0 1 280 gi|35 5973 6023 549 gi|63 29888 29938
msp 2061 s 418 89.2 1 254 gi|33 11648 11712 280 gi|35 5959 6027
edge 297 s 0 0 254 280
edge 358 s 0 0 612 280
edge 397 s 0 0 642 280
edge 487 p 1 100 92 280
edge 495 p -1 82 280 308
edge 496 p 1 78 280 358
edge 497 p 1 100 280 549
edge 498 s 0 0 280 656
edge 499 p -1 83 280 743
pcp 6047 358
pcp 6046 308
pcp 6046 743
pcp 6023 92
pcp 6023 549
pcp 5973 92
pcp 5973 549
pcp 5969 358
pcp 5968 308
pcp 5959 743
