frag gi|35 22781 23109
img_no 12
edge_no 8
msp 737 p 352 86.6 -1 744 gi|9 10766 10847 292 gi|35 22959 23037
msp 749 s 281 90.4 1 744 gi|9 10775 10826 292 gi|35 22985 23036
msp 1013 s 277 92.7 1 25 gi|11 6426 6480 292 gi|35 22977 23032
msp 1872 p 1914 94.3 -1 292 gi|35 22781 23045 337 gi|39 23287 23562
msp 1874 s 315 91.1 -1 292 gi|35 22954 23032 313 gi|37 2609 2683
msp 1876 s 289 90.5 1 292 gi|35 22960 23033 606 gi|69 32316 32400
msp 1878 s 397 85.2 -1 292 gi|35 22962 23049 606 gi|69 32334 32422
msp 1880 p 274 84.8 1 292 gi|35 22965 23030 685 gi|75 19315 19381
msp 1882 s 318 87.5 -1 292 gi|35 22971 23034 586 gi|68 1718 1781
msp 1884 s 263 87.9 1 292 gi|35 22979 23044 337 gi|39 23297 23357
msp 2109 s 452 83.0 -1 264 gi|33 30901 31000 292 gi|35 22940 23044
msp 2113 s 260 78.9 1 264 gi|33 30901 31028 292 gi|35 22974 23109
edge 243 s 0 0 25 292
edge 253 s 0 0 292 264
edge 254 s 0 0 292 313
edge 255 p -1 94 292 337
edge 256 s 0 0 292 586
edge 257 s 0 0 292 606
edge 258 p 1 84 292 685
edge 259 p -1 86 292 744
pcp 23045 337
pcp 23037 744
pcp 23030 685
pcp 22965 685
pcp 22959 744
pcp 22781 337
