frag gi|35 28979 29089
img_no 6
flimg_no 1
edge_no 5
msp 743 p 286 90.7 1 744 gi|9 10771 10824 294 gi|35 29029 29083
msp 1890 s 342 84.6 -1 294 gi|35 29005 29082 337 gi|39 23297 23375
msp 1892 s 301 82.2 -1 294 gi|35 29018 29090 606 gi|69 32340 32411
msp 1894 s 264 85.5 -1 294 gi|35 29020 29088 586 gi|68 1713 1781
msp 1896 p 255 80.0 1 294 gi|35 29028 29092 337 gi|39 23297 23362
msp 2111 p 329 79.0 -1 264 gi|33 30901 31005 294 gi|35 28979 29092
edge 268 p 1 80 337 294
edge 273 p -1 79 264 294
edge 276 s 0 0 586 294
edge 280 s 0 0 606 294
edge 282 p 1 90 744 294
pcp 29092 337
pcp 29092 264
pcp 29083 744
pcp 29029 744
pcp 29028 337
pcp 28979 264
