frag gi|11 16224 16379
img_no 7
flimg_no 1
edge_no 7
msp 1046 p 277 79.1 -1 30 gi|11 16224 16376 756 gi|71 37131 37295
msp 1048 s 365 87.2 -1 30 gi|11 16289 16366 405 gi|47 26929 27007
msp 1050 s 443 89.7 1 30 gi|11 16295 16381 757 gi|73 17311 17395
msp 1052 p 491 90.4 -1 30 gi|11 16304 16383 754 gi|61 14043 14125
msp 1054 s 445 86.1 1 30 gi|11 16302 16380 56 gi|14 13028 13106
msp 1056 s 258 81.0 -1 30 gi|11 16302 16380 674 gi|75 3416 3499
msp 1058 s 317 92.3 -1 30 gi|11 16317 16368 251 gi|33 1490 1543
edge 666 s 0 0 30 56
edge 667 s 0 0 30 251
edge 668 s 0 0 30 405
edge 672 s 0 0 30 674
edge 700 p -1 90 754 30
edge 709 p -1 79 756 30
edge 717 s 0 0 757 30
pcp 16224 756
pcp 16304 754
pcp 16376 756
pcp 16383 754
