frag gi|36 24633 24924
img_no 18
edge_no 18
msp 283 p 268 86.7 -1 103 gi|2 18860 18949 303 gi|36 24744 24851
msp 887 s 295 82.3 1 50 gi|13 38783 38850 303 gi|36 24786 24854
msp 939 s 352 85.4 -1 39 gi|12 5819 5900 303 gi|36 24839 24917
msp 1005 s 263 85.0 1 44 gi|12 21811 21850 303 gi|36 24863 24902
msp 1163 s 376 85.4 -1 62 gi|15 19266 19354 303 gi|36 24839 24924
msp 1243 s 337 84.3 -1 69 gi|15 33572 33654 303 gi|36 24839 24918
msp 1617 s 335 91.4 1 152 gi|24 24413 24470 303 gi|36 24795 24854
msp 1633 s 317 83.0 1 156 gi|24 30373 30490 303 gi|36 24795 24907
msp 1851 s 303 80.3 -1 285 gi|35 9343 9408 303 gi|36 24860 24924
msp 2069 s 305 80.6 -1 254 gi|33 11713 11810 303 gi|36 24817 24914
msp 2138 p 346 78.2 -1 303 gi|36 24633 24857 641 gi|72 3191 3438
msp 2140 s 274 79.9 -1 303 gi|36 24776 24924 656 gi|73 27575 27727
msp 2142 s 389 87.6 -1 303 gi|36 24797 24885 541 gi|62 30773 30859
msp 2144 s 322 82.6 -1 303 gi|36 24839 24924 648 gi|72 35008 35096
msp 2146 s 289 82.6 -1 303 gi|36 24839 24924 643 gi|72 9049 9137
msp 2148 s 352 84.9 -1 303 gi|36 24839 24924 358 gi|40 9125 9213
msp 2150 s 311 82.6 1 303 gi|36 24839 24924 590 gi|68 11444 11532
msp 2152 s 291 85.0 -1 303 gi|36 24865 24924 642 gi|72 8753 8810
edge 300 s 0 0 254 303
edge 335 s 0 0 590 303
edge 399 s 0 0 642 303
edge 431 s 0 0 39 303
edge 450 s 0 0 44 303
edge 460 s 0 0 62 303
edge 475 s 0 0 69 303
edge 501 s 0 0 285 303
edge 516 s 0 0 303 50
edge 517 p -1 86 303 103
edge 518 s 0 0 303 152
edge 519 s 0 0 303 156
edge 520 s 0 0 303 358
edge 521 s 0 0 303 541
edge 522 p -1 78 303 641
edge 523 s 0 0 303 643
edge 524 s 0 0 303 648
edge 525 s 0 0 303 656
pcp 24633 641
pcp 24744 103
pcp 24851 103
pcp 24857 641
