frag gi|37 2511 2718
img_no 11
edge_no 8
msp 745 s 291 90.7 1 744 gi|9 10771 10824 313 gi|37 2609 2667
msp 1009 p 277 81.2 -1 25 gi|11 6378 6499 313 gi|37 2589 2718
msp 1787 s 315 91.1 1 279 gi|35 5803 5881 313 gi|37 2609 2683
msp 1875 s 315 91.1 -1 292 gi|35 22954 23032 313 gi|37 2609 2683
msp 2103 s 323 85.3 1 264 gi|33 30884 30985 313 gi|37 2579 2683
msp 2105 s 264 81.5 -1 264 gi|33 30894 30996 313 gi|37 2577 2674
msp 2232 p 250 83.4 -1 313 gi|37 2511 2667 586 gi|68 1714 1856
msp 2234 s 258 82.3 -1 313 gi|37 2594 2661 337 gi|39 23299 23365
msp 2236 s 264 85.9 1 313 gi|37 2602 2665 606 gi|69 32344 32404
msp 2238 s 298 85.7 1 313 gi|37 2603 2672 586 gi|68 1715 1782
msp 2240 s 339 90.7 1 313 gi|37 2609 2683 337 gi|39 23299 23377
edge 244 p -1 81 25 313
edge 247 s 0 0 279 313
edge 254 s 0 0 292 313
edge 260 s 0 0 313 264
edge 261 s 0 0 313 337
edge 262 p -1 83 313 586
edge 263 s 0 0 313 606
edge 264 s 0 0 313 744
pcp 2718 25
pcp 2667 586
pcp 2589 25
pcp 2511 586
