frag gi|38 28796 30142
img_no 4
flimg_no 1
edge_no 4
msp 1715 p 642 86.2 -1 221 gi|30 17341 17536 329 gi|38 29890 30142
msp 1719 p 1004 92.7 -1 222 gi|30 17507 17657 329 gi|38 29533 29690
msp 1721 p 5861 94.2 -1 223 gi|30 17931 18691 329 gi|38 28796 29558
msp 2322 p 7977 91.5 -1 329 gi|38 28797 30142 561 gi|65 8531 9801
edge 1149 p -1 86 221 329
edge 1151 p -1 92 329 222
edge 1152 p -1 94 329 223
edge 1153 p -1 91 329 561
pcp 28796 223
pcp 28797 561
pcp 29533 222
pcp 29558 223
pcp 29690 222
pcp 29890 221
pcp 30142 561
pcp 30142 221
