frag gi|43 10776 11151
img_no 7
edge_no 7
msp 967 p 583 75.7 1 41 gi|12 14678 15035 375 gi|43 10770 11126
msp 1917 s 319 89.4 -1 233 gi|31 2235 2375 375 gi|43 10797 10931
msp 2344 p 525 77.2 -1 375 gi|43 10776 11109 753 gi|53 12332 12662
msp 2346 p 795 78.0 1 375 gi|43 10784 11151 432 gi|49 35627 35994
msp 2348 s 445 78.5 -1 375 gi|43 10863 11109 443 gi|51 615 861
msp 2411 s 603 74.5 -1 330 gi|39 7477 7809 375 gi|43 10777 11114
msp 2421 s 610 79.9 -1 332 gi|39 11898 12216 375 gi|43 10783 11109
edge 8 s 0 0 233 375
edge 12 s 0 0 330 375
edge 18 s 0 0 332 375
edge 23 p 1 78 432 375
edge 28 p 1 74 41 375
edge 33 s 0 0 375 443
edge 40 p -1 76 753 375
pcp 11151 432
pcp 11126 41
pcp 11109 753
pcp 10784 432
pcp 10776 753
pcp 10770 41
