frag gi|43 38883 39984
img_no 8
edge_no 7
msp 149 s 273 75.8 -1 611 gi|7 4848 5029 379 gi|43 39750 39934
msp 1189 s 351 74.5 1 65 gi|15 24819 25421 379 gi|43 39387 39982
msp 1765 s 257 75.2 -1 278 gi|35 1752 1953 379 gi|43 39758 39976
msp 2354 s 491 75.5 -1 379 gi|43 38883 39937 551 gi|63 30712 31800
msp 2356 s 273 78.6 -1 379 gi|43 39357 39482 389 gi|45 15677 15789
msp 2358 p 324 77.2 -1 379 gi|43 39399 39578 508 gi|57 34379 34557
msp 2360 s 338 75.2 -1 379 gi|43 39589 39874 600 gi|69 13299 13598
msp 2362 s 385 78.8 -1 379 gi|43 39754 39984 389 gi|45 15172 15403
edge 97 s 0 0 65 379
edge 130 s 0 0 389 379
edge 156 s 0 0 551 379
edge 162 s 0 0 600 379
edge 186 s 0 0 379 278
edge 187 p -1 77 379 508
edge 188 s 0 0 379 611
pcp 39399 508
pcp 39578 508
