frag gi|45 15087 16396
img_no 13
flimg_no 1
edge_no 12
msp 303 s 276 72.5 1 106 gi|2 27714 27815 389 gi|45 15304 15405
msp 307 s 275 68.6 1 108 gi|2 28358 28647 389 gi|45 15132 15422
msp 851 s 422 78.2 -1 23 gi|10 37329 37838 389 gi|45 15203 15699
msp 1567 s 257 77.6 -1 131 gi|22 7442 7633 389 gi|45 15268 15440
msp 1589 s 336 76.8 -1 133 gi|22 12740 13161 389 gi|45 15306 15715
msp 1769 s 356 79.0 1 278 gi|35 1780 2356 389 gi|45 15222 15777
msp 2357 s 273 78.6 -1 379 gi|43 39357 39482 389 gi|45 15677 15789
msp 2363 s 385 78.8 -1 379 gi|43 39754 39984 389 gi|45 15172 15403
msp 2460 p 1754 76.0 1 389 gi|45 15087 16396 625 gi|71 4728 6079
msp 2462 s 259 72.2 -1 389 gi|45 15124 15713 657 gi|73 29130 29722
msp 2464 s 268 72.8 1 389 gi|45 15301 15785 551 gi|63 30795 31278
msp 2466 p 250 74.4 1 389 gi|45 15319 15490 686 gi|75 20634 20805
msp 2468 p 312 79.7 1 389 gi|45 15622 15754 591 gi|68 16149 16281
edge 86 s 0 0 23 389
edge 111 s 0 0 133 389
edge 126 s 0 0 389 106
edge 127 s 0 0 389 108
edge 128 s 0 0 389 131
edge 129 s 0 0 389 278
edge 130 s 0 0 389 379
edge 131 s 0 0 389 551
edge 132 p 1 79 389 591
edge 133 p 1 76 389 625
edge 134 s 0 0 389 657
edge 135 p 1 74 389 686
pcp 16396 625
pcp 15754 591
pcp 15622 591
pcp 15490 686
pcp 15319 686
pcp 15087 625
