frag gi|47 26756 27027
img_no 9
edge_no 9
msp 1049 s 365 87.2 -1 30 gi|11 16289 16366 405 gi|47 26929 27007
msp 1273 s 422 90.0 -1 56 gi|14 13023 13092 405 gi|47 26929 27001
msp 2013 s 337 83.5 1 251 gi|33 1455 1557 405 gi|47 26891 26995
msp 2341 s 235 81.2 1 759 gi|42 15990 16049 405 gi|47 26934 26994
msp 2628 p 207 84.6 -1 405 gi|47 26756 26921 758 gi|73 17398 17544
msp 2630 s 268 86.9 1 405 gi|47 26929 27012 674 gi|75 3433 3511
msp 2632 s 464 96.2 1 405 gi|47 26929 26996 754 gi|61 14060 14125
msp 2634 s 328 85.5 1 405 gi|47 26929 27011 756 gi|71 37141 37221
msp 3022 p 148 84.6 -1 405 gi|47 26903 27027 757 gi|73 17292 17397
edge 668 s 0 0 30 405
edge 674 s 0 0 56 405
edge 680 s 0 0 251 405
edge 689 s 0 0 405 674
edge 705 s 0 0 754 405
edge 713 s 0 0 756 405
edge 716 p -1 84 758 405
edge 721 p -1 84 757 405
edge 726 s 0 0 759 405
pcp 26756 758
pcp 26903 757
pcp 26921 758
pcp 27027 757
