frag gi|12 14507 15712
img_no 9
edge_no 9
msp 958 p 503 76.6 -1 41 gi|12 14507 15022 753 gi|53 12329 12854
msp 960 p 3709 82.4 -1 41 gi|12 14630 15712 330 gi|39 6777 7871
msp 962 s 287 75.9 -1 41 gi|12 14633 15001 260 gi|33 26282 26658
msp 964 s 962 76.9 -1 41 gi|12 14672 15021 332 gi|39 11896 12241
msp 966 p 583 75.7 1 41 gi|12 14678 15035 375 gi|43 10770 11126
msp 968 s 742 79.1 1 41 gi|12 14693 15161 432 gi|49 35621 36051
msp 970 s 712 75.0 -1 41 gi|12 14780 15019 443 gi|51 615 863
msp 972 s 342 78.2 -1 41 gi|12 14789 15004 233 gi|31 2055 2297
msp 974 p 272 79.3 -1 41 gi|12 15303 15490 331 gi|39 11698 11889
edge 4 s 0 0 233 41
edge 10 p -1 82 330 41
edge 16 s 0 0 332 41
edge 22 s 0 0 432 41
edge 26 s 0 0 41 260
edge 27 p -1 79 41 331
edge 28 p 1 74 41 375
edge 29 s 0 0 41 443
edge 36 p -1 76 753 41
pcp 15712 330
pcp 15490 331
pcp 15303 331
pcp 15035 375
pcp 15022 753
pcp 14678 375
pcp 14630 330
pcp 14507 753
