frag gi|49 13610 14075
img_no 5
flimg_no 1
edge_no 5
msp 35 p 297 75.5 1 732 gi|8 13188 13411 425 gi|49 13712 13932
msp 2333 s 260 69.0 1 367 gi|42 5833 5932 425 gi|49 13763 13863
msp 2617 p 790 73.9 -1 397 gi|45 33826 34289 425 gi|49 13611 14075
msp 2734 p 347 69.8 -1 425 gi|49 13609 14049 633 gi|71 22660 23097
msp 2736 s 676 71.9 -1 425 gi|49 13680 13985 634 gi|71 24497 24802
edge 138 p -1 73 397 425
edge 179 s 0 0 634 425
edge 228 s 0 0 425 367
edge 229 p -1 68 425 633
edge 230 p 1 75 425 732
pcp 13609 633
pcp 13611 397
pcp 13712 732
pcp 13932 732
pcp 14049 633
pcp 14075 397
