frag gi|49 17322 17947
img_no 5
flimg_no 1
edge_no 5
msp 1371 s 275 82.9 1 125 gi|21 30002 30106 426 gi|49 17709 17813
msp 1767 s 442 74.3 -1 278 gi|35 1756 1961 426 gi|49 17713 17924
msp 2738 p 363 78.6 1 426 gi|49 17322 17947 704 gi|76 30161 30789
msp 2740 s 271 78.2 -1 426 gi|49 17724 17801 625 gi|71 4954 5031
msp 2742 s 291 76.0 -1 426 gi|49 17726 17896 645 gi|72 22598 22765
edge 169 s 0 0 625 426
edge 211 s 0 0 278 426
edge 235 s 0 0 426 125
edge 236 s 0 0 426 645
edge 237 p 1 78 426 704
pcp 17947 704
pcp 17322 704
