frag gi|49 35528 36349
img_no 8
edge_no 8
msp 465 s 264 76.9 1 1 gi|1 422 689 432 gi|49 35708 35954
msp 969 s 742 79.1 1 41 gi|12 14693 15161 432 gi|49 35621 36051
msp 1913 s 297 80.3 -1 233 gi|31 2054 2297 432 gi|49 35715 35940
msp 2347 p 795 78.0 1 375 gi|43 10784 11151 432 gi|49 35627 35994
msp 2407 s 987 82.4 -1 330 gi|39 7307 7890 432 gi|49 35528 36096
msp 2419 s 503 75.2 -1 332 gi|39 11829 12138 432 gi|49 35705 36012
msp 2748 s 445 75.6 -1 432 gi|49 35624 35955 753 gi|53 12331 12654
msp 2750 s 974 75.0 -1 432 gi|49 35707 36349 443 gi|51 205 862
edge 3 s 0 0 1 432
edge 9 s 0 0 233 432
edge 13 s 0 0 330 432
edge 19 s 0 0 332 432
edge 22 s 0 0 432 41
edge 23 p 1 78 432 375
edge 24 s 0 0 432 443
edge 41 s 0 0 753 432
pcp 35994 375
pcp 35627 375
