frag gi|5 1260 2811
img_no 6
edge_no 6
msp 293 s 266 91.2 1 105 gi|2 24536 24603 433 gi|5 1260 1330
msp 322 p 13373 99.7 1 433 gi|5 1290 2816 390 gi|45 18947 20471
msp 324 s 425 100.0 1 433 gi|5 1294 1342 59 gi|14 20049 20097
msp 326 p 469 86.6 -1 433 gi|5 1337 1448 532 gi|61 13946 14064
msp 328 s 269 78.6 -1 433 gi|5 2550 2708 119 gi|20 35137 35296
msp 330 p 417 96.2 1 433 gi|5 2755 2807 581 gi|66 32575 32627
edge 795 s 0 0 59 433
edge 797 s 0 0 105 433
edge 799 p 1 99 390 433
edge 802 s 0 0 433 119
edge 803 p -1 86 433 532
edge 804 p 1 96 433 581
pcp 2816 390
pcp 2807 581
pcp 2755 581
pcp 1448 532
pcp 1337 532
pcp 1290 390
