frag gi|5 2821 8903
img_no 55
edge_no 12
msp 332 s 935 81.7 -1 434 gi|5 2821 3039 540 gi|62 24728 24958
msp 334 s 499 77.9 -1 434 gi|5 2823 3343 540 gi|62 24784 25337
msp 336 s 330 77.0 1 434 gi|5 2826 3168 506 gi|57 26521 26851
msp 338 s 335 79.6 1 434 gi|5 2834 3000 393 gi|45 26368 26555
msp 340 s 296 77.3 1 434 gi|5 2837 3343 392 gi|45 22434 22947
msp 342 s 1006 84.1 1 434 gi|5 2839 3039 392 gi|45 22793 23003
msp 344 s 452 77.5 1 434 gi|5 2841 3183 392 gi|45 21316 21639
msp 346 p 1704 78.2 -1 434 gi|5 2841 3500 540 gi|62 24538 25220
msp 348 s 257 78.1 -1 434 gi|5 2841 2913 540 gi|62 25341 25413
msp 350 s 471 76.2 1 434 gi|5 2851 3261 506 gi|57 26452 26865
msp 352 s 257 81.5 1 434 gi|5 2851 2915 194 gi|29 8468 8533
msp 354 s 258 75.8 1 434 gi|5 2854 2952 392 gi|45 22278 22387
msp 356 s 359 82.8 1 434 gi|5 2855 2912 392 gi|45 22890 22947
msp 358 s 366 79.6 -1 434 gi|5 2855 2952 540 gi|62 24731 24841
msp 360 s 563 78.6 1 434 gi|5 2857 3346 392 gi|45 22371 22869
msp 362 s 352 75.2 1 434 gi|5 2857 3227 392 gi|45 22081 22468
msp 364 s 877 86.3 1 434 gi|5 2858 3084 392 gi|45 20921 21135
msp 366 s 432 75.2 1 434 gi|5 2858 3345 392 gi|45 21893 22429
msp 368 s 351 84.2 1 434 gi|5 2858 2914 392 gi|45 22985 23041
msp 370 s 328 72.0 1 434 gi|5 2858 3168 392 gi|45 21507 21845
msp 372 s 318 75.9 1 434 gi|5 2858 3346 392 gi|45 20997 21470
msp 374 s 351 84.2 -1 434 gi|5 2858 2914 540 gi|62 24690 24746
msp 376 s 301 75.8 1 434 gi|5 2859 3168 392 gi|45 21245 21541
msp 378 s 776 79.5 1 434 gi|5 2886 3197 392 gi|45 22760 23048
msp 380 s 329 78.5 1 434 gi|5 2894 3261 392 gi|45 21449 21859
msp 382 s 326 77.1 1 434 gi|5 2921 3344 392 gi|45 21795 22240
msp 384 s 900 83.9 1 434 gi|5 2922 3188 392 gi|45 21143 21387
msp 386 s 270 79.6 1 434 gi|5 2929 3149 392 gi|45 20914 21095
msp 388 s 726 80.4 1 434 gi|5 2931 3344 392 gi|45 22076 22511
msp 390 s 851 83.1 -1 434 gi|5 2937 3197 540 gi|62 24683 24920
msp 392 s 309 79.7 1 434 gi|5 2942 3261 392 gi|45 21257 21555
msp 394 s 293 73.9 -1 434 gi|5 3002 3227 540 gi|62 25190 25415
msp 396 s 553 81.1 1 434 gi|5 3093 3224 393 gi|45 26350 26499
msp 398 s 293 74.0 -1 434 gi|5 3093 3188 541 gi|62 27187 27287
msp 400 s 357 80.3 1 434 gi|5 3116 3343 392 gi|45 21876 22137
msp 402 s 30267 97.5 1 434 gi|5 3117 6756 393 gi|45 22795 26376
msp 404 s 483 80.3 -1 434 gi|5 3117 3344 540 gi|62 25147 25413
msp 406 s 250 74.7 1 434 gi|5 3118 3188 393 gi|45 26473 26544
msp 408 p 756 86.3 -1 434 gi|5 3131 3276 268 gi|34 24141 24290
msp 410 s 1437 99.3 1 434 gi|5 3202 3356 506 gi|57 26373 26527
msp 412 s 773 98.8 1 434 gi|5 3275 3361 194 gi|29 8462 8549
msp 414 s 30330 99.2 -1 434 gi|5 3354 6799 448 gi|51 22813 26181
msp 416 s 475 91.2 -1 434 gi|5 3354 3421 448 gi|51 26393 26459
msp 418 s 29316 99.7 -1 434 gi|5 3354 6501 541 gi|62 27399 30540
msp 420 s 49673 99.6 1 434 gi|5 3357 8679 577 gi|66 7340 12662
msp 422 s 472 93.5 -1 434 gi|5 3360 3421 449 gi|51 26671 26731
msp 424 s 404 88.7 -1 434 gi|5 3360 3421 450 gi|51 26928 26988
msp 426 s 342 90.2 -1 434 gi|5 3371 3421 541 gi|62 30753 30802
msp 428 s 474 83.0 1 434 gi|5 6457 6609 577 gi|66 10710 10863
msp 430 s 1231 100.0 -1 434 gi|5 6613 6756 541 gi|62 27261 27404
msp 432 s 472 81.2 1 434 gi|5 6727 6880 577 gi|66 10440 10592
msp 434 s 16755 99.5 -1 434 gi|5 6888 8745 448 gi|51 20970 22845
msp 436 s 16397 97.9 1 434 gi|5 6929 8903 394 gi|45 26556 28588
msp 438 s 16401 99.9 -1 434 gi|5 6930 8676 541 gi|62 25426 27174
msp 440 s 259 92.5 1 434 gi|5 8634 8686 541 gi|62 27123 27173
edge 960 s 0 0 541 434
edge 968 s 0 0 392 434
edge 976 s 0 0 393 434
edge 981 s 0 0 394 434
edge 984 s 0 0 434 194
edge 985 p -1 86 434 268
edge 986 s 0 0 434 448
edge 987 s 0 0 434 449
edge 988 s 0 0 434 450
edge 989 s 0 0 434 506
edge 990 p -1 78 434 540
edge 991 s 0 0 434 577
pcp 2841 540
pcp 3131 268
pcp 3276 268
pcp 3500 540
