frag gi|5 29043 29791
img_no 4
flimg_no 2
edge_no 4
msp 452 p 6116 98.3 -1 438 gi|5 29043 29791 423 gi|48 29000 29754
msp 454 p 6009 98.5 1 438 gi|5 29043 29792 112 gi|20 16226 16963
msp 456 p 1816 97.2 -1 438 gi|5 29043 29328 537 gi|61 37602 37861
msp 458 p 2598 98.4 1 438 gi|5 29486 29792 550 gi|63 30052 30358
edge 1012 p 1 98 112 438
edge 1015 p -1 98 423 438
edge 1018 p -1 97 438 537
edge 1019 p 1 98 438 550
pcp 29043 537
pcp 29043 423
pcp 29043 112
pcp 29328 537
pcp 29486 550
pcp 29791 423
pcp 29792 550
pcp 29792 112
