frag gi|50 27641 27870
img_no 7
flimg_no 1
edge_no 7
msp 1513 s 253 74.1 1 167 gi|26 5880 5964 441 gi|50 27738 27823
msp 1581 s 283 81.5 -1 131 gi|22 7472 7563 441 gi|50 27738 27829
msp 2752 p 344 77.8 1 441 gi|50 27641 27870 589 gi|68 7636 7868
msp 2754 s 278 76.8 -1 441 gi|50 27737 27818 693 gi|76 9985 10066
msp 2756 p 297 78.4 -1 441 gi|50 27738 27825 463 gi|53 18438 18534
msp 2758 s 255 74.7 1 441 gi|50 27738 27832 625 gi|71 4958 5052
msp 2760 s 363 77.2 1 441 gi|50 27740 27831 593 gi|68 23716 23807
edge 119 s 0 0 167 441
edge 170 s 0 0 625 441
edge 203 s 0 0 593 441
edge 206 s 0 0 131 441
edge 215 p -1 78 441 463
edge 216 p 1 77 441 589
edge 217 s 0 0 441 693
pcp 27641 589
pcp 27738 463
pcp 27825 463
pcp 27870 589
