frag gi|51 20863 26459
img_no 12
edge_no 7
msp 415 s 30330 99.2 -1 434 gi|5 3354 6799 448 gi|51 22813 26181
msp 417 s 475 91.2 -1 434 gi|5 3354 3421 448 gi|51 26393 26459
msp 435 s 16755 99.5 -1 434 gi|5 6888 8745 448 gi|51 20970 22845
msp 2579 s 31109 99.8 -1 393 gi|45 23057 26376 448 gi|51 22856 26175
msp 2581 s 472 93.5 -1 392 gi|45 23057 23118 448 gi|51 26393 26453
msp 2611 s 16396 97.4 -1 394 gi|45 26556 28461 448 gi|51 20863 22788
msp 2676 s 16670 99.7 -1 448 gi|51 21039 22845 577 gi|66 10871 12660
msp 2678 s 48987 99.2 1 448 gi|51 21040 26442 541 gi|62 25426 30802
msp 2680 s 31476 99.1 -1 448 gi|51 22813 26308 577 gi|66 7211 10782
msp 2682 s 1135 95.8 1 448 gi|51 26035 26177 540 gi|62 24538 24675
msp 2684 s 342 90.2 1 448 gi|51 26114 26164 541 gi|62 30753 30802
msp 2688 s 488 93.7 1 448 gi|51 26393 26455 540 gi|62 24612 24675
edge 961 s 0 0 541 448
edge 970 s 0 0 392 448
edge 977 s 0 0 393 448
edge 982 s 0 0 394 448
edge 986 s 0 0 434 448
edge 992 s 0 0 448 540
edge 993 s 0 0 448 577
