frag gi|57 26183 26989
img_no 37
edge_no 7
msp 337 s 330 77.0 1 434 gi|5 2826 3168 506 gi|57 26521 26851
msp 351 s 471 76.2 1 434 gi|5 2851 3261 506 gi|57 26452 26865
msp 411 s 1437 99.3 1 434 gi|5 3202 3356 506 gi|57 26373 26527
msp 1665 p 371 85.0 1 194 gi|29 8330 8449 506 gi|57 26183 26308
msp 1671 p 740 98.8 1 194 gi|29 8462 8542 506 gi|57 26446 26526
msp 1973 s 676 98.7 -1 268 gi|34 24141 24214 506 gi|57 26374 26447
msp 1979 s 705 97.5 -1 268 gi|34 24217 24297 506 gi|57 26806 26886
msp 2479 s 374 71.9 1 392 gi|45 20819 21135 506 gi|57 26530 26872
msp 2481 s 320 72.6 1 392 gi|45 20918 21355 506 gi|57 26382 26839
msp 2483 s 304 70.3 1 392 gi|45 20960 21259 506 gi|57 26589 26926
msp 2487 s 456 76.2 1 392 gi|45 20997 21387 506 gi|57 26385 26779
msp 2489 s 722 81.5 1 392 gi|45 21068 21397 506 gi|57 26627 26977
msp 2493 s 2338 85.5 1 392 gi|45 21113 21657 506 gi|57 26417 26979
msp 2503 s 339 73.0 1 392 gi|45 21332 21694 506 gi|57 26460 26831
msp 2505 s 1610 83.9 1 392 gi|45 21392 21961 506 gi|57 26434 26979
msp 2509 s 390 77.3 1 392 gi|45 21504 22000 506 gi|57 26382 26832
msp 2515 s 376 73.6 1 392 gi|45 21669 21994 506 gi|57 26231 26561
msp 2527 s 618 82.2 1 392 gi|45 22079 22477 506 gi|57 26458 26839
msp 2531 s 291 76.7 1 392 gi|45 22080 22302 506 gi|57 26719 26931
msp 2539 s 371 74.5 1 392 gi|45 22180 22434 506 gi|57 26721 26971
msp 2545 s 307 78.7 1 392 gi|45 22367 22474 506 gi|57 26456 26569
msp 2557 s 455 71.4 1 392 gi|45 22630 23034 506 gi|57 26530 26961
msp 2559 s 419 76.1 1 392 gi|45 22644 23019 506 gi|57 26456 26851
msp 2565 s 285 73.5 1 392 gi|45 22805 23000 506 gi|57 26452 26654
msp 2569 s 341 73.7 1 392 gi|45 22876 23054 506 gi|57 26444 26618
msp 2603 s 317 83.3 1 393 gi|45 26376 26507 506 gi|57 26798 26929
msp 2605 s 317 73.3 1 393 gi|45 26432 26562 506 gi|57 26762 26890
msp 2804 s 293 73.5 -1 506 gi|57 26373 26602 540 gi|62 24692 24932
msp 2806 s 276 72.5 -1 506 gi|57 26446 26961 540 gi|62 24697 25218
msp 2808 s 329 74.9 -1 506 gi|57 26452 26654 540 gi|62 24731 24927
msp 2810 s 340 76.3 -1 506 gi|57 26456 26649 540 gi|62 25111 25305
msp 2812 s 387 75.9 -1 506 gi|57 26498 26961 540 gi|62 24871 25359
msp 2814 s 820 80.2 1 506 gi|57 26524 26700 577 gi|66 12662 12854
msp 2816 s 455 74.0 -1 506 gi|57 26529 26851 540 gi|62 24712 25046
msp 2818 s 344 82.3 -1 506 gi|57 26704 26839 540 gi|62 25181 25326
msp 2820 s 292 74.4 -1 506 gi|57 26795 26989 540 gi|62 25220 25416
msp 2822 s 267 79.5 1 506 gi|57 26813 26924 577 gi|66 12686 12796
edge 973 s 0 0 392 506
edge 978 s 0 0 393 506
edge 989 s 0 0 434 506
edge 999 s 0 0 577 506
edge 1131 p 1 90 194 506
edge 1132 s 0 0 506 268
edge 1133 s 0 0 506 540
pcp 26183 194
pcp 26308 194
pcp 26446 194
pcp 26526 194
