frag gi|67 26880 27036
img_no 6
flimg_no 1
edge_no 5
msp 775 s 384 90.5 -1 747 gi|9 30270 30353 583 gi|67 26891 26977
msp 2775 p 281 85.6 -1 511 gi|58 20987 21111 583 gi|67 26917 27037
msp 2781 p 283 91.3 -1 466 gi|53 29166 29234 583 gi|67 26947 27015
msp 2866 p 563 84.1 1 583 gi|67 26880 27036 642 gi|72 8794 8960
msp 2868 s 461 89.0 1 583 gi|67 26890 26980 614 gi|70 138 225
msp 2870 s 258 78.7 -1 583 gi|67 26905 26979 642 gi|72 8832 8911
edge 404 p 1 84 642 583
edge 588 p -1 91 583 466
edge 589 p -1 85 583 511
edge 590 s 0 0 583 614
edge 591 s 0 0 583 747
pcp 27037 511
pcp 27036 642
pcp 27015 466
pcp 26947 466
pcp 26917 511
pcp 26880 642
