frag gi|68 7500 8238
img_no 11
edge_no 11
msp 505 s 323 75.2 -1 347 gi|4 5552 5861 589 gi|68 7500 7806
msp 1507 s 363 79.0 1 167 gi|26 5806 5962 589 gi|68 7659 7815
msp 1531 p 406 78.5 -1 175 gi|26 38944 39330 589 gi|68 7569 7979
msp 1559 s 359 75.1 -1 131 gi|22 7410 7678 589 gi|68 7623 7890
msp 1763 s 360 80.6 1 278 gi|35 1745 1955 589 gi|68 7594 7811
msp 2725 s 392 72.3 1 487 gi|55 35294 35596 589 gi|68 7533 7836
msp 2733 p 250 77.3 1 424 gi|49 2624 2848 589 gi|68 7664 7888
msp 2753 p 344 77.8 1 441 gi|50 27641 27870 589 gi|68 7636 7868
msp 2926 p 1104 75.3 -1 589 gi|68 7523 8238 698 gi|76 13382 14100
msp 2928 s 387 76.5 1 589 gi|68 7630 7897 625 gi|71 4858 5131
msp 2930 s 265 74.0 1 589 gi|68 7715 7983 600 gi|69 13329 13594
edge 121 s 0 0 167 589
edge 151 s 0 0 487 589
edge 163 s 0 0 600 589
edge 172 s 0 0 625 589
edge 207 s 0 0 131 589
edge 212 s 0 0 278 589
edge 216 p 1 77 441 589
edge 218 p -1 78 589 175
edge 219 s 0 0 589 347
edge 220 p 1 77 589 424
edge 221 p -1 74 589 698
pcp 7523 698
pcp 7569 175
pcp 7636 441
pcp 7664 424
pcp 7868 441
pcp 7888 424
pcp 7979 175
pcp 8238 698
