frag gi|68 23558 24110
img_no 6
edge_no 6
msp 507 s 270 83.3 -1 347 gi|4 5552 5623 593 gi|68 23716 23787
msp 1575 s 284 73.9 -1 131 gi|22 7472 7670 593 gi|68 23608 23805
msp 1587 s 260 72.5 -1 133 gi|22 12734 13250 593 gi|68 23607 24110
msp 2727 s 294 77.4 1 487 gi|55 35337 35628 593 gi|68 23558 23849
msp 2761 s 363 77.2 1 441 gi|50 27740 27831 593 gi|68 23716 23807
msp 2952 s 314 80.0 1 593 gi|68 23712 23841 625 gi|71 4957 5082
edge 114 s 0 0 133 593
edge 152 s 0 0 487 593
edge 173 s 0 0 625 593
edge 201 s 0 0 593 131
edge 202 s 0 0 593 347
edge 203 s 0 0 593 441
