frag gi|68 31521 31768
img_no 12
edge_no 6
msp 21 s 266 83.8 -1 731 gi|8 4063 4161 595 gi|68 31543 31638
msp 23 s 273 93.2 -1 731 gi|8 4082 4125 595 gi|68 31703 31745
msp 33 s 257 81.0 -1 731 gi|8 4132 4226 595 gi|68 31547 31638
msp 2127 p 379 82.7 -1 301 gi|36 5954 6063 595 gi|68 31548 31653
msp 2365 p 257 84.8 -1 381 gi|44 20549 20594 595 gi|68 31581 31627
msp 2371 s 281 76.5 -1 382 gi|44 21568 21648 595 gi|68 31543 31621
msp 2373 s 267 76.3 -1 382 gi|44 21568 21761 595 gi|68 31556 31745
msp 2383 s 333 81.2 -1 382 gi|44 21637 21700 595 gi|68 31556 31622
msp 2385 s 283 79.0 -1 382 gi|44 21637 21812 595 gi|68 31566 31746
msp 2873 p 314 83.9 1 544 gi|63 3878 3964 595 gi|68 31521 31602
msp 2954 s 333 81.7 1 595 gi|68 31563 31622 681 gi|75 15997 16056
msp 2956 s 295 83.3 1 595 gi|68 31703 31768 681 gi|75 16013 16082
edge 811 p -1 82 301 595
edge 815 s 0 0 382 595
edge 824 s 0 0 681 595
edge 828 s 0 0 731 595
edge 1279 p -1 84 381 595
edge 1280 p 1 82 595 544
pcp 31653 301
pcp 31627 381
pcp 31602 544
pcp 31581 381
pcp 31548 301
pcp 31521 544
