frag gi|7 4837 5067
img_no 6
edge_no 6
msp 142 s 266 73.7 1 611 gi|7 4837 5030 488 gi|55 36180 36377
msp 144 s 321 72.8 -1 611 gi|7 4846 5029 657 gi|73 29437 29623
msp 146 s 334 84.7 1 611 gi|7 4846 5035 278 gi|35 1781 1963
msp 148 s 273 75.8 -1 611 gi|7 4848 5029 379 gi|43 39750 39934
msp 150 s 261 79.5 1 611 gi|7 4910 5026 397 gi|45 34033 34143
msp 152 p 291 73.6 -1 611 gi|7 4939 5067 693 gi|76 9946 10071
edge 140 s 0 0 397 611
edge 184 s 0 0 657 611
edge 188 s 0 0 379 611
edge 199 s 0 0 488 611
edge 213 s 0 0 278 611
edge 231 p -1 73 611 693
pcp 5067 693
pcp 4939 693
