frag gi|70 1593 3148
img_no 11
edge_no 11
msp 45 s 11944 98.0 -1 735 gi|8 18244 19784 615 gi|70 1660 3148
msp 243 s 12062 99.5 1 96 gi|2 6265 7608 615 gi|70 1648 2992
msp 569 s 11966 97.8 1 518 gi|6 7164 8590 615 gi|70 1667 3109
msp 1041 s 12055 100.0 -1 27 gi|11 7975 9298 615 gi|70 1668 2991
msp 1431 s 11985 98.4 -1 121 gi|20 37579 39005 615 gi|70 1641 3068
msp 1703 s 12032 99.2 1 190 gi|28 5649 7055 615 gi|70 1597 2992
msp 2167 s 11996 98.7 1 306 gi|36 27952 29380 615 gi|70 1593 3036
msp 2785 s 12073 99.9 1 513 gi|59 7739 9066 615 gi|70 1664 2991
msp 2789 s 12032 99.1 -1 514 gi|59 10916 12317 615 gi|70 1666 3046
msp 2899 s 12064 99.5 1 555 gi|64 3395 4766 615 gi|70 1638 2997
msp 2904 s 12004 98.7 1 615 gi|70 1593 2997 640 gi|72 250 1654
edge 603 s 0 0 27 615
edge 613 s 0 0 96 615
edge 622 s 0 0 121 615
edge 630 s 0 0 190 615
edge 637 s 0 0 306 615
edge 642 s 0 0 513 615
edge 647 s 0 0 514 615
edge 652 s 0 0 518 615
edge 655 s 0 0 555 615
edge 658 s 0 0 615 640
edge 659 s 0 0 615 735
