frag gi|15 19180 19556
img_no 28
edge_no 20
msp 185 s 512 96.2 1 612 gi|7 32992 33070 62 gi|15 19199 19274
msp 227 s 311 74.0 1 612 gi|7 33160 33305 62 gi|15 19284 19432
msp 601 s 335 83.0 1 520 gi|6 15478 15536 62 gi|15 19304 19362
msp 627 p 369 76.7 -1 743 gi|9 10352 10484 62 gi|15 19273 19407
msp 731 p 499 98.2 -1 743 gi|9 10716 10771 62 gi|15 19200 19255
msp 913 s 485 98.1 1 39 gi|12 5693 5745 62 gi|15 19203 19255
msp 935 s 896 93.8 1 39 gi|12 5800 5911 62 gi|15 19254 19365
msp 993 s 445 82.4 -1 44 gi|12 21777 21850 62 gi|15 19289 19362
msp 1091 s 556 83.9 1 32 gi|11 28116 28264 62 gi|15 19201 19365
msp 1132 s 490 91.6 1 62 gi|15 19173 19255 237 gi|31 33937 34021
msp 1134 p 302 88.2 -1 62 gi|15 19180 19255 308 gi|36 30502 30576
msp 1136 s 1415 95.1 1 62 gi|15 19186 19369 643 gi|72 8969 9152
msp 1138 p 494 96.7 1 62 gi|15 19196 19255 358 gi|40 8891 8953
msp 1140 s 494 98.3 1 62 gi|15 19198 19255 656 gi|73 27404 27462
msp 1142 s 476 98.1 1 62 gi|15 19203 19255 648 gi|72 34842 34894
msp 1144 s 518 83.9 1 62 gi|15 19203 19563 635 gi|71 26393 26728
msp 1146 s 653 89.8 1 62 gi|15 19214 19360 254 gi|33 11610 11799
msp 1148 s 490 89.6 1 62 gi|15 19262 19338 673 gi|75 103 175
msp 1150 s 969 98.4 1 62 gi|15 19264 19386 656 gi|73 27573 27708
msp 1152 s 876 91.7 -1 62 gi|15 19264 19407 590 gi|68 11382 11534
msp 1154 p 915 93.7 1 62 gi|15 19264 19452 358 gi|40 9123 9331
msp 1156 s 810 95.9 1 62 gi|15 19264 19361 648 gi|72 35006 35103
msp 1158 s 430 86.7 1 62 gi|15 19264 19338 642 gi|72 8751 8822
msp 1160 p 534 82.9 1 62 gi|15 19265 19556 286 gi|35 9342 9636
msp 1162 s 376 85.4 -1 62 gi|15 19266 19354 763 gi|36 24839 24924
msp 1164 s 428 75.8 1 62 gi|15 19267 19365 656 gi|73 27844 27940
msp 1166 p 562 84.0 -1 62 gi|15 19267 19385 308 gi|36 30209 30334
msp 1168 s 549 92.9 -1 62 gi|15 19302 19386 623 gi|70 40096 40178
edge 292 s 0 0 254 62
edge 329 s 0 0 590 62
edge 353 s 0 0 612 62
edge 374 s 0 0 635 62
edge 393 s 0 0 642 62
edge 411 s 0 0 32 62
edge 426 s 0 0 39 62
edge 447 s 0 0 44 62
edge 458 s 0 0 62 237
edge 459 p 1 82 62 286
edge 461 p -1 85 62 308
edge 462 p 1 93 62 358
edge 463 s 0 0 62 520
edge 464 s 0 0 62 623
edge 465 s 0 0 62 643
edge 466 s 0 0 62 648
edge 467 s 0 0 62 656
edge 468 s 0 0 62 673
edge 469 p -1 82 62 743
edge 765 s 0 0 763 62
pcp 19556 286
pcp 19452 358
pcp 19407 743
pcp 19385 308
pcp 19273 743
pcp 19267 308
pcp 19265 286
pcp 19264 358
pcp 19255 308
pcp 19255 358
pcp 19255 743
pcp 19200 743
pcp 19196 358
pcp 19180 308
