frag gi|71 4728 6079
img_no 17
flimg_no 1
edge_no 17
msp 317 s 342 71.3 1 108 gi|2 28526 28675 625 gi|71 4937 5086
msp 867 s 507 73.0 -1 23 gi|10 37465 37913 625 gi|71 4760 5208
msp 1509 s 383 75.6 1 167 gi|26 5832 6425 625 gi|71 4901 5474
msp 1547 s 330 80.3 -1 130 gi|22 6323 6515 625 gi|71 4943 5139
msp 1563 s 365 74.7 -1 131 gi|22 7426 7579 625 gi|71 4942 5092
msp 2327 s 264 74.5 -1 367 gi|42 5490 5936 625 gi|71 4933 5397
msp 2461 p 1754 76.0 1 389 gi|45 15087 16396 625 gi|71 4728 6079
msp 2723 s 424 70.5 1 487 gi|55 35289 35627 625 gi|71 4757 5089
msp 2741 s 271 78.2 -1 426 gi|49 17724 17801 625 gi|71 4954 5031
msp 2759 s 255 74.7 1 441 gi|50 27738 27832 625 gi|71 4958 5052
msp 2875 p 262 86.7 1 545 gi|63 12528 12632 625 gi|71 5230 5341
msp 2929 s 387 76.5 1 589 gi|68 7630 7897 625 gi|71 4858 5131
msp 2953 s 314 80.0 1 593 gi|68 23712 23841 625 gi|71 4957 5082
msp 2963 s 406 74.8 1 600 gi|69 13329 13785 625 gi|71 4940 5400
msp 3002 s 369 72.2 -1 625 gi|71 4855 5390 657 gi|73 29092 29627
msp 3004 s 356 73.5 1 625 gi|71 4942 5073 645 gi|72 22678 22809
msp 3006 s 255 81.0 -1 625 gi|71 4955 5038 693 gi|76 9985 10068
edge 92 s 0 0 23 625
edge 107 s 0 0 130 625
edge 123 s 0 0 167 625
edge 133 p 1 76 389 625
edge 153 s 0 0 487 625
edge 164 s 0 0 600 625
edge 166 s 0 0 625 108
edge 167 s 0 0 625 131
edge 168 s 0 0 625 367
edge 169 s 0 0 625 426
edge 170 s 0 0 625 441
edge 171 p 1 86 625 545
edge 172 s 0 0 625 589
edge 173 s 0 0 625 593
edge 174 s 0 0 625 645
edge 175 s 0 0 625 657
edge 176 s 0 0 625 693
pcp 6079 389
pcp 5341 545
pcp 5230 545
pcp 4728 389
