frag gi|71 24435 25137
img_no 5
edge_no 5
msp 311 s 330 75.7 1 108 gi|2 28402 28627 634 gi|71 24502 24721
msp 873 s 274 82.1 -1 23 gi|10 37627 37738 634 gi|71 24614 24726
msp 1689 p 294 76.6 -1 200 gi|29 15764 16045 634 gi|71 24435 24715
msp 2621 p 1055 72.1 1 397 gi|45 33878 34555 634 gi|71 24460 25137
msp 2737 s 676 71.9 -1 425 gi|49 13680 13985 634 gi|71 24497 24802
edge 93 s 0 0 23 634
edge 142 p 1 72 397 634
edge 177 s 0 0 634 108
edge 178 p -1 76 634 200
edge 179 s 0 0 634 425
pcp 24435 200
pcp 24460 397
pcp 24715 200
pcp 25137 397
