frag gi|15 23711 23908
img_no 7
edge_no 7
msp 157 s 428 77.6 1 612 gi|7 32853 32995 64 gi|15 23711 23849
msp 1172 s 788 85.9 -1 64 gi|15 23732 23887 590 gi|68 11599 11754
msp 1174 s 854 85.9 1 64 gi|15 23732 23887 254 gi|33 11493 11648
msp 1176 s 655 81.7 -1 64 gi|15 23736 23888 304 gi|36 25214 25366
msp 1178 s 684 81.3 -1 64 gi|15 23738 23908 317 gi|37 11609 11791
msp 1180 s 283 78.2 1 64 gi|15 23742 23819 296 gi|35 33380 33457
msp 1182 s 549 86.7 1 64 gi|15 23781 23885 656 gi|73 27675 27775
edge 293 s 0 0 254 64
edge 318 s 0 0 304 64
edge 330 s 0 0 590 64
edge 354 s 0 0 612 64
edge 470 s 0 0 64 296
edge 471 s 0 0 64 317
edge 472 s 0 0 64 656
