frag gi|72 250 1730
img_no 11
edge_no 11
msp 47 p 11978 97.9 -1 735 gi|8 18357 19841 640 gi|72 261 1730
msp 247 s 12028 99.1 1 96 gi|2 6282 7689 640 gi|72 322 1734
msp 561 s 12058 99.3 1 518 gi|6 7150 8508 640 gi|72 313 1670
msp 1033 p 12042 99.0 -1 27 gi|11 7917 9302 640 gi|72 320 1710
msp 1435 s 12043 99.8 -1 121 gi|20 37654 38989 640 gi|72 320 1654
msp 1705 s 12016 99.3 1 190 gi|28 5692 7061 640 gi|72 273 1657
msp 2175 s 12031 99.8 1 306 gi|36 28009 29333 640 gi|72 323 1647
msp 2783 s 12061 99.9 1 513 gi|59 7738 9068 640 gi|72 320 1649
msp 2793 s 12052 99.9 -1 514 gi|59 10992 12316 640 gi|72 323 1647
msp 2901 s 12063 99.3 1 555 gi|64 3433 4806 640 gi|72 321 1687
msp 2905 s 12004 98.7 1 615 gi|70 1593 2997 640 gi|72 250 1654
edge 604 p -1 98 27 640
edge 614 s 0 0 96 640
edge 623 s 0 0 121 640
edge 631 s 0 0 190 640
edge 638 s 0 0 306 640
edge 643 s 0 0 513 640
edge 648 s 0 0 514 640
edge 653 s 0 0 518 640
edge 656 s 0 0 555 640
edge 658 s 0 0 615 640
edge 660 p -1 96 640 735
pcp 261 735
pcp 320 27
pcp 1710 27
pcp 1730 735
