frag gi|72 8571 8960
img_no 37
edge_no 25
msp 163 s 261 86.4 1 612 gi|7 32874 32932 642 gi|72 8607 8661
msp 217 s 708 82.5 1 612 gi|7 33085 33221 642 gi|72 8678 8829
msp 649 s 751 84.8 -1 743 gi|9 10419 10569 642 gi|72 8673 8822
msp 665 s 572 85.8 -1 743 gi|9 10517 10622 642 gi|72 8678 8786
msp 689 s 300 82.0 -1 743 gi|9 10573 10683 642 gi|72 8673 8786
msp 707 s 525 90.0 -1 743 gi|9 10624 10723 642 gi|72 8690 8784
msp 779 s 336 85.3 -1 747 gi|9 30277 30351 642 gi|72 8808 8886
msp 925 s 496 89.8 1 39 gi|12 5738 5884 642 gi|72 8690 8822
msp 1003 s 258 81.6 -1 44 gi|12 21802 21850 642 gi|72 8773 8821
msp 1021 s 252 78.2 1 26 gi|11 7327 7381 642 gi|72 8607 8661
msp 1159 s 430 86.7 1 62 gi|15 19264 19338 642 gi|72 8751 8822
msp 1229 s 519 80.0 1 69 gi|15 33504 33638 642 gi|72 8690 8822
msp 1301 p 354 88.2 1 92 gi|19 18434 18484 642 gi|72 8696 8746
msp 1623 p 261 91.2 1 155 gi|24 30146 30179 642 gi|72 8696 8729
msp 1797 s 404 89.8 1 280 gi|35 5969 6027 642 gi|72 8691 8750
msp 1809 s 392 81.5 1 285 gi|35 9184 9442 642 gi|72 8643 8911
msp 1833 s 443 81.8 1 285 gi|35 9261 9419 642 gi|72 8669 8826
msp 2037 s 342 79.3 1 254 gi|33 11490 11571 642 gi|72 8604 8684
msp 2043 s 741 82.9 1 254 gi|33 11567 11811 642 gi|72 8587 8865
msp 2153 s 291 85.0 -1 763 gi|36 24865 24924 642 gi|72 8753 8810
msp 2161 s 385 80.8 -1 304 gi|36 25291 25394 642 gi|72 8575 8684
msp 2193 s 696 82.4 -1 308 gi|36 30255 30413 642 gi|72 8673 8830
msp 2203 s 461 97.4 -1 308 gi|36 30394 30469 642 gi|72 8673 8750
msp 2209 s 503 83.3 -1 308 gi|36 30414 30539 642 gi|72 8652 8788
msp 2261 s 308 79.8 -1 317 gi|37 11718 11831 642 gi|72 8571 8684
msp 2291 s 579 94.5 1 358 gi|40 8991 9063 642 gi|72 8678 8750
msp 2295 s 730 84.0 1 358 gi|40 9035 9197 642 gi|72 8658 8822
msp 2867 p 563 84.1 1 583 gi|67 26880 27036 642 gi|72 8794 8960
msp 2871 s 258 78.7 -1 583 gi|67 26905 26979 642 gi|72 8832 8911
msp 2879 p 354 88.2 1 549 gi|63 29888 29938 642 gi|72 8696 8746
msp 2903 s 407 87.5 1 614 gi|70 163 242 642 gi|72 8834 8914
msp 2943 s 590 82.2 -1 590 gi|68 11460 11594 642 gi|72 8690 8822
msp 2949 s 327 81.8 -1 590 gi|68 11676 11752 642 gi|72 8609 8684
msp 2972 s 783 84.6 1 642 gi|72 8678 8820 656 gi|73 27771 27911
msp 2974 s 712 83.5 1 642 gi|72 8678 8822 656 gi|73 27500 27647
msp 2976 s 267 82.2 1 642 gi|72 8751 8823 673 gi|75 105 176
msp 3011 s 290 83.7 1 635 gi|71 26344 26392 642 gi|72 8612 8660
edge 288 s 0 0 26 642
edge 311 s 0 0 254 642
edge 324 s 0 0 304 642
edge 343 s 0 0 590 642
edge 366 s 0 0 612 642
edge 385 s 0 0 635 642
edge 391 s 0 0 642 39
edge 392 s 0 0 642 44
edge 393 s 0 0 642 62
edge 394 s 0 0 642 69
edge 395 p 1 88 642 92
edge 396 p 1 91 642 155
edge 397 s 0 0 642 280
edge 398 s 0 0 642 285
edge 400 s 0 0 642 308
edge 401 s 0 0 642 317
edge 402 s 0 0 642 358
edge 403 p 1 88 642 549
edge 404 p 1 84 642 583
edge 405 s 0 0 642 614
edge 406 s 0 0 642 656
edge 407 s 0 0 642 673
edge 408 s 0 0 642 743
edge 409 s 0 0 642 747
edge 775 s 0 0 763 642
pcp 8960 583
pcp 8794 583
pcp 8746 92
pcp 8746 549
pcp 8729 155
pcp 8696 92
pcp 8696 155
pcp 8696 549
