frag gi|15 24660 26423
img_no 7
edge_no 7
msp 869 s 407 74.7 1 23 gi|10 37595 37811 65 gi|15 25156 25372
msp 1184 s 371 75.3 -1 65 gi|15 24660 25420 600 gi|69 13203 13962
msp 1186 p 2619 74.3 1 65 gi|15 24737 26423 430 gi|49 30004 31684
msp 1188 s 351 74.5 1 65 gi|15 24819 25421 379 gi|43 39387 39982
msp 1190 s 351 79.5 1 65 gi|15 25175 25393 132 gi|22 12067 12289
msp 1192 s 266 73.2 1 65 gi|15 25181 25426 130 gi|22 6408 6656
msp 1194 s 270 76.3 -1 65 gi|15 25226 25423 594 gi|68 24348 24542
edge 81 s 0 0 23 65
edge 95 s 0 0 65 130
edge 96 s 0 0 65 132
edge 97 s 0 0 65 379
edge 98 p 1 74 65 430
edge 99 s 0 0 65 594
edge 100 s 0 0 65 600
pcp 24737 430
pcp 26423 430
