frag gi|73 31589 33031
img_no 7
edge_no 6
msp 1479 p 330 72.6 1 162 gi|25 23628 24152 659 gi|73 31718 32254
msp 1647 p 290 79.8 1 243 gi|32 4164 4252 659 gi|73 32164 32252
msp 1649 p 290 68.3 1 245 gi|32 35752 35890 659 gi|73 31736 31879
msp 1755 s 447 98.0 -1 231 gi|30 32018 32068 659 gi|73 32947 32997
msp 2313 s 344 71.7 1 324 gi|38 13929 14557 659 gi|73 31589 32270
msp 2315 s 1282 77.2 1 324 gi|38 14925 15301 659 gi|73 32644 33031
msp 2863 s 860 75.8 -1 570 gi|65 22936 24235 659 gi|73 31690 32997
edge 1091 p 1 72 162 659
edge 1092 s 0 0 659 231
edge 1093 p 1 79 659 243
edge 1094 p 1 68 659 245
edge 1095 s 0 0 659 324
edge 1096 s 0 0 659 570
pcp 32254 162
pcp 32252 243
pcp 32164 243
pcp 31879 245
pcp 31736 245
pcp 31718 162
