frag gi|75 3416 3525
img_no 6
flimg_no 1
edge_no 6
msp 1057 s 258 81.0 -1 30 gi|11 16302 16380 674 gi|75 3416 3499
msp 1277 s 341 87.3 -1 56 gi|14 13028 13106 674 gi|75 3416 3499
msp 2015 s 289 82.3 1 251 gi|33 1489 1573 674 gi|75 3430 3517
msp 2631 s 268 86.9 1 405 gi|47 26929 27012 674 gi|75 3433 3511
msp 2849 p 296 79.3 1 754 gi|61 14043 14125 674 gi|75 3415 3497
msp 2915 p 316 82.1 -1 757 gi|73 17290 17393 674 gi|75 3417 3525
edge 672 s 0 0 30 674
edge 678 s 0 0 56 674
edge 684 s 0 0 251 674
edge 689 s 0 0 405 674
edge 708 p 1 79 754 674
edge 722 p -1 82 757 674
pcp 3415 754
pcp 3417 757
pcp 3497 754
pcp 3525 757
