frag gi|76 13382 14149
img_no 9
edge_no 9
msp 309 s 413 74.7 -1 108 gi|2 28399 28694 698 gi|76 13737 14041
msp 497 s 434 73.2 1 347 gi|4 5204 5800 698 gi|76 13457 14065
msp 1503 s 360 76.2 -1 167 gi|26 5784 6417 698 gi|76 13390 13984
msp 1533 s 363 72.3 1 175 gi|26 39085 39333 698 gi|76 13802 14047
msp 1561 s 472 74.4 1 131 gi|22 7425 7670 698 gi|76 13749 13996
msp 1761 s 469 81.6 -1 278 gi|35 1734 1956 698 gi|76 13811 14036
msp 2329 s 514 73.5 1 367 gi|42 5497 6160 698 gi|76 13464 14149
msp 2919 s 316 73.9 1 657 gi|73 29439 29626 698 gi|76 13808 13995
msp 2927 p 1104 75.3 -1 589 gi|68 7523 8238 698 gi|76 13382 14100
edge 125 s 0 0 167 698
edge 185 s 0 0 657 698
edge 194 s 0 0 108 698
edge 208 s 0 0 131 698
edge 214 s 0 0 278 698
edge 221 p -1 74 589 698
edge 222 s 0 0 698 175
edge 223 s 0 0 698 347
edge 224 s 0 0 698 367
pcp 14100 589
pcp 13382 589
