frag gi|8 4017 4255
img_no 17
flimg_no 1
edge_no 7
msp 0 p 587 81.6 1 731 gi|8 4017 4255 382 gi|44 21642 21861
msp 2 s 414 80.0 1 731 gi|8 4017 4156 382 gi|44 21700 21835
msp 4 s 360 83.3 -1 731 gi|8 4017 4148 681 gi|75 15932 16051
msp 6 s 709 82.4 1 731 gi|8 4023 4215 382 gi|44 21578 21761
msp 8 s 366 80.7 1 731 gi|8 4023 4172 39 gi|12 5952 6099
msp 10 p 333 84.7 -1 731 gi|8 4041 4223 524 gi|60 14603 14782
msp 12 s 523 83.2 -1 731 gi|8 4048 4225 681 gi|75 15924 16087
msp 14 s 289 74.6 -1 731 gi|8 4058 4171 627 gi|71 11035 11148
msp 16 s 282 82.6 1 731 gi|8 4062 4147 301 gi|36 5971 6055
msp 18 s 488 78.4 1 731 gi|8 4063 4215 382 gi|44 21548 21700
msp 20 s 266 83.8 -1 731 gi|8 4063 4161 595 gi|68 31543 31638
msp 22 s 273 93.2 -1 731 gi|8 4082 4125 595 gi|68 31703 31745
msp 24 s 487 80.8 1 731 gi|8 4089 4244 39 gi|12 5949 6102
msp 26 s 379 91.1 -1 731 gi|8 4110 4165 524 gi|60 14726 14782
msp 28 s 366 85.4 -1 731 gi|8 4119 4214 681 gi|75 15991 16086
msp 30 s 279 81.0 1 731 gi|8 4131 4225 301 gi|36 5971 6063
msp 32 s 257 81.0 -1 731 gi|8 4132 4226 595 gi|68 31547 31638
edge 444 s 0 0 39 731
edge 813 s 0 0 301 731
edge 819 p 1 81 382 731
edge 820 p -1 84 524 731
edge 827 s 0 0 681 731
edge 828 s 0 0 731 595
edge 829 s 0 0 731 627
pcp 4017 382
pcp 4041 524
pcp 4223 524
pcp 4255 382
