frag gi|61 14045 14125
img_no 9
flimg_no 7
edge_no 9
msp 1053 p 491 90.4 -1 30 gi|11 16304 16383 754 gi|61 14043 14125
msp 1271 p 473 95.3 -1 56 gi|14 13027 13105 754 gi|61 14047 14125
msp 1597 p 257 85.1 -1 135 gi|22 30783 30856 754 gi|61 14045 14125
msp 2021 s 357 84.2 1 251 gi|33 1490 1556 754 gi|61 14058 14125
msp 2337 p 241 80.7 1 759 gi|42 15971 16049 754 gi|61 14043 14125
msp 2633 s 464 96.2 1 405 gi|47 26929 26996 754 gi|61 14060 14125
msp 2848 p 296 79.3 1 754 gi|61 14043 14125 674 gi|75 3415 3497
msp 2852 p 390 88.6 1 754 gi|61 14050 14125 756 gi|71 37131 37205
msp 3020 p 387 90.0 -1 754 gi|61 14044 14125 757 gi|73 17304 17397
edge 700 p -1 90 754 30
edge 701 p -1 95 754 56
edge 702 p -1 85 754 135
edge 703 s 0 0 754 251
edge 705 s 0 0 754 405
edge 708 p 1 79 754 674
edge 715 p 1 88 756 754
edge 723 p -1 90 757 754
edge 727 p 1 80 759 754
pcp 14043 759
pcp 14043 674
pcp 14043 30
pcp 14044 757
pcp 14045 135
pcp 14047 56
pcp 14050 756
pcp 14125 759
pcp 14125 757
pcp 14125 756
pcp 14125 674
pcp 14125 135
pcp 14125 56
pcp 14125 30
