frag gi|73 17295 17395
img_no 8
flimg_no 2
edge_no 8
msp 1051 s 443 89.7 1 30 gi|11 16295 16381 757 gi|73 17311 17395
msp 1275 s 452 91.0 1 56 gi|14 13028 13105 757 gi|73 17315 17393
msp 2017 s 359 85.1 -1 251 gi|33 1490 1563 757 gi|73 17310 17382
msp 2339 p 238 83.1 -1 759 gi|42 15972 16049 757 gi|73 17317 17397
msp 2914 p 316 82.1 -1 757 gi|73 17290 17393 674 gi|75 3417 3525
msp 3019 p 247 84.6 -1 756 gi|71 37131 37221 757 gi|73 17296 17392
msp 3021 p 387 90.0 -1 754 gi|61 14044 14125 757 gi|73 17304 17397
msp 3023 p 148 84.6 -1 405 gi|47 26903 27027 757 gi|73 17292 17397
edge 717 s 0 0 757 30
edge 718 s 0 0 757 56
edge 719 s 0 0 757 251
edge 721 p -1 84 757 405
edge 722 p -1 82 757 674
edge 723 p -1 90 757 754
edge 724 p -1 84 757 756
edge 728 p -1 83 759 757
pcp 17290 674
pcp 17292 405
pcp 17296 756
pcp 17304 754
pcp 17317 759
pcp 17392 756
pcp 17393 674
pcp 17397 759
pcp 17397 754
pcp 17397 405
