frag gi|72 3192 3334
img_no 6
flimg_no 3
edge_no 6
msp 285 s 330 90.7 1 103 gi|2 18860 18913 760 gi|72 3197 3250
msp 885 p 414 84.2 -1 50 gi|13 38762 38853 760 gi|72 3190 3283
msp 1613 p 332 88.2 -1 152 gi|24 24369 24470 760 gi|72 3194 3334
msp 1629 p 365 85.0 -1 156 gi|24 30327 30430 760 gi|72 3194 3337
msp 2843 s 414 91.4 1 541 gi|62 30800 30857 760 gi|72 3191 3248
msp 3025 p 196 78.2 -1 763 gi|36 24739 24857 760 gi|72 3191 3332
edge 756 p -1 84 760 50
edge 757 s 0 0 760 103
edge 758 p -1 88 760 152
edge 759 p -1 85 760 156
edge 761 s 0 0 760 541
edge 779 p -1 78 763 760
pcp 3337 156
pcp 3334 152
pcp 3332 763
pcp 3283 50
pcp 3194 152
pcp 3194 156
pcp 3191 763
pcp 3190 50
