frag gi|36 24741 24924
img_no 18
edge_no 18
msp 283 p 268 86.7 -1 103 gi|2 18860 18949 763 gi|36 24744 24851
msp 887 s 295 82.3 1 50 gi|13 38783 38850 763 gi|36 24786 24854
msp 939 s 352 85.4 -1 39 gi|12 5819 5900 763 gi|36 24839 24917
msp 1005 s 263 85.0 1 44 gi|12 21811 21850 763 gi|36 24863 24902
msp 1163 s 376 85.4 -1 62 gi|15 19266 19354 763 gi|36 24839 24924
msp 1243 s 337 84.3 -1 69 gi|15 33572 33654 763 gi|36 24839 24918
msp 1617 s 335 91.4 1 152 gi|24 24413 24470 763 gi|36 24795 24854
msp 1633 s 317 83.0 1 156 gi|24 30373 30490 763 gi|36 24795 24907
msp 1851 s 303 80.3 -1 285 gi|35 9343 9408 763 gi|36 24860 24924
msp 2069 s 305 80.6 -1 254 gi|33 11713 11810 763 gi|36 24817 24914
msp 2140 s 274 79.9 -1 763 gi|36 24776 24924 656 gi|73 27575 27727
msp 2142 s 389 87.6 -1 763 gi|36 24797 24885 541 gi|62 30773 30859
msp 2144 s 322 82.6 -1 763 gi|36 24839 24924 648 gi|72 35008 35096
msp 2146 s 289 82.6 -1 763 gi|36 24839 24924 643 gi|72 9049 9137
msp 2148 s 352 84.9 -1 763 gi|36 24839 24924 358 gi|40 9125 9213
msp 2150 s 311 82.6 1 763 gi|36 24839 24924 590 gi|68 11444 11532
msp 2152 s 291 85.0 -1 763 gi|36 24865 24924 642 gi|72 8753 8810
msp 3024 p 196 78.2 -1 763 gi|36 24739 24857 760 gi|72 3191 3332
edge 762 s 0 0 763 39
edge 763 s 0 0 763 44
edge 764 s 0 0 763 50
edge 765 s 0 0 763 62
edge 766 s 0 0 763 69
edge 767 p -1 86 763 103
edge 768 s 0 0 763 152
edge 769 s 0 0 763 156
edge 770 s 0 0 763 254
edge 771 s 0 0 763 285
edge 772 s 0 0 763 358
edge 773 s 0 0 763 541
edge 774 s 0 0 763 590
edge 775 s 0 0 763 642
edge 776 s 0 0 763 643
edge 777 s 0 0 763 648
edge 778 s 0 0 763 656
edge 779 p -1 78 763 760
pcp 24739 760
pcp 24744 103
pcp 24851 103
pcp 24857 760
