frag gi|6 11986 12231
img_no 5
flimg_no 1
edge_no 5
msp 576 s 245 78.3 -1 774 gi|6 11986 12128 124 gi|21 27111 27251
msp 578 p 299 81.8 -1 774 gi|6 11986 12231 773 gi|46 16133 16363
msp 580 s 313 84.7 1 774 gi|6 11987 12149 652 gi|73 11523 11657
msp 582 p 282 82.2 -1 774 gi|6 11987 12121 602 gi|69 19268 19397
msp 584 s 374 80.9 -1 774 gi|6 12018 12153 82 gi|18 11979 12115
edge 917 s 0 0 774 82
edge 918 s 0 0 774 124
edge 919 p -1 82 774 602
edge 920 s 0 0 774 652
edge 921 p -1 81 774 773
pcp 12231 773
pcp 12121 602
pcp 11987 602
pcp 11986 773
