frag gi|32 37199 37563
img_no 5
flimg_no 1
edge_no 5
msp 1403 p 1907 88.2 1 117 gi|20 34333 34697 775 gi|32 37219 37563
msp 1481 p 266 80.0 1 163 gi|25 24347 24416 775 gi|32 37494 37563
msp 1650 p 1569 82.1 1 775 gi|32 37199 37564 497 gi|57 2032 2399
msp 1652 p 1054 85.2 -1 775 gi|32 37276 37564 776 gi|57 25091 25365
msp 1654 p 321 83.5 1 775 gi|32 37485 37562 777 gi|75 19233 19314
edge 1033 p 1 88 775 117
edge 1034 p 1 80 775 163
edge 1035 p 1 82 775 497
edge 1040 p -1 85 776 775
edge 1043 p 1 83 777 775
pcp 37199 497
pcp 37219 117
pcp 37276 776
pcp 37485 777
pcp 37494 163
pcp 37562 777
pcp 37563 163
pcp 37563 117
pcp 37564 776
pcp 37564 497
