frag gi|19 18434 18484
img_no 13
flimg_no 13
edge_no 10
msp 225 p 325 86.3 1 612 gi|7 33103 33153 92 gi|19 18434 18484
msp 663 s 283 80.0 -1 743 gi|9 10498 10547 92 gi|19 18435 18484
msp 687 s 305 82.3 -1 743 gi|9 10554 10604 92 gi|19 18434 18484
msp 725 p 319 84.3 -1 743 gi|9 10668 10718 92 gi|19 18434 18484
msp 1294 p 354 88.2 1 92 gi|19 18434 18484 254 gi|33 11658 11708
msp 1296 p 478 100.0 1 92 gi|19 18434 18484 280 gi|35 5973 6023
msp 1298 p 478 100.0 1 92 gi|19 18434 18484 549 gi|63 29888 29938
msp 1300 p 354 88.2 1 92 gi|19 18434 18484 642 gi|72 8696 8746
msp 1302 s 325 84.3 -1 92 gi|19 18434 18484 308 gi|36 30454 30504
msp 1304 p 304 84.3 1 92 gi|19 18434 18484 358 gi|40 9009 9059
msp 1306 p 261 84.0 1 92 gi|19 18435 18484 285 gi|35 9229 9278
msp 1308 p 344 88.0 -1 92 gi|19 18435 18484 308 gi|36 30398 30447
msp 1310 p 318 90.0 1 92 gi|19 18435 18484 656 gi|73 27788 27837
edge 295 p 1 88 254 92
edge 356 p 1 86 612 92
edge 395 p 1 88 642 92
edge 487 p 1 100 92 280
edge 488 p 1 84 92 285
edge 489 p -1 88 92 308
edge 490 p 1 84 92 358
edge 491 p 1 100 92 549
edge 492 p 1 90 92 656
edge 493 p -1 84 92 743
pcp 18434 743
pcp 18434 549
pcp 18434 358
pcp 18434 280
pcp 18434 642
pcp 18434 612
pcp 18434 254
pcp 18435 656
pcp 18435 308
pcp 18435 285
pcp 18484 743
pcp 18484 656
pcp 18484 549
pcp 18484 358
pcp 18484 308
pcp 18484 285
pcp 18484 280
pcp 18484 642
pcp 18484 612
pcp 18484 254
