#  fam    ele   dir  sequence    start     end
     1      1  1       gi|1      422      791 
     2      2  1       gi|1    22703    23506 
     2    102  1       gi|2    15608    16420 
     3      3  1       gi|1    23779    24705 
     3     90 -1      gi|19     3060     3986 
     4      4  1       gi|1    30184    31615 
     4    553  1      gi|63    35700    37138 
     5      5  1       gi|1    32381    33763 
     5    729  1      gi|79    35276    36670 
     5    364 -1      gi|41    24987    25036 
     6      6  1       gi|1    34903    35138 
     6    259 -1      gi|33    25424    25688 
     7      7  1       gi|1    37355    38656 
     7    172 -1      gi|26    34375    35734 
     7    320  1      gi|37    29010    30007 
     7     36  1      gi|12      211     1573 
     8      8  1      gi|10      764      966 
     8    248  1      gi|32    39830    40177 
     8      9  1      gi|10     1749     1951 
     8     10  1      gi|10     3158     3375 
     8     11  1      gi|10     4435     4662 
     8     14  1      gi|10     7764     7969 
     8     15  1      gi|10     8816     9047 
     8     16  1      gi|10     9898    10108 
     8     19  1      gi|10    13544    14198 
     8    498 -1      gi|57     2249     2726 
     9     12  1      gi|10     5529     5815 
    10     13  1      gi|10     6596     6931 
    11     17  1      gi|10    10874    12658 
    11    500 -1      gi|57     3594     5384 
    12     18  1      gi|10    13027    13398 
    12    499 -1      gi|57     2991     3795 
    12    272  1      gi|34    34280    35029 
    13     20  1      gi|10    16990    17897 
    13    398 -1      gi|46        4     1545 
    13     21  1      gi|10    17858    20623 
    14     22  1      gi|10    35884    36582 
    14    159 -1      gi|25    15054    15658 
    14    160 -1      gi|25    16075    16515 
    15     23  1      gi|10    37260    37913 
    15    657  1      gi|73    28775    29743 
    15    167 -1      gi|26     5722     6508 
    15    342 -1      gi|39    36512    36792 
    16     24  1      gi|10    38289    39391 
    16    658  1      gi|73    30123    31227 
    17     25  1      gi|11     6378     6499 
    17    313 -1      gi|37     2511     2718 
    17    586  1      gi|68     1712     1856 
    17    574  1      gi|65    35745    35810 
    18     26  1      gi|11     7256     7381 
    18    254  1      gi|33    11419    11826 
    19     27  1      gi|11     7776     9301 
    19    121  1      gi|20    37499    39143 
    19    306 -1      gi|36    27952    29622 
    19    640 -1      gi|72      250     1730 
    19    735  1       gi|8    18244    19922 
    20     28  1      gi|11    12577    14423 
    20    671  1      gi|74    20887    22709 
    20    351 -1       gi|4    19457    20860 
    21     29  1      gi|11    14527    14663 
    21    692 -1      gi|76     6587     6727 
    22     30  1      gi|11    16224    16379 
    22    756 -1      gi|71    37131    37295 
    22    388  1      gi|45     9435     9534 
    23     31  1      gi|11    24509    24582 
    23    417  1      gi|48    10672    10746 
    24     32  1      gi|11    27864    28326 
    24    678  1      gi|75    10272    10316 
    25     33  1      gi|11    29872    30461 
    25    721  1      gi|79    13589    14181 
    26     34  1      gi|11    30932    31344 
    26    715  1      gi|78    19871    20278 
    27     35  1      gi|11    32363    32624 
    27    361 -1      gi|41     6217     6491 
    28     37  1      gi|12     4028     4690 
    28    214  1       gi|3    23004    25353 
    28    475  1      gi|54    16205    18575 
    28    208  1       gi|3     5569     6771 
    29     38  1      gi|12     4965     5302 
    29    578 -1      gi|66    25468    25818 
    30     39  1      gi|12     5691     6122 
    31     40  1      gi|12     6395     7410 
    31    253 -1      gi|33     6183     7196 
    32     41  1      gi|12    14507    15712 
    32    330 -1      gi|39     6777     7890 
    32    331 -1      gi|39    11696    11889 
    32    753 -1      gi|53    12330    12854 
    32    373 -1      gi|43     5085     5191 
    33     42  1      gi|12    15893    17638 
    33    748 -1       gi|9    30735    32494 
    34     43  1      gi|12    18445    19058 
    34    316  1      gi|37     7215     7783 
    35     44  1      gi|12    21715    21869 
    36     45  1      gi|12    34669    35584 
    36    473  1      gi|54    14855    15769 
    37     46  1      gi|12    35514    36607 
    37    216  1       gi|3    31318    32407 
    38     47  1      gi|13        5     1095 
    38    528 -1      gi|61     5554     6618 
    38    376  1      gi|43    19370    19552 
    39     48  1      gi|13    31498    32018 
    39    599  1      gi|69     9139     9659 
    40     49  1      gi|13    38543    38677 
    40    307  1      gi|36    30041    30193 
    41     50  1      gi|13    38762    38853 
    41    760 -1      gi|72     3192     3334 
    41    152  1      gi|24    24369    24487 
    41    156  1      gi|24    30327    30490 
    41    763  1      gi|36    24741    24924 
    41    103 -1       gi|2    18860    18949 
    42     51  1      gi|14      826      946 
    42    239  1      gi|31    36159    36279 
    43     52  1      gi|14     1340     2775 
    43    587  1      gi|68     2999     4447 
    43     80 -1      gi|18     3318     4720 
    43    372  1      gi|43     2292     3529 
    44     53  1      gi|14     4989     5241 
    44    576 -1      gi|66     5895     6144 
    45     54  1      gi|14     5441     6484 
    45    719  1      gi|79     6256     7294 
    46     55  1      gi|14     7238     7532 
    46    419  1      gi|48    18692    18993 
    47     56  1      gi|14    12970    13100 
    47    251 -1      gi|33     1455     1630 
    47    754 -1      gi|61    14045    14125 
    48     57  1      gi|14    13179    13392 
    48    492 -1      gi|56    15751    15964 
    49     58  1      gi|14    18107    18394 
    49    509 -1      gi|58     2971     3255 
    50     59  1      gi|14    20045    20140 
    50    105  1       gi|2    24536    24646 
    51     60  1      gi|14    39772    40066 
    51    670  1      gi|74    18121    18423 
    52     61  1      gi|15     8213     8737 
    52    108  1       gi|2    28358    29036 
    53     62  1      gi|15    19180    19556 
    53    358  1      gi|40     8749     9331 
    54     63  1      gi|15    22842    23650 
    54    154  1      gi|24    28583    29392 
    55     64  1      gi|15    23711    23908 
    56     65  1      gi|15    24660    26423 
    56    430  1      gi|49    30004    31684 
    56    733  1       gi|8    14557    14643 
    57     66  1      gi|15    27024    27347 
    57    431  1      gi|49    32305    32629 
    58     67  1      gi|15    28693    28772 
    58    476 -1      gi|54    18555    19363 
    58    219  1       gi|3    38208    39054 
    58    469 -1      gi|54     2081     2874 
    58    471  1      gi|54     4617     4808 
    58    477 -1      gi|54    25643    26492 
    59     68  1      gi|15    31191    31614 
    59    289 -1      gi|35    19059    19344 
    60     69  1      gi|15    33433    33721 
    60    623 -1      gi|70    40065    40178 
    61     71  1      gi|16      264      375 
    61    479  1      gi|55    12222    12330 
    62     72  1      gi|16     2560     2810 
    62    713  1      gi|78    14924    15174 
    63     73  1      gi|16     2913     4248 
    63    771  1      gi|71     4570     4611 
    63    770  1      gi|71     3292     4568 
    63    457  1      gi|52    30403    31669 
    63    458  1      gi|52    31878    32943 
    64     74  1      gi|16     9823    10326 
    64    573 -1      gi|65    32677    33189 
    65     75  1      gi|16    10939    11236 
    65    415 -1      gi|48     1493     1800 
    66     76  1      gi|16    29660    29990 
    66    349  1       gi|4    14388    14781 
    67     77  1      gi|16    37077    38755 
    67    649 -1      gi|72    35173    36854 
    68     79  1      gi|18     3166     3289 
    68    584 -1      gi|67    27085    28174 
    68    343 -1      gi|39    38865    39857 
    68    772  1      gi|18     2198     2627 
    69     81  1      gi|18     9886    11673 
    69    554 -1      gi|63    37507    39296 
    70     82  1      gi|18    11953    12139 
    70    773  1      gi|46    16110    16363 
    70    517 -1       gi|6     6848     7117 
    70    774 -1       gi|6    11986    12231 
    70    602  1      gi|69    19268    19397 
    71     83  1      gi|18    12538    12651 
    71    628 -1      gi|71    11661    11774 
    72     84  1      gi|18    14802    16641 
    72    427 -1      gi|49    18350    19587 
    72    436  1       gi|5    18702    20508 
    73     85  1      gi|18    30294    31058 
    73    558  1      gi|64    23390    24121 
    74     86  1      gi|18    32701    32999 
    74    169  1      gi|26    29367    29668 
    75     87  1      gi|18    37305    37926 
    75    610 -1       gi|7     2491     3115 
    76     88  1      gi|18    38793    38961 
    76    124 -1      gi|21    27078    27259 
    77     89  1      gi|18    40012    40172 
    77    676  1      gi|75     6388     6549 
    78     91  1      gi|19     4356     5889 
    79     92  1      gi|19    18434    18484 
    79    280  1      gi|35     5968     6046 
    79    549  1      gi|63    29888    29938 
    79    743 -1       gi|9    10352    10771 
    80     93  1      gi|19    34644    35048 
    80    354 -1      gi|40     1376     1840 
    81     94  1      gi|19    38118    38179 
    81    138  1      gi|23    15397    15458 
    82     95  1      gi|19    39887    40154 
    82    440 -1      gi|50     9178     9445 
    83     96  1       gi|2     6187     7700 
    83    513  1      gi|59     7741     9266 
    83    555  1      gi|64     3278     4840 
    83    190  1      gi|28     5590     7267 
    83    514 -1      gi|59    10916    12354 
    84     97  1       gi|2     8595     9254 
    84    113  1      gi|20    17487    18347 
    84    380 -1      gi|44    12792    12868 
    84    740 -1       gi|8    34490    35337 
    85     98  1       gi|2    12583    12721 
    85    120  1      gi|20    35285    35421 
    86     99  1       gi|2    14786    14992 
    86    752  1       gi|9    39964    40171 
    87    100  1       gi|2    15039    15340 
    87    128  1      gi|22       25      442 
    87    406 -1      gi|47    27335    27742 
    88    101  1       gi|2    15471    15577 
    89    104  1       gi|2    21793    21873 
    89    139  1      gi|23    19243    19324 
    90    106  1       gi|2    27576    27839 
    90    132 -1      gi|22    11694    12316 
    90    488  1      gi|55    36068    36857 
    90    130 -1      gi|22     5929     6725 
    90    594  1      gi|68    24276    24788 
    91    107  1       gi|2    28031    28158 
    91    617 -1      gi|70     9273     9399 
    92    109  1       gi|2    29343    29434 
    92    234  1      gi|31     2385     2477 
    93    110  1      gi|20     4113     4252 
    93    179  1      gi|27    14776    14919 
    94    111  1      gi|20     8842     9464 
    94    203  1      gi|29    33831    34482 
    94    711 -1      gi|78    12248    12760 
    94    334  1      gi|39    15112    15535 
    95    112  1      gi|20    16205    16962 
    95    423 -1      gi|48    29000    29774 
    95    438  1       gi|5    29043    29791 
    95    550  1      gi|63    30052    30357 
    95    537 -1      gi|61    37604    37881 
    96    114  1      gi|20    20766    21088 
    97    116  1      gi|20    33232    33397 
    97    651  1      gi|73     5302     5520 
    97    644 -1      gi|72    21438    21578 
    98    117  1      gi|20    34212    34696 
    98    163  1      gi|25    24347    24416 
    98    497  1      gi|57     1937     2398 
    98    775  1      gi|32    37199    37563 
    98    777  1      gi|75    19233    19314 
    98    776 -1      gi|57    25091    25365 
    99    118  1      gi|20    34720    35017 
    99    635 -1      gi|71    26249    26950 
    99    632 -1      gi|71    22438    22590 
    99    478 -1      gi|54    26490    26815 
    99    249  1      gi|33       82      256 
   100    119  1      gi|20    35081    35296 
   100    350  1       gi|4    19006    19189 
   100    385 -1      gi|45     3691     3804 
   100    722 -1      gi|79    14515    14717 
   101    122  1      gi|21    22942    23282 
   101    411 -1      gi|47    33808    34151 
   102    123  1      gi|21    23346    23940 
   102    185 -1      gi|27    19723    20299 
   103    125  1      gi|21    29977    30258 
   103    283  1      gi|35     8055     8291 
   103    695  1      gi|76    10816    11022 
   104    126  1      gi|21    30773    31073 
   104    284  1      gi|35     8816     9124 
   105    127  1      gi|21    39488    39738 
   105    258 -1      gi|33    21833    22083 
   106    129  1      gi|22     4593     4674 
   106    579  1      gi|66    30424    30508 
   107    131  1      gi|22     7101     7790 
   107    487 -1      gi|55    35241    35951 
   107    133  1      gi|22    12690    13397 
   108    134  1      gi|22    26176    26350 
   108    387  1      gi|45     8871     9142 
   108    708  1      gi|77    24512    24714 
   109    135  1      gi|22    30783    30856 
   110    136  1      gi|22    32515    33297 
   110    453  1      gi|52    10457    11237 
   111    137  1      gi|23     3569     4473 
   111    360 -1      gi|41     2811     3711 
   112    140  1      gi|23    26815    28138 
   112    703 -1      gi|76    26154    27532 
   113    141  1      gi|23    28519    29138 
   113    702 -1      gi|76    25488    26083 
   114    142  1      gi|23    30288    31409 
   114    701 -1      gi|76    24375    25490 
   115    143  1      gi|23    31974    32119 
   115    700 -1      gi|76    24125    24264 
   116    144  1      gi|24     1095     1145 
   116    275 -1      gi|34    36500    36943 
   117    145  1      gi|24     1717     2231 
   117    277  1      gi|34    37631    40149 
   117    210 -1       gi|3    17070    18397 
   117    149  1      gi|24    11789    14199 
   117    146  1      gi|24     2214     2632 
   118    147  1      gi|24     5638    11226 
   118    212 -1       gi|3    18682    22299 
   118    215 -1       gi|3    25940    26155 
   118    525  1      gi|60    19127    26126 
   118    148  1      gi|24    11194    11773 
   119    150  1      gi|24    14231    16884 
   119    205  1       gi|3        3     2653 
   119    207 -1       gi|3     3265     3750 
   120    151  1      gi|24    17244    17901 
   120    206  1       gi|3     2632     3269 
   121    153  1      gi|24    27172    28454 
   121    435  1       gi|5    10406    11692 
   121    547  1      gi|63    21668    22878 
   121    626  1      gi|71     7259     8476 
   122    155  1      gi|24    30146    30179 
   122    642  1      gi|72     8571     8960 
   122    583  1      gi|67    26880    27036 
   122    466 -1      gi|53    29166    29234 
   123    157  1      gi|24    38948    39953 
   123    596 -1      gi|68    39914    40177 
   124    158  1      gi|25     8657     9692 
   124    371 -1      gi|42    28345    29371 
   124    521  1       gi|6    24909    25499 
   125    161  1      gi|25    21586    22112 
   125    226 -1      gi|30    19850    26605 
   125    326  1      gi|38    20215    26962 
   125    564 -1      gi|65    17559    18073 
   126    162  1      gi|25    23628    24152 
   126    659  1      gi|73    31589    33031 
   126    243  1      gi|32     4164     4252 
   126    245  1      gi|32    35752    35890 
   127    164  1      gi|25    30826    30988 
   127    465 -1      gi|53    23514    23676 
   128    165  1      gi|26        2      558 
   128    677  1      gi|75     6557     7113 
   129    166  1      gi|26     1993     2687 
   129    675 -1      gi|75     5435     6126 
   130    168  1      gi|26    16247    18451 
   130    236 -1      gi|31    26784    28976 
   131    170  1      gi|26    31963    33079 
   131    318 -1      gi|37    18970    20086 
   132    171  1      gi|26    33190    33540 
   132    299 -1      gi|36      569      911 
   133    173  1      gi|26    36596    37278 
   133    680  1      gi|75    13690    14372 
   134    174  1      gi|26    38779    38874 
   134    199  1      gi|29    15418    15512 
   135    175  1      gi|26    38944    39330 
   135    589 -1      gi|68     7500     8238 
   135    441 -1      gi|50    27641    27870 
   135    424 -1      gi|49     2624     2848 
   135    698  1      gi|76    13382    14149 
   135    463  1      gi|53    18438    18534 
   136    176  1      gi|27     3857     3929 
   136    468 -1      gi|53    38412    38481 
   137    177  1      gi|27    11792    11923 
   137    697 -1      gi|76    12244    12375 
   138    178  1      gi|27    12135    12730 
   138    696 -1      gi|76    11431    12019 
   139    180  1      gi|27    15129    16190 
   139    778  1      gi|65    26102    27183 
   139    181  1      gi|27    16327    17349 
   139    779  1      gi|27    17423    18323 
   140    183  1      gi|27    18609    19296 
   140    714 -1      gi|78    16269    17092 
   140    410  1      gi|47    32138    32683 
   141    184  1      gi|27    19159    19717 
   141    409  1      gi|47    31630    32123 
   142    186  1      gi|27    21134    22506 
   142    710 -1      gi|78     9512    10941 
   142    414  1      gi|47    35929    36061 
   143    187  1      gi|27    23758    25140 
   143    709 -1      gi|78     6519     7899 
   144    188  1      gi|27    29048    29383 
   144    374 -1      gi|43     5699     6035 
   144    366 -1      gi|42     4684     4992 
   145    189  1      gi|27    32778    33294 
   145    220  1      gi|30     5553     6069 
   146    191  1      gi|28    36783    36887 
   146    489 -1      gi|56     4277     4372 
   147    192  1      gi|29        8      385 
   147    244 -1      gi|32     8986     9351 
   148    193  1      gi|29     4288     5167 
   148    724  1      gi|79    26314    27160 
   149    194  1      gi|29     8330     8542 
   149    506  1      gi|57    26183    26989 
   150    195  1      gi|29     8477     8670 
   150    311  1      gi|36    39828    40051 
   151    196  1      gi|29     9902    10603 
   151    716 -1      gi|78    23102    23824 
   152    197  1      gi|29    11880    12481 
   152    682 -1      gi|75    16047    16634 
   152    413 -1      gi|47    34518    34890 
   152    501  1      gi|57    12155    12326 
   153    198  1      gi|29    12360    12647 
   154    200  1      gi|29    15764    16045 
   154    634 -1      gi|71    24435    25137 
   154    397 -1      gi|45    33826    34555 
   154    425  1      gi|49    13610    14075 
   154    633 -1      gi|71    22655    23246 
   154    739  1       gi|8    32119    32240 
   154    732  1       gi|8    13188    13411 
   154    734  1       gi|8    14883    15131 
   155    201  1      gi|29    19367    20139 
   155    437 -1       gi|5    20916    21685 
   156    202  1      gi|29    20538    20774 
   156    556  1      gi|64     5931     6170 
   157    204  1      gi|29    39532    40020 
   157    335  1      gi|39    20674    21144 
   158    209  1       gi|3    16225    16990 
   158    764 -1      gi|15    33707    34458 
   158    767  1      gi|35    36279    37064 
   158    768 -1      gi|20    22711    23504 
   159    211  1       gi|3    18391    18962 
   160    213  1       gi|3    22365    23038 
   160    474  1      gi|54    15787    16461 
   161    217  1       gi|3    36632    36853 
   161    370 -1      gi|42    24359    24556 
   162    218  1       gi|3    37926    38247 
   162    263 -1      gi|33    30525    30846 
   163    221  1      gi|30    17341    17536 
   163    329 -1      gi|38    28796    30142 
   163    222  1      gi|30    17507    17657 
   163    223  1      gi|30    17931    18691 
   163    561  1      gi|65     8531     9801 
   164    224  1      gi|30    19301    19671 
   164    328 -1      gi|38    27268    28817 
   164    225  1      gi|30    19544    19813 
   165    227  1      gi|30    26853    26955 
   165    325 -1      gi|38    19923    20431 
   166    228  1      gi|30    27603    27762 
   166    567  1      gi|65    19153    19315 
   167    229  1      gi|30    28723    28796 
   167    565  1      gi|65    18250    18320 
   167    566  1      gi|65    18883    18961 
   168    230  1      gi|30    30778    31031 
   168    568  1      gi|65    21914    22186 
   169    231  1      gi|30    31180    32145 
   169    324 -1      gi|38    13835    15329 
   169    570  1      gi|65    22881    24385 
   170    232  1      gi|30    39239    40178 
   170    442  1      gi|50    33755    34696 
   171    233  1      gi|31     2031     2375 
   172    235  1      gi|31     9127    10600 
   172    460 -1      gi|53     7632     9094 
   173    237  1      gi|31    33931    34198 
   174    238  1      gi|31    34361    35427 
   174    323 -1      gi|38    12852    13919 
   175    241  1      gi|32     1418     1841 
   175    621  1      gi|70    26588    27008 
   176    242  1      gi|32     2558     2714 
   176    456  1      gi|52    25231    25852 
   176    691  1      gi|76     2430     3050 
   177    247  1      gi|32    38120    38187 
   177    504 -1      gi|57    23342    23407 
   178    250  1      gi|33      404     1464 
   178    428  1      gi|49    23432    24478 
   179    252  1      gi|33     2773     3151 
   179    718 -1      gi|78    33822    34198 
   180    255  1      gi|33    13917    14866 
   180    321 -1      gi|38       10      954 
   181    256  1      gi|33    16991    17348 
   181    546  1      gi|63    19588    19945 
   182    257  1      gi|33    19054    21259 
   182    341  1      gi|39    32069    32504 
   182    483  1      gi|55    23566    25758 
   183    260  1      gi|33    26243    26658 
   184    261  1      gi|33    26647    26981 
   184    470 -1      gi|54     3374     3753 
   184    472  1      gi|54     7409     7697 
   185    262  1      gi|33    27799    27908 
   185    683 -1      gi|75    16643    16754 
   186    264  1      gi|33    30884    31028 
   187    265  1      gi|33    32224    33985 
   187    543  1      gi|62    38155    39926 
   187    750  1       gi|9    34268    35234 
   187    749  1       gi|9    33226    34035 
   188    266  1      gi|34     4976     8706 
   188    452  1      gi|52     5546     9271 
   189    267  1      gi|34    12493    12730 
   189    725 -1      gi|79    28643    28872 
   190    268  1      gi|34    24141    24290 
   190    434 -1       gi|5     2821     8903 
   190    540  1      gi|62    24538    25447 
   190    391 -1      gi|45    20520    20722 
   191    269  1      gi|34    24911    25540 
   191    421 -1      gi|48    23021    23980 
   191    572 -1      gi|65    28973    29943 
   192    270  1      gi|34    26671    27386 
   192    420 -1      gi|48    21618    22323 
   193    271  1      gi|34    34180    34331 
   193    486  1      gi|55    31122    31277 
   194    273  1      gi|34    34865    35195 
   195    276  1      gi|34    37222    37504 
   195    490  1      gi|56     5673     5955 
   196    278  1      gi|35     1717     2375 
   197    279  1      gi|35     5747     5920 
   197    744  1       gi|9    10766    10847 
   198    281  1      gi|35     6024     6112 
   198    337  1      gi|39    23294    23625 
   198    292 -1      gi|35    22781    23109 
   198    291 -1      gi|35    22579    22752 
   198    294  1      gi|35    28979    29089 
   198    685 -1      gi|75    19315    19381 
   199    285  1      gi|35     9173     9465 
   199    308 -1      gi|36    30209    30658 
   199    737  1       gi|8    27344    27397 
   200    286  1      gi|35     9342     9636 
   201    287  1      gi|35    14452    14586 
   201    464  1      gi|53    21542    21682 
   202    288  1      gi|35    14828    15382 
   203    293  1      gi|35    23378    24481 
   203    378  1      gi|43    35558    36613 
   203    482  1      gi|55    20257    20832 
   204    295  1      gi|35    29140    30357 
   204    345 -1       gi|4     1261     2583 
   204    666  1      gi|74    10205    11493 
   205    296  1      gi|35    33328    33470 
   205    304 -1      gi|36    25205    25478 
   206    297  1      gi|35    35154    35499 
   206    552 -1      gi|63    32724    32861 
   206    580 -1      gi|66    31727    32057 
   207    300  1      gi|36     3479     3910 
   207    529 -1      gi|61     9360     9770 
   208    301  1      gi|36     5954     6063 
   208    595 -1      gi|68    31521    31768 
   208    544 -1      gi|63     3878     3969 
   209    302  1      gi|36    24134    24616 
   209    408 -1      gi|47    30912    31392 
   210    305  1      gi|36    27183    27291 
   210    503  1      gi|57    20942    22982 
   210    629 -1      gi|71    13275    14309 
   210    630 -1      gi|71    14742    16802 
   211    309  1      gi|36    33621    34512 
   211    605 -1      gi|69    25634    26520 
   212    310  1      gi|36    34504    35353 
   212    604 -1      gi|69    23273    24128 
   213    312  1      gi|37      232     1296 
   213    616  1      gi|70     7950     9019 
   214    314  1      gi|37     5301     6043 
   214    522  1       gi|6    27215    27964 
   215    315  1      gi|37     6681     6874 
   215    646  1      gi|72    24507    24694 
   216    317  1      gi|37    11552    11831 
   217    319  1      gi|37    25240    25940 
   217    461 -1      gi|53    10493    11196 
   218    322  1      gi|38     3442     4689 
   218    542 -1      gi|62    34179    35420 
   219    327  1      gi|38    26814    27277 
   219    563 -1      gi|65    12180    12662 
   220    332  1      gi|39    11810    12241 
   221    333  1      gi|39    12771    13479 
   221    363  1      gi|41    23217    23931 
   221    395 -1      gi|45    29539    29794 
   222    336  1      gi|39    21813    22123 
   222    348 -1       gi|4    13184    13494 
   223    338  1      gi|39    23852    23937 
   223    785  1      gi|35     6326     6409 
   223    792 -1      gi|35    22086    22179 
   223    736 -1       gi|8    22924    23000 
   223    790 -1      gi|34    35631    35719 
   224    339  1      gi|39    25562    26377 
   224    485  1      gi|55    29675    30496 
   225    340  1      gi|39    26772    28232 
   225    637 -1      gi|71    33404    34815 
   226    344  1       gi|4      168      977 
   226    667 -1      gi|74    11704    12515 
   227    346  1       gi|4     2531     2774 
   227    669 -1      gi|74    14712    14955 
   228    347  1       gi|4     5204     5887 
   229    352  1       gi|4    33483    34567 
   229    726  1      gi|79    30777    31790 
   229    727  1      gi|79    32096    32586 
   230    353  1       gi|4    34692    35022 
   230    728  1      gi|79    32587    32908 
   231    355  1      gi|40     2385     2849 
   231    455  1      gi|52    17655    18128 
   232    356  1      gi|40     5943     6155 
   232    665  1      gi|74     9487     9696 
   233    357  1      gi|40     8666     8735 
   233    454  1      gi|52    14909    14990 
   234    359  1      gi|40    19313    19462 
   234    688  1      gi|75    31375    31538 
   235    362  1      gi|41    11606    11783 
   235    539  1      gi|62    11908    12065 
   236    365  1      gi|41    25592    25704 
   236    480  1      gi|55    12296    12398 
   237    367  1      gi|42     5457     6175 
   238    368  1      gi|42    15137    15576 
   238    717 -1      gi|78    32288    32736 
   239    375  1      gi|43    10776    11151 
   239    432  1      gi|49    35528    36349 
   240    377  1      gi|43    34185    34883 
   240    496  1      gi|56    37713    38415 
   241    379  1      gi|43    38883    39984 
   241    508 -1      gi|57    34379    34557 
   242    381  1      gi|44    20552    20594 
   242    681 -1      gi|75    15762    16117 
   242    493  1      gi|56    16149    16230 
   242    627 -1      gi|71    11010    11148 
   242    647  1      gi|72    24904    25202 
   243    382  1      gi|44    21503    21861 
   243    731  1       gi|8     4017     4255 
   244    383  1      gi|44    31948    35656 
   244    741 -1       gi|9      127     3862 
   245    384  1      gi|44    37921    39600 
   245    638  1      gi|71    34987    36671 
   246    386  1      gi|45     6441     7058 
   246    510  1      gi|58    10884    11501 
   246    495  1      gi|56    23326    23893 
   247    389  1      gi|45    15087    16396 
   247    591  1      gi|68    16149    16281 
   247    625  1      gi|71     4728     6079 
   247    686  1      gi|75    20622    20805 
   247    545  1      gi|63    12528    12632 
   248    390  1      gi|45    18947    20467 
   248    433  1       gi|5     1260     2811 
   248    532 -1      gi|61    13946    14064 
   248    581  1      gi|66    32575    32627 
   249    392  1      gi|45    20705    23197 
   249    444 -1      gi|51    11902    12009 
   250    393  1      gi|45    22795    26570 
   251    394  1      gi|45    26468    28588 
   252    396  1      gi|45    31110    32258 
   252    527 -1      gi|60    33782    34930 
   253    400  1      gi|46    12977    13239 
   253    516 -1       gi|6     2661     3193 
   253    585 -1      gi|67    39682    40174 
   253    603  1      gi|69    21895    21996 
   254    402  1      gi|46    19738    19882 
   254    515 -1       gi|6     2410     2633 
   254    652 -1      gi|73    11523    11754 
   255    403  1      gi|46    36275    37146 
   255    404 -1      gi|47    22104    22679 
   255    502 -1      gi|57    13955    14751 
   256    405  1      gi|47    26756    27027 
   256    758 -1      gi|73    17398    17544 
   256    757 -1      gi|73    17295    17395 
   257    407  1      gi|47    29910    29980 
   257    781 -1      gi|31    36852    36927 
   257    783 -1      gi|46     9722     9786 
   257    559  1      gi|64    32162    32248 
   258    412  1      gi|47    34438    34538 
   258    712 -1      gi|78    14400    14502 
   259    416  1      gi|48     6897     8116 
   259    619  1      gi|70    22152    23363 
   260    418  1      gi|48    14034    15010 
   260    467 -1      gi|53    33219    34214 
   261    422  1      gi|48    27052    28490 
   262    426  1      gi|49    17322    17947 
   262    704  1      gi|76    30161    30826 
   263    429  1      gi|49    28182    28795 
   263    601 -1      gi|69    14918    15528 
   264    439  1       gi|5    32133    33267 
   264    597  1      gi|69      102      490 
   264    622 -1      gi|70    38366    39494 
   264    598  1      gi|69      369      987 
   265    443  1      gi|51      205      938 
   266    445  1      gi|51    12391    13910 
   266    491 -1      gi|56     9264    10784 
   266    484  1      gi|55    28925    29368 
   267    446  1      gi|51    13967    14563 
   267    662 -1      gi|74     2793     3393 
   268    447  1      gi|51    14896    15381 
   268    661 -1      gi|74     1977     2454 
   269    448  1      gi|51    20863    26459 
   270    449  1      gi|51    26393    26746 
   270    541  1      gi|62    25255    31079 
   271    450  1      gi|51    26671    27287 
   271    577 -1      gi|66     7211    12858 
   272    451  1      gi|51    34374    34451 
   272    536 -1      gi|61    33213    33290 
   273    459  1      gi|52    35935    36163 
   274    481  1      gi|55    18010    19213 
   274    742 -1       gi|9     7752     8972 
   274    631  1      gi|71    20567    20878 
   275    494  1      gi|56    16195    16426 
   276    507  1      gi|57    31644    31735 
   276    672  1      gi|74    27545    27645 
   277    511  1      gi|58    20987    21110 
   277    614 -1      gi|70      114      268 
   277    747  1       gi|9    30241    30377 
   278    512  1      gi|58    27846    27939 
   278    720 -1      gi|79     8764     8852 
   279    518  1       gi|6     7057     8938 
   280    520  1       gi|6    15448    15564 
   281    523  1       gi|6    31409    32554 
   281    706  1      gi|76    38813    39959 
   282    524  1      gi|60    14603    14782 
   283    526  1      gi|60    31078    31405 
   283    707 -1      gi|77    18729    19096 
   284    530  1      gi|61    10883    11303 
   284    655  1      gi|73    24913    25319 
   285    531  1      gi|61    11366    12397 
   285    592  1      gi|68    16662    17705 
   286    534  1      gi|61    24801    29754 
   286    689  1      gi|75    31466    36436 
   287    535  1      gi|61    30265    30388 
   287    690  1      gi|75    36783    36900 
   288    538  1      gi|62     8770     8917 
   288    557  1      gi|64    20242    20388 
   289    548  1      gi|63    24853    26170 
   289    636 -1      gi|71    29631    30937 
   290    551  1      gi|63    30659    31800 
   291    560  1      gi|65     6255     6833 
   291    660 -1      gi|73    38067    38643 
   292    562  1      gi|65    10495    11984 
   293    569  1      gi|65    22098    23045 
   294    575  1      gi|66     1805     2257 
   294    751  1       gi|9    36867    37286 
   295    582  1      gi|67    23278    23680 
   295    613 -1       gi|7    34759    34972 
   296    588  1      gi|68     5443     7009 
   296    699 -1      gi|76    14361    15869 
   297    590  1      gi|68    11375    11797 
   298    593  1      gi|68    23558    24110 
   299    600  1      gi|69    13139    13962 
   300    606  1      gi|69    32296    32442 
   301    607  1      gi|69    34519    35708 
   301    738  1       gi|8    29810    30993 
   302    608  1      gi|69    36389    37061 
   302    679 -1      gi|75    11414    12079 
   303    609  1       gi|7       27      378 
   303    620 -1      gi|70    25052    25379 
   304    611  1       gi|7     4837     5067 
   304    693 -1      gi|76     9946    10071 
   305    612  1       gi|7    32830    33344 
   306    615  1      gi|70     1593     3148 
   307    618  1      gi|70    20960    21096 
   307    745 -1       gi|9    28984    29120 
   308    643  1      gi|72     8969     9202 
   309    645  1      gi|72    22598    22809 
   310    648  1      gi|72    34729    35205 
   310    673  1      gi|75      104      207 
   311    650  1      gi|72    39723    40142 
   311    668 -1      gi|74    12665    13087 
   312    653  1      gi|73    16848    17228 
   313    656  1      gi|73    27372    28054 
   314    663  1      gi|74     4269     4476 
   314    730  1      gi|79    39830    40045 
   315    664  1      gi|74     7324     7524 
   315    705  1      gi|76    38123    38323 
   316    674  1      gi|75     3416     3525 
   317    687  1      gi|75    20995    21072 
   317    694 -1      gi|76    10530    10610 
   318    723  1      gi|79    23842    24694 
   319    746  1       gi|9    30127    30272 
   320    759  1      gi|42    15971    16049 
   321    761  1      gi|72     3338     3438 
   321    762 -1      gi|36    24633    24710 
   322    765  1      gi|15    34464    34496 
   322    769  1      gi|20    23507    23558 
   322    766 -1      gi|35    36236    36271 
   323    780  1      gi|31    36786    36851 
   323    782  1      gi|46     9660     9711 
   324    784  1      gi|35     6213     6320 
   324    791 -1      gi|34    35724    35832 
   324    788 -1      gi|35    22183    22294 
   325    786  1      gi|35     6414     6465 
   325    789 -1      gi|34    35576    35631 
