1 gi|1 422 791
2 gi|1 22703 23506
3 gi|1 23779 24705
4 gi|1 30184 31615
5 gi|1 32381 33763
6 gi|1 34903 35138
7 gi|1 37355 38656
8 gi|10 764 966
9 gi|10 1749 1951
10 gi|10 3158 3375
11 gi|10 4435 4662
12 gi|10 5529 5815
13 gi|10 6596 6931
14 gi|10 7764 7969
15 gi|10 8816 9047
16 gi|10 9898 10108
17 gi|10 10874 12658
18 gi|10 13027 13398
19 gi|10 13544 14198
20 gi|10 16990 17897
21 gi|10 17858 20623
22 gi|10 35884 36582
23 gi|10 37260 37913
24 gi|10 38289 39391
25 gi|11 6378 6499
26 gi|11 7256 7381
27 gi|11 7776 9305
28 gi|11 12577 14423
29 gi|11 14527 14663
30 gi|11 16224 16383
31 gi|11 24509 24582
32 gi|11 27864 28326
33 gi|11 29872 30461
34 gi|11 30932 31344
35 gi|11 32363 32624
36 gi|12 211 1573
37 gi|12 4028 4690
38 gi|12 4965 5311
39 gi|12 5682 6122
40 gi|12 6395 7410
41 gi|12 14507 15712
42 gi|12 15893 17638
43 gi|12 18445 19058
44 gi|12 21715 21869
45 gi|12 34669 35584
46 gi|12 35514 36607
47 gi|13 5 1095
48 gi|13 31498 32018
49 gi|13 38543 38677
50 gi|13 38762 38862
51 gi|14 826 946
52 gi|14 1340 2775
53 gi|14 4989 5241
54 gi|14 5441 6484
55 gi|14 7238 7532
56 gi|14 12970 13106
57 gi|14 13179 13392
58 gi|14 18107 18394
59 gi|14 20045 20140
60 gi|14 39772 40066
61 gi|15 8213 8737
62 gi|15 19173 19563
63 gi|15 22842 23650
64 gi|15 23711 23908
65 gi|15 24660 26423
66 gi|15 27024 27347
67 gi|15 28693 28772
68 gi|15 31191 31614
69 gi|15 33433 33721
70 gi|15 33707 34496
71 gi|16 264 375
72 gi|16 2560 2810
73 gi|16 2913 4248
74 gi|16 9823 10326
75 gi|16 10939 11236
76 gi|16 29660 29990
77 gi|16 37077 38755
78 gi|18 2198 2656
79 gi|18 3166 3289
80 gi|18 3318 4720
81 gi|18 9886 11673
82 gi|18 11953 12139
83 gi|18 12538 12651
84 gi|18 14802 16641
85 gi|18 30294 31058
86 gi|18 32701 32999
87 gi|18 37305 37926
88 gi|18 38793 38961
89 gi|18 40012 40172
90 gi|19 3060 3986
91 gi|19 4356 5889
92 gi|19 18434 18484
93 gi|19 34644 35048
94 gi|19 38118 38179
95 gi|19 39887 40154
96 gi|2 6187 7700
97 gi|2 8590 9259
98 gi|2 12583 12721
99 gi|2 14786 14992
100 gi|2 15039 15340
101 gi|2 15471 15577
102 gi|2 15608 16420
103 gi|2 18860 18949
104 gi|2 21793 21873
105 gi|2 24536 24646
106 gi|2 27572 27839
107 gi|2 28031 28158
108 gi|2 28358 29036
109 gi|2 29343 29434
110 gi|20 4113 4252
111 gi|20 8842 9464
112 gi|20 16205 16963
113 gi|20 17487 18347
114 gi|20 20766 21088
115 gi|20 22711 23558
116 gi|20 33232 33397
117 gi|20 34212 34707
118 gi|20 34720 35017
119 gi|20 35078 35296
120 gi|20 35285 35421
121 gi|20 37499 39143
122 gi|21 22942 23282
123 gi|21 23346 23940
124 gi|21 27078 27269
125 gi|21 29975 30258
126 gi|21 30773 31073
127 gi|21 39488 39738
128 gi|22 25 442
129 gi|22 4593 4674
130 gi|22 5929 6725
131 gi|22 7101 7791
132 gi|22 11694 12316
133 gi|22 12690 13397
134 gi|22 26176 26350
135 gi|22 30783 30856
136 gi|22 32515 33297
137 gi|23 3569 4473
138 gi|23 15397 15458
139 gi|23 19243 19324
140 gi|23 26815 28138
141 gi|23 28519 29138
142 gi|23 30288 31409
143 gi|23 31974 32119
144 gi|24 1095 1145
145 gi|24 1717 2231
146 gi|24 2214 2632
147 gi|24 5638 11226
148 gi|24 11194 11773
149 gi|24 11789 14199
150 gi|24 14231 16884
151 gi|24 17244 17901
152 gi|24 24369 24487
153 gi|24 27172 28454
154 gi|24 28583 29392
155 gi|24 30146 30179
156 gi|24 30324 30490
157 gi|24 38948 39953
158 gi|25 8657 9692
159 gi|25 15054 15658
160 gi|25 16075 16515
161 gi|25 21586 22112
162 gi|25 23628 24152
163 gi|25 24347 24416
164 gi|25 30826 30988
165 gi|26 2 558
166 gi|26 1993 2687
167 gi|26 5722 6508
168 gi|26 16247 18451
169 gi|26 29367 29668
170 gi|26 31963 33079
171 gi|26 33190 33540
172 gi|26 34375 35736
173 gi|26 36596 37278
174 gi|26 38779 38874
175 gi|26 38944 39333
176 gi|27 3857 3929
177 gi|27 11792 11923
178 gi|27 12135 12730
179 gi|27 14776 14919
180 gi|27 15129 16190
181 gi|27 16327 17353
182 gi|27 17423 18345
183 gi|27 18609 19296
184 gi|27 19159 19717
185 gi|27 19723 20299
186 gi|27 21134 22506
187 gi|27 23758 25140
188 gi|27 29048 29383
189 gi|27 32778 33294
190 gi|28 5590 7267
191 gi|28 36783 36887
192 gi|29 8 391
193 gi|29 4288 5167
194 gi|29 8330 8549
195 gi|29 8477 8670
196 gi|29 9902 10603
197 gi|29 11880 12481
198 gi|29 12360 12647
199 gi|29 15418 15512
200 gi|29 15764 16045
201 gi|29 19367 20139
202 gi|29 20538 20774
203 gi|29 33831 34482
204 gi|29 39532 40020
205 gi|3 3 2653
206 gi|3 2632 3269
207 gi|3 3265 3750
208 gi|3 5569 6771
209 gi|3 16222 16994
210 gi|3 17068 18400
211 gi|3 18391 18962
212 gi|3 18682 22299
213 gi|3 22365 23038
214 gi|3 23004 25353
215 gi|3 25940 26155
216 gi|3 31318 32407
217 gi|3 36632 36853
218 gi|3 37926 38247
219 gi|3 38208 39058
220 gi|30 5553 6069
221 gi|30 17341 17537
222 gi|30 17507 17657
223 gi|30 17931 18693
224 gi|30 19301 19671
225 gi|30 19544 19817
226 gi|30 19850 26605
227 gi|30 26853 26955
228 gi|30 27603 27762
229 gi|30 28721 28800
230 gi|30 30778 31031
231 gi|30 31180 32147
232 gi|30 39239 40178
233 gi|31 2031 2375
234 gi|31 2385 2477
235 gi|31 9127 10600
236 gi|31 26784 28976
237 gi|31 33931 34198
238 gi|31 34361 35427
239 gi|31 36159 36279
240 gi|31 36786 36955
241 gi|32 1418 1841
242 gi|32 2558 2714
243 gi|32 4164 4252
244 gi|32 8986 9351
245 gi|32 35752 35890
246 gi|32 37199 37578
247 gi|32 38120 38187
248 gi|32 39830 40178
249 gi|33 78 256
250 gi|33 404 1464
251 gi|33 1455 1630
252 gi|33 2773 3151
253 gi|33 6183 7196
254 gi|33 11419 11826
255 gi|33 13917 14866
256 gi|33 16991 17348
257 gi|33 19051 21259
258 gi|33 21833 22083
259 gi|33 25424 25688
260 gi|33 26243 26658
261 gi|33 26643 26981
262 gi|33 27799 27908
263 gi|33 30525 30846
264 gi|33 30884 31028
265 gi|33 32224 33985
266 gi|34 4976 8706
267 gi|34 12493 12730
268 gi|34 24141 24297
269 gi|34 24910 25540
270 gi|34 26671 27386
271 gi|34 34180 34331
272 gi|34 34280 35029
273 gi|34 34865 35195
274 gi|34 35576 35832
275 gi|34 36500 36943
276 gi|34 37222 37504
277 gi|34 37631 40149
278 gi|35 1717 2375
279 gi|35 5747 5920
280 gi|35 5959 6047
281 gi|35 6024 6112
282 gi|35 6213 6465
283 gi|35 8055 8291
284 gi|35 8816 9124
285 gi|35 9173 9465
286 gi|35 9342 9636
287 gi|35 14452 14586
288 gi|35 14828 15382
289 gi|35 19054 19344
290 gi|35 22055 22294
291 gi|35 22579 22752
292 gi|35 22781 23109
293 gi|35 23378 24482
294 gi|35 28979 29092
295 gi|35 29140 30357
296 gi|35 33328 33470
297 gi|35 35154 35499
298 gi|35 36236 37064
299 gi|36 569 911
300 gi|36 3479 3910
301 gi|36 5954 6063
302 gi|36 24134 24616
303 gi|36 24633 24924
304 gi|36 25205 25478
305 gi|36 27183 27291
306 gi|36 27952 29622
307 gi|36 30041 30193
308 gi|36 30202 30658
309 gi|36 33621 34512
310 gi|36 34504 35353
311 gi|36 39828 40051
312 gi|37 232 1296
313 gi|37 2511 2718
314 gi|37 5301 6043
315 gi|37 6681 6874
316 gi|37 7215 7783
317 gi|37 11552 11831
318 gi|37 18970 20086
319 gi|37 25240 25940
320 gi|37 29010 30007
321 gi|38 10 954
322 gi|38 3442 4689
323 gi|38 12852 13919
324 gi|38 13835 15329
325 gi|38 19922 20431
326 gi|38 20215 26962
327 gi|38 26814 27277
328 gi|38 27260 28817
329 gi|38 28796 30142
330 gi|39 6777 7890
331 gi|39 11695 11889
332 gi|39 11810 12241
333 gi|39 12771 13479
334 gi|39 15105 15540
335 gi|39 20674 21144
336 gi|39 21813 22123
337 gi|39 23287 23625
338 gi|39 23847 23943
339 gi|39 25562 26377
340 gi|39 26772 28232
341 gi|39 32069 32505
342 gi|39 36512 36792
343 gi|39 38865 39857
344 gi|4 168 977
345 gi|4 1261 2583
346 gi|4 2531 2774
347 gi|4 5204 5887
348 gi|4 13184 13494
349 gi|4 14388 14781
350 gi|4 19006 19189
351 gi|4 19457 20860
352 gi|4 33483 34567
353 gi|4 34692 35022
354 gi|40 1376 1840
355 gi|40 2385 2849
356 gi|40 5943 6155
357 gi|40 8666 8735
358 gi|40 8749 9331
359 gi|40 19313 19462
360 gi|41 2811 3711
361 gi|41 6217 6491
362 gi|41 11606 11783
363 gi|41 23217 23935
364 gi|41 24987 25036
365 gi|41 25592 25704
366 gi|42 4684 4992
367 gi|42 5457 6175
368 gi|42 15137 15576
369 gi|42 15958 16053
370 gi|42 24359 24556
371 gi|42 28345 29371
372 gi|43 2292 3533
373 gi|43 5085 5191
374 gi|43 5699 6036
375 gi|43 10770 11151
376 gi|43 19370 19552
377 gi|43 34185 34883
378 gi|43 35558 36613
379 gi|43 38883 39984
380 gi|44 12792 12868
381 gi|44 20549 20594
382 gi|44 21503 21867
383 gi|44 31948 35656
384 gi|44 37921 39600
385 gi|45 3691 3804
386 gi|45 6441 7058
387 gi|45 8871 9142
388 gi|45 9435 9534
389 gi|45 15087 16396
390 gi|45 18947 20471
391 gi|45 20520 20722
392 gi|45 20705 23197
393 gi|45 22795 26570
394 gi|45 26468 28588
395 gi|45 29539 29794
396 gi|45 31110 32258
397 gi|45 33826 34555
398 gi|46 4 1547
399 gi|46 9660 9815
400 gi|46 12977 13239
401 gi|46 16110 16378
402 gi|46 19738 19882
403 gi|46 36275 37146
404 gi|47 22104 22679
405 gi|47 26756 27027
406 gi|47 27335 27742
407 gi|47 29910 29985
408 gi|47 30912 31392
409 gi|47 31630 32123
410 gi|47 32138 32683
411 gi|47 33808 34151
412 gi|47 34438 34538
413 gi|47 34518 34890
414 gi|47 35929 36061
415 gi|48 1493 1800
416 gi|48 6897 8116
417 gi|48 10672 10746
418 gi|48 14034 15010
419 gi|48 18692 18993
420 gi|48 21618 22323
421 gi|48 23021 23980
422 gi|48 27052 28490
423 gi|48 29000 29775
424 gi|49 2624 2848
425 gi|49 13609 14075
426 gi|49 17322 17947
427 gi|49 18350 19587
428 gi|49 23432 24478
429 gi|49 28182 28795
430 gi|49 30004 31684
431 gi|49 32305 32629
432 gi|49 35528 36349
433 gi|5 1260 2816
434 gi|5 2821 8903
435 gi|5 10406 11692
436 gi|5 18702 20508
437 gi|5 20916 21685
438 gi|5 29043 29792
439 gi|5 32133 33267
440 gi|50 9178 9445
441 gi|50 27641 27870
442 gi|50 33755 34696
443 gi|51 205 938
444 gi|51 11902 12009
445 gi|51 12391 13910
446 gi|51 13967 14563
447 gi|51 14896 15381
448 gi|51 20863 26459
449 gi|51 26393 26746
450 gi|51 26671 27287
451 gi|51 34374 34451
452 gi|52 5546 9271
453 gi|52 10457 11237
454 gi|52 14909 14990
455 gi|52 17655 18128
456 gi|52 25231 25852
457 gi|52 30403 31671
458 gi|52 31878 32943
459 gi|52 35935 36163
460 gi|53 7632 9094
461 gi|53 10493 11196
462 gi|53 12305 12854
463 gi|53 18438 18534
464 gi|53 21542 21682
465 gi|53 23514 23676
466 gi|53 29166 29234
467 gi|53 33219 34214
468 gi|53 38412 38481
469 gi|54 2081 2874
470 gi|54 3374 3753
471 gi|54 4617 4808
472 gi|54 7409 7697
473 gi|54 14855 15769
474 gi|54 15787 16461
475 gi|54 16205 18575
476 gi|54 18555 19363
477 gi|54 25643 26492
478 gi|54 26490 26815
479 gi|55 12222 12330
480 gi|55 12296 12398
481 gi|55 18010 19213
482 gi|55 20257 20832
483 gi|55 23566 25758
484 gi|55 28925 29368
485 gi|55 29675 30496
486 gi|55 31122 31277
487 gi|55 35241 35952
488 gi|55 36068 36857
489 gi|56 4277 4372
490 gi|56 5673 5955
491 gi|56 9264 10784
492 gi|56 15751 15964
493 gi|56 16149 16230
494 gi|56 16195 16426
495 gi|56 23326 23893
496 gi|56 37713 38415
497 gi|57 1937 2402
498 gi|57 2249 2726
499 gi|57 2991 3795
500 gi|57 3594 5384
501 gi|57 12155 12333
502 gi|57 13955 14751
503 gi|57 20942 22982
504 gi|57 23342 23407
505 gi|57 25077 25365
506 gi|57 26183 26989
507 gi|57 31644 31735
508 gi|57 34379 34557
509 gi|58 2971 3255
510 gi|58 10884 11503
511 gi|58 20987 21111
512 gi|58 27846 27939
513 gi|59 7734 9266
514 gi|59 10916 12354
515 gi|6 2410 2633
516 gi|6 2661 3193
517 gi|6 6847 7117
518 gi|6 7057 8938
519 gi|6 11968 12231
520 gi|6 15448 15564
521 gi|6 24909 25499
522 gi|6 27215 27964
523 gi|6 31409 32554
524 gi|60 14603 14783
525 gi|60 19127 26126
526 gi|60 31078 31405
527 gi|60 33782 34930
528 gi|61 5554 6618
529 gi|61 9360 9770
530 gi|61 10883 11303
531 gi|61 11366 12397
532 gi|61 13946 14064
533 gi|61 14030 14161
534 gi|61 24801 29754
535 gi|61 30265 30388
536 gi|61 33213 33290
537 gi|61 37602 37881
538 gi|62 8770 8917
539 gi|62 11908 12065
540 gi|62 24538 25447
541 gi|62 25255 31079
542 gi|62 34179 35420
543 gi|62 38155 39926
544 gi|63 3878 3974
545 gi|63 12528 12632
546 gi|63 19588 19945
547 gi|63 21668 22878
548 gi|63 24853 26170
549 gi|63 29888 29938
550 gi|63 30052 30358
551 gi|63 30659 31800
552 gi|63 32724 32861
553 gi|63 35700 37138
554 gi|63 37507 39296
555 gi|64 3278 4840
556 gi|64 5931 6170
557 gi|64 20242 20388
558 gi|64 23390 24121
559 gi|64 32160 32249
560 gi|65 6255 6833
561 gi|65 8531 9803
562 gi|65 10495 11984
563 gi|65 12180 12662
564 gi|65 17559 18073
565 gi|65 18250 18320
566 gi|65 18883 18961
567 gi|65 19153 19315
568 gi|65 21914 22186
569 gi|65 22098 23045
570 gi|65 22881 24385
571 gi|65 26102 27207
572 gi|65 28973 29943
573 gi|65 32677 33189
574 gi|65 35745 35810
575 gi|66 1805 2257
576 gi|66 5895 6144
577 gi|66 7211 12858
578 gi|66 25468 25818
579 gi|66 30424 30508
580 gi|66 31727 32057
581 gi|66 32575 32628
582 gi|67 23278 23680
583 gi|67 26880 27037
584 gi|67 27085 28174
585 gi|67 39682 40174
586 gi|68 1710 1856
587 gi|68 2999 4448
588 gi|68 5443 7009
589 gi|68 7500 8238
590 gi|68 11375 11797
591 gi|68 16149 16281
592 gi|68 16662 17705
593 gi|68 23558 24110
594 gi|68 24273 24788
595 gi|68 31521 31768
596 gi|68 39914 40178
597 gi|69 102 490
598 gi|69 369 987
599 gi|69 9139 9659
600 gi|69 13139 13962
601 gi|69 14918 15528
602 gi|69 19268 19397
603 gi|69 21895 21996
604 gi|69 23273 24128
605 gi|69 25634 26520
606 gi|69 32296 32442
607 gi|69 34519 35708
608 gi|69 36389 37061
609 gi|7 27 378
610 gi|7 2491 3115
611 gi|7 4837 5067
612 gi|7 32830 33344
613 gi|7 34759 34972
614 gi|70 114 268
615 gi|70 1593 3148
616 gi|70 7950 9019
617 gi|70 9273 9399
618 gi|70 20960 21096
619 gi|70 22152 23373
620 gi|70 25052 25379
621 gi|70 26588 27008
622 gi|70 38366 39494
623 gi|70 40061 40178
624 gi|71 3292 4611
625 gi|71 4728 6079
626 gi|71 7259 8476
627 gi|71 11008 11149
628 gi|71 11661 11774
629 gi|71 13275 14309
630 gi|71 14742 16802
631 gi|71 20567 20878
632 gi|71 22438 22591
633 gi|71 22651 23246
634 gi|71 24435 25137
635 gi|71 26249 26952
636 gi|71 29631 30937
637 gi|71 33404 34815
638 gi|71 34987 36671
639 gi|71 37105 37295
640 gi|72 250 1734
641 gi|72 3181 3438
642 gi|72 8571 8960
643 gi|72 8969 9202
644 gi|72 21438 21578
645 gi|72 22598 22809
646 gi|72 24507 24694
647 gi|72 24904 25202
648 gi|72 34729 35205
649 gi|72 35173 36854
650 gi|72 39723 40142
651 gi|73 5302 5520
652 gi|73 11523 11754
653 gi|73 16848 17228
654 gi|73 17268 17544
655 gi|73 24913 25319
656 gi|73 27372 28054
657 gi|73 28775 29743
658 gi|73 30123 31227
659 gi|73 31589 33031
660 gi|73 38067 38643
661 gi|74 1977 2454
662 gi|74 2793 3393
663 gi|74 4269 4476
664 gi|74 7324 7524
665 gi|74 9487 9696
666 gi|74 10205 11493
667 gi|74 11704 12515
668 gi|74 12665 13087
669 gi|74 14712 14955
670 gi|74 18121 18423
671 gi|74 20887 22709
672 gi|74 27545 27645
673 gi|75 103 209
674 gi|75 3413 3527
675 gi|75 5435 6126
676 gi|75 6388 6549
677 gi|75 6557 7113
678 gi|75 10272 10320
679 gi|75 11414 12079
680 gi|75 13690 14372
681 gi|75 15762 16117
682 gi|75 16047 16634
683 gi|75 16643 16754
684 gi|75 19233 19328
685 gi|75 19315 19381
686 gi|75 20622 20805
687 gi|75 20995 21072
688 gi|75 31375 31538
689 gi|75 31466 36436
690 gi|75 36783 36900
691 gi|76 2430 3050
692 gi|76 6587 6727
693 gi|76 9946 10071
694 gi|76 10530 10610
695 gi|76 10816 11022
696 gi|76 11431 12019
697 gi|76 12244 12375
698 gi|76 13382 14149
699 gi|76 14361 15869
700 gi|76 24125 24264
701 gi|76 24375 25490
702 gi|76 25488 26083
703 gi|76 26154 27532
704 gi|76 30161 30826
705 gi|76 38123 38323
706 gi|76 38813 39959
707 gi|77 18729 19096
708 gi|77 24512 24714
709 gi|78 6519 7899
710 gi|78 9512 10941
711 gi|78 12248 12760
712 gi|78 14400 14502
713 gi|78 14924 15174
714 gi|78 16269 17092
715 gi|78 19871 20278
716 gi|78 23102 23824
717 gi|78 32288 32736
718 gi|78 33822 34198
719 gi|79 6256 7294
720 gi|79 8764 8852
721 gi|79 13589 14181
722 gi|79 14515 14717
723 gi|79 23842 24694
724 gi|79 26314 27160
725 gi|79 28643 28872
726 gi|79 30777 31790
727 gi|79 32096 32586
728 gi|79 32587 32908
729 gi|79 35276 36670
730 gi|79 39830 40045
731 gi|8 4017 4255
732 gi|8 13188 13411
733 gi|8 14557 14643
734 gi|8 14883 15135
735 gi|8 18244 19922
736 gi|8 22922 23000
737 gi|8 27343 27397
738 gi|8 29810 30993
739 gi|8 32119 32240
740 gi|8 34490 35337
741 gi|9 127 3862
742 gi|9 7752 8972
743 gi|9 10352 10772
744 gi|9 10763 10854
745 gi|9 28984 29120
746 gi|9 30127 30272
747 gi|9 30241 30377
748 gi|9 30735 32494
749 gi|9 33226 34035
750 gi|9 34268 35234
751 gi|9 36867 37286
752 gi|9 39964 40171
