#  fam    ele   dir  sequence    start     end
     1      1  1       gi|1     1461     1556 
     1    325  1      gi|34     9517     9549 
     2      2  1       gi|1     6661     6845 
     2    107  1      gi|18     8872     9089 
     2    144 -1      gi|20    33263    33344 
     3      3  1       gi|1    11525    11678 
     3     63  1      gi|14    25916    26072 
     3    385  1       gi|4     1242     1313 
     3    431 -1      gi|42    23034    23142 
     3    386  1       gi|4     1596     1637 
     4      5  1       gi|1    12901    12952 
     4    594 -1      gi|44    19451    19564 
     4    591  1      gi|32    15269    15420 
     4    580  1      gi|18    30574    30677 
     4    584 -1       gi|3     9300     9397 
     4    587  1      gi|45    39488    39612 
     4    590  1      gi|25    35663    35775 
     4    595 -1      gi|14    15211    15311 
     4    597  1      gi|22     7785     7888 
     4    598 -1      gi|31    26600    26648 
     4    600 -1      gi|31    27118    27166 
     4    602 -1      gi|31    27370    27418 
     4    604 -1      gi|31    27590    27637 
     4    606  1       gi|1    12652    12699 
     4    132 -1       gi|2    10963    11068 
     4    605  1      gi|35    12767    12815 
     5      6  1       gi|1    18585    19164 
     5    179 -1      gi|23    27459    28035 
     6      7  1       gi|1    19666    19707 
     6    579 -1      gi|18    30528    30569 
     6    646 -1      gi|47    39478    39524 
     6    667 -1      gi|18    35226    35265 
     6    573  1      gi|45    39442    39483 
     6    367 -1      gi|38    18229    18272 
     6    578  1       gi|6    29821    29866 
     6    648  1      gi|17    16057    16106 
     6    677  1      gi|44    31564    31602 
     6    577 -1       gi|3    21501    21538 
     6    650 -1      gi|27     8646     8692 
     6     14 -1      gi|10     3391     3428 
     6    499 -1      gi|47    25101    25143 
     6    434  1      gi|42    30200    30242 
     6    643  1       gi|2     8435     8477 
     6    644  1      gi|27      150      193 
     6    248 -1      gi|28    15026    15079 
     6    232  1      gi|27    16939    16986 
     7      8  1       gi|1    24215    24357 
     7    316  1      gi|33    18978    19131 
     8      9  1       gi|1    24630    25916 
     8    234  1      gi|27    21958    23241 
     9     10  1       gi|1    28338    28444 
     9    163 -1      gi|21    29682    30321 
     9     11  1       gi|1    28416    28842 
     9    198  1      gi|25    21768    22302 
    10     12  1       gi|1    38156    38401 
    10    337 -1      gi|35    13105    13363 
    11     13  1       gi|1    38860    39047 
    11    340 -1      gi|35    18260    18447 
    12     15  1      gi|10     3595     3675 
    12    489  1      gi|46    14890    14997 
    13     16  1      gi|10     3749     3849 
    13     77  1      gi|15    23609    23709 
    14     17  1      gi|10     8905     9118 
    14    269  1       gi|3    37714    37956 
    15     18  1      gi|10    11231    11370 
    15    178 -1      gi|23    23277    23396 
    15    407  1      gi|40    33072    33213 
    15    531  1       gi|7    23569    23666 
    16     19  1      gi|10    17510    18411 
    16    247 -1      gi|28    13760    14665 
    17     20  1      gi|10    21773    21843 
    17    540 -1       gi|8    10383    10434 
    18     21  1      gi|10    23613    23712 
    19     22  1      gi|10    31370    31593 
    19    410 -1      gi|40    36542    36765 
    20     23  1      gi|10    31674    31815 
    20    197  1      gi|25    11460    11793 
    20    415 -1      gi|41     5719     5771 
    20    551  1       gi|9    18958    19234 
    20    607 -1      gi|27    24470    24591 
    20    608 -1      gi|45    17054    17389 
    20    533  1       gi|7    27350    27562 
    21     24  1      gi|10    35120    36177 
    21     35 -1      gi|11    30789    31831 
    22     25  1      gi|10    36280    36457 
    22    103 -1      gi|18     2397     2495 
    22    372  1      gi|38    23375    23551 
    23     26  1      gi|10    36798    37082 
    24     27  1      gi|10    39635    39955 
    24    118  1      gi|19     3498     3817 
    25     28  1      gi|11      704      835 
    25    347 -1      gi|36    10377    10507 
    26     29  1      gi|11     7905     7956 
    26    189 -1      gi|24    28639    28776 
    26    331 -1      gi|34    25818    25887 
    27     30  1      gi|11     8160     8311 
    27    363 -1      gi|37    37565    38469 
    27    374  1      gi|38    29078    30014 
    28     31  1      gi|11    20294    21011 
    28    419  1      gi|41    12207    12921 
    29     32  1      gi|11    22953    23137 
    29    442  1      gi|43     6240     6430 
    30     33  1      gi|11    26917    27589 
    30    260  1      gi|29    34193    34856 
    31     34  1      gi|11    29225    29274 
    31    426  1      gi|42     8533     8603 
    31    176  1      gi|23    17341    17420 
    31    517  1       gi|6    15315    15365 
    32     36  1      gi|11    31989    32313 
    32    393 -1       gi|4    25116    25462 
    32    251 -1      gi|28    33849    34149 
    33     37  1      gi|11    33827    33927 
    33    133  1       gi|2    12240    12320 
    33    609  1      gi|47    10831    10918 
    33     94 -1      gi|17    11028    11106 
    33    253 -1      gi|28    35631    35690 
    33    427 -1      gi|42    12193    12280 
    34     38  1      gi|11    38744    38818 
    35     39  1      gi|12        1      168 
    35    359 -1      gi|37    18476    24429 
    35     43 -1      gi|13     8960    12794 
    35    243 -1      gi|28     6801     8562 
    35    400  1      gi|40     7035    12936 
    35    554 -1       gi|9    25184    27914 
    35    613 -1      gi|13    13219    15179 
    35    242 -1      gi|28     2515     5117 
    35    241 -1      gi|28     2352     2475 
    35    255  1      gi|29        1     2580 
    35    102  1      gi|17    36633    38449 
    35    553 -1       gi|9    24557    25237 
    36     40  1      gi|13     1455     1497 
    36    561 -1       gi|9    13945    14025 
    36     53  1      gi|14     5927     6010 
    36     80 -1      gi|16    12540    12623 
    36     54  1      gi|14    11005    11079 
    37     41  1      gi|13     3262     3369 
    38     42  1      gi|13     7000     7078 
    38    523  1       gi|7     7284     7367 
    39     46  1      gi|13    15957    16586 
    39    121 -1      gi|19    24584    24758 
    39    282  1      gi|31    10619    11213 
    39    334  1      gi|35     9904    10122 
    39    500 -1      gi|47    36494    37045 
    39    192  1      gi|24    35512    36088 
    39    309  1      gi|32    28071    28704 
    39    520  1       gi|6    23152    23641 
    40     47  1      gi|13    21752    21795 
    41     48  1      gi|13    23634    23691 
    41    101  1      gi|17    34130    34184 
    42     49  1      gi|13    26558    26601 
    42    139 -1      gi|20     3009     3070 
    42    180 -1      gi|23    32935    32999 
    43     50  1      gi|13    30572    30933 
    44     51  1      gi|14     3847     3916 
    45     52  1      gi|14     5073     5173 
    45    261  1       gi|3     5076     5173 
    46     55  1      gi|14    11551    11674 
    46    423 -1      gi|42      126      184 
    46    120 -1      gi|19    21828    21971 
    47     57  1      gi|14    15354    16597 
    47    315 -1      gi|33    16727    16923 
    47    475 -1      gi|45     5613     6831 
    48     58  1      gi|14    21899    21946 
    48    534  1       gi|7    38953    38997 
    49     59  1      gi|14    22551    22628 
    49    130 -1       gi|2     1666     1913 
    49    479 -1      gi|45    17633    17949 
    50     60  1      gi|14    22743    22851 
    51     61  1      gi|14    23082    24099 
    51    513  1       gi|6     4156     5172 
    52     62  1      gi|14    25215    25345 
    53     65  1      gi|14    33963    34108 
    53    272  1      gi|30    26119    26248 
    54     66  1      gi|15    15397    16127 
    54    199 -1      gi|25    22416    23155 
    55     67  1      gi|15    16399    16491 
    55    389  1       gi|4    11335    11424 
    56     68  1      gi|15    16574    17199 
    56    390  1       gi|4    12014    12654 
    57     69  1      gi|15    17783    18204 
    57    391  1       gi|4    13232    13679 
    58     70  1      gi|15    21056    21151 
    58    542 -1       gi|8    16758    16853 
    59     71  1      gi|15    21173    21209 
    59    114  1      gi|18    31847    31931 
    59     72 -1      gi|15    21280    21361 
    60     73  1      gi|15    21392    21719 
    60    541 -1       gi|8    16412    16737 
    61     74  1      gi|15    21717    22164 
    61    206 -1      gi|25    37172    37512 
    61    307  1      gi|32    22051    22132 
    61    538 -1       gi|8     2951     3401 
    62     76  1      gi|15    23499    23577 
    62     85 -1      gi|16    26043    26118 
    62    518 -1       gi|6    17191    17241 
    63     78  1      gi|15    28177    28249 
    63    297 -1      gi|31    36979    37051 
    64     79  1      gi|15    33995    34122 
    64    360  1      gi|37    30120    30157 
    65     82  1      gi|16    17859    18001 
    65    183  1      gi|24    11852    11981 
    66     83  1      gi|16    18107    18564 
    66    184  1      gi|24    11957    12408 
    67     84  1      gi|16    20646    20717 
    67    348  1      gi|36    15930    15994 
    68     86  1      gi|16    28793    28862 
    68    270 -1      gi|30     2224     2382 
    68    188 -1      gi|24    26253    26333 
    69     87  1      gi|16    28946    29070 
    69    433 -1      gi|42    30064    30186 
    70     88  1      gi|16    32559    32615 
    70    186  1      gi|24    22835    22888 
    71     89  1      gi|16    39142    39207 
    71     97  1      gi|17    23802    24345 
    71    652  1       gi|4    35788    36239 
    72     90  1      gi|17     1659     2240 
    72    159  1      gi|21    23155    23696 
    72    160  1      gi|21    25232    25297 
    72    654  1      gi|31    37115    37169 
    73     91  1      gi|17     2241     2414 
    73    164  1      gi|21    39108    39281 
    74     92  1      gi|17     3530     3589 
    74    568  1      gi|15    22485    22815 
    74    569 -1       gi|8     1876     2204 
    75     93  1      gi|17     3721     3807 
    75    472 -1      gi|44    33056    33141 
    76     96  1      gi|17    17329    17386 
    76    177  1      gi|23    21973    22028 
    76    134  1       gi|2    28026    28068 
    77     98  1      gi|17    24413    24882 
    77    653  1       gi|4    36239    36996 
    77    563  1      gi|21    12644    13435 
    78     99  1      gi|17    25314    26913 
    78    154  1      gi|21    13547    15071 
    78    397  1       gi|4    37766    38842 
    79    100  1      gi|17    27049    27166 
    79    628  1      gi|21    15160    15419 
    79    634  1       gi|4    38859    39105 
    79    633 -1      gi|37     8419     8464 
    80    104  1      gi|18     3033     3068 
    80    317  1      gi|33    30336    30374 
    81    105  1      gi|18     4675     5594 
    81    503 -1       gi|5     5475     6437 
    82    106  1      gi|18     6227     6277 
    82    480 -1      gi|45    20633    20866 
    82    547  1       gi|9    12280    12494 
    82    651  1      gi|16    16308    16358 
    83    109  1      gi|18    22765    23002 
    83    527 -1       gi|7    14506    14734 
    84    110  1      gi|18    23428    23728 
    84    526 -1       gi|7    13918    14211 
    85    111  1      gi|18    23819    24320 
    85    525 -1       gi|7    13215    13728 
    86    112  1      gi|18    24637    25159 
    86    524 -1       gi|7    12601    13126 
    87    116  1      gi|19        1     2028 
    87    341 -1      gi|35    23143    25171 
    87    417 -1      gi|41    10620    10698 
    88    117  1      gi|19     2023     2067 
    88    361  1      gi|37    32876    32920 
    89    119  1      gi|19     9140     9229 
    89    473 -1      gi|44    40051    40098 
    90    122  1      gi|19    31534    31734 
    90    555  1       gi|9    27896    28338 
    90    310  1      gi|33     2884     2961 
    90    123  1      gi|19    31674    32085 
    90    448 -1      gi|43    19695    19783 
    91    124  1      gi|19    34048    34080 
    92    125  1      gi|19    35258    36198 
    92    484  1      gi|45    29924    30858 
    93    126  1      gi|19    36267    36362 
    93    528 -1       gi|7    15076    15177 
    94    127  1      gi|19    39107    39152 
    94    670  1      gi|40    24249    24371 
    94    671 -1       gi|4    21956    22084 
    95    128  1       gi|2     1346     1468 
    95    357  1      gi|37    14221    14336 
    96    129  1       gi|2     1473     1671 
    96    358  1      gi|37    15872    16069 
    97    135  1       gi|2    28048    28089 
    97    286  1      gi|31    21475    21515 
    98    136  1       gi|2    33101    35059 
    98    343 -1      gi|35    30197    32141 
    99    137  1       gi|2    36196    40132 
    99    342 -1      gi|35    25172    29106 
   100    138  1      gi|20     1114     1432 
   100    275  1      gi|30    37407    37957 
   100    486 -1      gi|46     1595     1700 
   100    441  1      gi|42    38097    38670 
   101    140  1      gi|20    10591    10785 
   101    558  1       gi|9    35462    35656 
   102    141  1      gi|20    26834    27137 
   102    355 -1      gi|37     3517     3811 
   103    142  1      gi|20    30028    32128 
   103    281  1      gi|31     6579     8695 
   103    464  1      gi|44     5337     5781 
   104    143  1      gi|20    32188    32673 
   104    200  1      gi|25    24939    25073 
   104    300  1      gi|32     7235     7296 
   104    566  1       gi|3    28971    29413 
   104    565  1       gi|3    28927    28969 
   104    193  1      gi|24    38689    38772 
   104    438 -1      gi|42    33530    33566 
   105    145  1      gi|20    34429    34573 
   105    494 -1      gi|46    28823    28967 
   106    146  1      gi|20    39304    39341 
   107    148  1      gi|21     1337     1580 
   107    279 -1      gi|31     4269     4515 
   108    149  1      gi|21     1987     2613 
   108    278 -1      gi|31     3256     3874 
   109    150  1      gi|21     3052     3186 
   109    277 -1      gi|31     2671     2806 
   110    151  1      gi|21     9798    10278 
   110    567 -1      gi|15    22153    22484 
   110    537  1       gi|8     2316     2804 
   111    152  1      gi|21    10593    10874 
   111    570  1       gi|8     2207     2536 
   111    207  1      gi|25    38184    38307 
   112    156  1      gi|21    16688    17236 
   112    505  1       gi|5    17430    18046 
   112    673 -1      gi|23    37586    38188 
   112    157  1      gi|21    18426    18898 
   112    295  1      gi|31    32604    32900 
   112    306  1      gi|32    21719    21862 
   112    676  1      gi|31    34057    34658 
   113    158  1      gi|21    21591    21643 
   114    161  1      gi|21    25357    25461 
   114    320 -1      gi|33    39553    39657 
   115    162  1      gi|21    27528    27649 
   115    256 -1      gi|29     5011     5050 
   116    166  1      gi|22     3074     3143 
   116    437 -1      gi|42    32365    32434 
   117    168  1      gi|22    14451    14588 
   117    329 -1      gi|34    15473    15600 
   118    169  1      gi|22    24642    24906 
   118    191  1      gi|24    31452    31717 
   119    170  1      gi|22    29151    29625 
   119    201 -1      gi|25    29939    30413 
   120    171  1      gi|22    33081    33222 
   120    230  1      gi|27     6043     6198 
   121    172  1      gi|22    38379    40078 
   121    303 -1      gi|32    15486    17217 
   122    173  1      gi|23     4328     4394 
   122    550 -1       gi|9    15305    15368 
   123    174  1      gi|23    12022    12087 
   123    375 -1      gi|39      971     1059 
   123    430  1      gi|42    21558    21600 
   124    175  1      gi|23    14316    14390 
   124    280  1      gi|31     4799     4872 
   125    182  1      gi|24     5012     5188 
   125    236 -1      gi|27    33933    34106 
   126    185  1      gi|24    19573    19763 
   126    449  1      gi|43    19927    20115 
   127    187  1      gi|24    24542    25335 
   127    467  1      gi|44    18433    19210 
   128    190  1      gi|24    29304    29448 
   128    271 -1      gi|30    24276    24423 
   129    194  1      gi|25     2298     2360 
   129    238  1      gi|27    36769    36840 
   130    195  1      gi|25     3784     4205 
   130    210  1      gi|26     1440     1867 
   131    196  1      gi|25     5297     5570 
   132    202  1      gi|25    31630    31921 
   132    245  1      gi|28    10973    11248 
   133    203  1      gi|25    32317    32642 
   133    246  1      gi|28    11686    12011 
   134    205  1      gi|25    37135    37205 
   134    506  1       gi|5    18152    18277 
   134    429 -1      gi|42    19715    19755 
   135    208  1      gi|26        1      410 
   135    461 -1      gi|43    36407    36795 
   136    209  1      gi|26      686     1340 
   136    460 -1      gi|43    35793    36446 
   137    211  1      gi|26     2280     2363 
   137    240  1      gi|28     2097     2241 
   138    212  1      gi|26     2608     2664 
   138    459 -1      gi|43    34604    34746 
   138    213  1      gi|26     3243     3369 
   139    214  1      gi|26     5997     6626 
   139    456 -1      gi|43    30303    30928 
   140    215  1      gi|26     7231     7633 
   140    455 -1      gi|43    29606    30007 
   141    216  1      gi|26     7982     9893 
   141    454 -1      gi|43    27347    29296 
   142    217  1      gi|26    12621    13469 
   142    453 -1      gi|43    23497    24403 
   143    218  1      gi|26    14669    14715 
   143    452 -1      gi|43    20722    21274 
   143    220  1      gi|26    15981    16533 
   143    222  1      gi|26    19110    19657 
   144    219  1      gi|26    15136    15906 
   144    457  1      gi|43    33634    34397 
   145    221  1      gi|26    17086    17235 
   145    451 -1      gi|43    20470    20652 
   145    522 -1       gi|6    33856    33928 
   145    223  1      gi|26    20229    20411 
   145    458  1      gi|43    34415    34568 
   145    497  1      gi|47     1092     1150 
   146    224  1      gi|26    22788    23689 
   146    319 -1      gi|33    35819    36737 
   147    225  1      gi|26    26361    26405 
   147    450 -1      gi|43    20401    20445 
   148    226  1      gi|26    27699    27824 
   148    560 -1       gi|9    39093    39424 
   148    491  1      gi|46    17975    18060 
   148    311 -1      gi|33     4500     5131 
   148    258  1      gi|29    24055    24146 
   148    402 -1      gi|40    22366    22636 
   148    614  1      gi|13    12952    13186 
   148    403 -1      gi|40    22845    22921 
   149    228  1      gi|27     3206     3288 
   149    327 -1      gi|34    13072    13150 
   149    617  1      gi|39     1533     1612 
   150    233  1      gi|27    21785    21857 
   150    408 -1      gi|40    33400    33480 
   151    237  1      gi|27    35394    35503 
   151    335 -1      gi|35    10950    11057 
   152    239  1      gi|28     1382     1435 
   152    338 -1      gi|35    15385    15443 
   152    339 -1      gi|35    15553    15611 
   153    244  1      gi|28    10779    10864 
   153    425  1      gi|42     7685     7767 
   154    249  1      gi|28    25348    25467 
   154    508  1       gi|5    22849    22965 
   155    250  1      gi|28    26658    26757 
   155    512  1       gi|6     1189     1252 
   156    252  1      gi|28    34246    34503 
   156    416  1      gi|41     7057     7337 
   157    254  1      gi|28    37358    37449 
   157    476  1      gi|45     6954     7012 
   157    620  1       gi|3    12823    12958 
   157    444 -1      gi|43    10045    10108 
   157    678  1       gi|7    18670    18781 
   158    257  1      gi|29    17438    17932 
   158    262 -1       gi|3     5514     5996 
   159    259  1      gi|29    28847    28959 
   159    657  1      gi|35    33281    33399 
   159    659  1      gi|41    28077    28183 
   159    661  1      gi|18     9737     9847 
   159    663  1      gi|32    18116    18220 
   159    665  1      gi|35    33173    33265 
   159    666 -1      gi|21    39259    39360 
   160    267  1       gi|3    24614    24737 
   160    640 -1      gi|21     1129     1247 
   160    637  1       gi|3    24358    24461 
   161    273  1      gi|30    26236    26529 
   161    559  1       gi|9    38926    39210 
   161    616 -1      gi|27     3364     3470 
   161    619 -1      gi|27     3284     3358 
   161    618 -1      gi|27     3253     3284 
   162    274  1      gi|30    26569    26833 
   163    276  1      gi|31     2000     2397 
   163    545  1       gi|9     2537     2962 
   164    283  1      gi|31    12255    12468 
   164    308  1      gi|32    27641    27854 
   165    284  1      gi|31    13797    13842 
   165    424  1      gi|42     5621     5665 
   166    285  1      gi|31    20896    21141 
   166    474  1      gi|45      697      932 
   167    288  1      gi|31    26771    26951 
   167    326  1      gi|34     9963    10149 
   168    289  1      gi|31    26987    27102 
   168    575  1      gi|34      974     1089 
   168    291  1      gi|31    27240    27354 
   168    293  1      gi|31    27492    27585 
   168    596 -1      gi|22     7726     7784 
   168    599 -1      gi|31    27052    27118 
   168    601 -1      gi|31    27304    27370 
   169    299  1      gi|31    39224    39283 
   169    532  1       gi|7    25772    25827 
   170    301  1      gi|32    14577    15090 
   170    322 -1      gi|34      180      723 
   171    305  1      gi|32    19754    19928 
   171    510  1       gi|5    39289    39572 
   172    312  1      gi|33     5780     5834 
   172    477  1      gi|45    14878    14929 
   173    313  1      gi|33     7721     7778 
   173    332  1      gi|34    30112    30227 
   173    413 -1      gi|41     3609     3698 
   174    314  1      gi|33    10129    11383 
   174    373 -1      gi|38    25922    27176 
   175    318  1      gi|33    32597    32661 
   175    509  1       gi|5    29604    29670 
   176    321  1      gi|33    39757    39956 
   176    362 -1      gi|37    37264    37479 
   177    324  1      gi|34     6694     6783 
   178    328  1      gi|34    14819    14904 
   178    428 -1      gi|42    17949    18038 
   179    330  1      gi|34    23156    23205 
   179    411 -1      gi|40    37778    37832 
   180    333  1      gi|35      249      421 
   181    346  1      gi|36     8970     9016 
   181    463 -1      gi|44      830      877 
   182    349  1      gi|36    16202    16289 
   182    422 -1      gi|41    39717    39806 
   183    350  1      gi|36    22733    22861 
   183    469 -1      gi|44    20301    20429 
   184    351  1      gi|36    32880    34370 
   184    366  1      gi|38    15000    15146 
   184    482 -1      gi|45    25541    27013 
   185    352  1      gi|36    34691    34802 
   185    483 -1      gi|45    28619    28727 
   186    353  1      gi|37      735      803 
   186    418 -1      gi|41    10739    10809 
   187    354  1      gi|37     1078     1125 
   187    382 -1      gi|39    28011    28061 
   188    364  1      gi|38      989     1063 
   188    470 -1      gi|44    29903    29971 
   189    365  1      gi|38     7522     7863 
   189    405  1      gi|40    26193    26543 
   190    368  1      gi|38    18838    18988 
   190    414  1      gi|41     4036     4186 
   191    369  1      gi|38    19077    19344 
   191    443 -1      gi|43     8764     9034 
   192    370  1      gi|38    20346    20601 
   192    436 -1      gi|42    31181    31433 
   193    371  1      gi|38    20902    21107 
   193    435 -1      gi|42    30675    30884 
   194    377  1      gi|39    15902    16419 
   194    487  1      gi|46    11754    12277 
   195    378  1      gi|39    16725    17420 
   195    488  1      gi|46    12541    13212 
   196    379  1      gi|39    19178    19253 
   196    622 -1       gi|4     2446     2513 
   196    625 -1      gi|40    14371    14429 
   196    629 -1      gi|21    15420    15492 
   196    632 -1      gi|37     8347     8408 
   196    635 -1       gi|4    39112    39178 
   196    641  1      gi|14    29507    29568 
   196    380  1      gi|39    24388    24453 
   196    638  1       gi|3    24461    24529 
   196    639 -1      gi|21     1064     1122 
   197    381  1      gi|39    24451    24547 
   197    612  1       gi|4    32684    32787 
   197    668 -1      gi|44     6934     6970 
   198    383  1      gi|39    36946    37080 
   198    466  1      gi|44     9070     9204 
   199    384  1       gi|4     1007     1110 
   200    388  1       gi|4     9582     9684 
   201    395  1       gi|4    35716    35823 
   201    439  1      gi|42    36077    36185 
   202    399  1      gi|40     4861     4958 
   203    406  1      gi|40    32795    33103 
   204    409  1      gi|40    34892    34985 
   204    507 -1       gi|5    21214    21308 
   205    412  1      gi|41      327      399 
   205    504 -1       gi|5     7798     7897 
   205    420 -1      gi|41    19610    19681 
   205    530 -1       gi|7    20632    20690 
   206    432  1      gi|42    27104    27212 
   206    519 -1       gi|6    19980    20084 
   207    440  1      gi|42    37800    37845 
   207    556  1       gi|9    29694    29738 
   208    445  1      gi|43    10545    10755 
   208    515  1       gi|6     6421     6635 
   209    446  1      gi|43    10958    11320 
   209    516  1       gi|6     6600     6963 
   210    447  1      gi|43    16501    16565 
   211    462  1      gi|43    36796    38335 
   211    496 -1      gi|46    38590    40132 
   212    481  1      gi|45    20791    21830 
   212    562 -1      gi|21    12067    12642 
   212    535 -1       gi|8      832     1846 
   213    490  1      gi|46    15962    16070 
   213    539 -1       gi|8     7728     7836 
   214    492  1      gi|46    18581    21666 
   214    544  1       gi|8    29882    32995 
   215    493  1      gi|46    26975    27031 
   216    495  1      gi|46    35963    36782 
   216    511 -1       gi|6       11      835 
   217    501  1      gi|47    37253    37719 
   217    548  1       gi|9    13005    13456 
   218    514  1       gi|6     5495     5526 
   219    543  1       gi|8    24685    24838 
   219    557  1       gi|9    30609    30767 
   220    546  1       gi|9     3472     3514 
   221    552  1       gi|9    22354    24553 
   222    576  1      gi|34     1094     1137 
   222    581 -1      gi|22     7661     7726 
   222    585 -1      gi|32    15203    15259 
   223    592  1      gi|32    15422    15471 
   223    593 -1      gi|44    19403    19444 
   224    610  1      gi|47    10920    10993 
   224    611 -1       gi|4    32615    32680 
   225    624  1       gi|4    39191    39241 
   225    627  1      gi|21    15493    15558 
   226    645  1      gi|47    39437    39471 
   226    655 -1      gi|31    37169    37206 
   227    647  1      gi|17    15745    16056 
   227    649  1      gi|27     8336     8643 
   228    660  1      gi|41    28187    28260 
   228    662  1      gi|18     9848     9920 
   229    669  1      gi|40    23020    24243 
   229    672 -1       gi|4    22084    23316 
   230    674  1      gi|23    38190    38278 
   230    675 -1      gi|31    33968    34055 
