1 gi|1 1461 1556
2 gi|1 6661 6845
3 gi|1 11525 11681
4 gi|1 12635 12732
5 gi|1 12894 12970
6 gi|1 18585 19164
7 gi|1 19660 19722
8 gi|1 24215 24357
9 gi|1 24630 25916
10 gi|1 28338 28446
11 gi|1 28416 28842
12 gi|1 38156 38401
13 gi|1 38860 39047
14 gi|10 3391 3428
15 gi|10 3595 3675
16 gi|10 3749 3849
17 gi|10 8905 9118
18 gi|10 11229 11370
19 gi|10 17510 18411
20 gi|10 21773 21843
21 gi|10 23613 23712
22 gi|10 31370 31593
23 gi|10 31674 31815
24 gi|10 35120 36177
25 gi|10 36280 36457
26 gi|10 36798 37082
27 gi|10 39635 39955
28 gi|11 704 835
29 gi|11 7905 7956
30 gi|11 8160 8311
31 gi|11 20294 21011
32 gi|11 22953 23137
33 gi|11 26917 27589
34 gi|11 29225 29278
35 gi|11 30789 31831
36 gi|11 31989 32313
37 gi|11 33824 33927
38 gi|11 38744 38818
39 gi|12 1 168
40 gi|13 1455 1497
41 gi|13 3262 3369
42 gi|13 7000 7078
43 gi|13 8960 12798
44 gi|13 12929 13195
45 gi|13 13202 15179
46 gi|13 15957 16586
47 gi|13 21749 21795
48 gi|13 23634 23691
49 gi|13 26558 26601
50 gi|13 30572 30933
51 gi|14 3847 3916
52 gi|14 5073 5173
53 gi|14 5922 6010
54 gi|14 11005 11079
55 gi|14 11551 11674
56 gi|14 15194 15337
57 gi|14 15354 16597
58 gi|14 21899 21946
59 gi|14 22551 22628
60 gi|14 22738 22851
61 gi|14 23082 24099
62 gi|14 25215 25345
63 gi|14 25916 26074
64 gi|14 29490 29586
65 gi|14 33963 34108
66 gi|15 15397 16127
67 gi|15 16399 16491
68 gi|15 16574 17199
69 gi|15 17783 18204
70 gi|15 21056 21151
71 gi|15 21173 21209
72 gi|15 21280 21361
73 gi|15 21392 21719
74 gi|15 21717 22164
75 gi|15 22152 22815
76 gi|15 23499 23577
77 gi|15 23609 23709
78 gi|15 28177 28249
79 gi|15 33995 34122
80 gi|16 12540 12623
81 gi|16 16302 16372
82 gi|16 17859 18001
83 gi|16 18107 18564
84 gi|16 20640 20717
85 gi|16 26043 26118
86 gi|16 28793 28862
87 gi|16 28946 29070
88 gi|16 32559 32615
89 gi|16 39142 39207
90 gi|17 1659 2240
91 gi|17 2241 2414
92 gi|17 3528 3595
93 gi|17 3721 3807
94 gi|17 11027 11106
95 gi|17 15745 16131
96 gi|17 17329 17386
97 gi|17 23800 24352
98 gi|17 24411 24885
99 gi|17 25314 26914
100 gi|17 27048 27166
101 gi|17 34130 34184
102 gi|17 36633 38450
103 gi|18 2397 2495
104 gi|18 3033 3068
105 gi|18 4675 5594
106 gi|18 6227 6277
107 gi|18 8872 9089
108 gi|18 9724 9920
109 gi|18 22765 23002
110 gi|18 23428 23728
111 gi|18 23819 24320
112 gi|18 24637 25159
113 gi|18 30521 30704
114 gi|18 31847 31931
115 gi|18 35204 35285
116 gi|19 1 2028
117 gi|19 2023 2067
118 gi|19 3498 3817
119 gi|19 9140 9229
120 gi|19 21828 21972
121 gi|19 24584 24758
122 gi|19 31534 31734
123 gi|19 31674 32085
124 gi|19 34048 34080
125 gi|19 35258 36198
126 gi|19 36267 36362
127 gi|19 39107 39152
128 gi|2 1346 1468
129 gi|2 1473 1671
130 gi|2 1666 1921
131 gi|2 8417 8492
132 gi|2 10963 11068
133 gi|2 12240 12320
134 gi|2 28026 28068
135 gi|2 28048 28089
136 gi|2 33101 35059
137 gi|2 36196 40132
138 gi|20 1114 1432
139 gi|20 3009 3071
140 gi|20 10591 10785
141 gi|20 26834 27137
142 gi|20 30028 32128
143 gi|20 32178 32673
144 gi|20 33263 33344
145 gi|20 34429 34573
146 gi|20 39304 39341
147 gi|21 1049 1247
148 gi|21 1337 1580
149 gi|21 1987 2613
150 gi|21 3052 3186
151 gi|21 9790 10278
152 gi|21 10593 10876
153 gi|21 12067 13435
154 gi|21 13547 15071
155 gi|21 15159 15558
156 gi|21 16688 17236
157 gi|21 18426 18898
158 gi|21 21587 21644
159 gi|21 23148 23696
160 gi|21 25232 25297
161 gi|21 25357 25461
162 gi|21 27528 27649
163 gi|21 29682 30321
164 gi|21 39108 39281
165 gi|21 39254 39384
166 gi|22 3074 3143
167 gi|22 7661 7915
168 gi|22 14451 14588
169 gi|22 24642 24906
170 gi|22 29151 29625
171 gi|22 33081 33222
172 gi|22 38379 40078
173 gi|23 4328 4394
174 gi|23 12022 12087
175 gi|23 14316 14390
176 gi|23 17341 17421
177 gi|23 21969 22028
178 gi|23 23272 23397
179 gi|23 27459 28035
180 gi|23 32935 32999
181 gi|23 37577 38278
182 gi|24 5012 5188
183 gi|24 11852 11981
184 gi|24 11957 12408
185 gi|24 19573 19763
186 gi|24 22835 22888
187 gi|24 24542 25335
188 gi|24 26245 26333
189 gi|24 28635 28776
190 gi|24 29304 29448
191 gi|24 31452 31717
192 gi|24 35510 36088
193 gi|24 38688 38772
194 gi|25 2298 2360
195 gi|25 3784 4205
196 gi|25 5297 5570
197 gi|25 11460 11793
198 gi|25 21768 22307
199 gi|25 22416 23155
200 gi|25 24939 25078
201 gi|25 29939 30413
202 gi|25 31630 31921
203 gi|25 32317 32642
204 gi|25 35632 35783
205 gi|25 37130 37207
206 gi|25 37172 37515
207 gi|25 38180 38308
208 gi|26 1 410
209 gi|26 686 1340
210 gi|26 1440 1867
211 gi|26 2280 2363
212 gi|26 2608 2664
213 gi|26 3243 3369
214 gi|26 5997 6626
215 gi|26 7231 7633
216 gi|26 7982 9893
217 gi|26 12621 13469
218 gi|26 14669 14715
219 gi|26 15136 15906
220 gi|26 15981 16533
221 gi|26 17086 17235
222 gi|26 19110 19657
223 gi|26 20229 20411
224 gi|26 22788 23689
225 gi|26 26361 26405
226 gi|26 27694 27829
227 gi|27 143 206
228 gi|27 3199 3292
229 gi|27 3253 3470
230 gi|27 6043 6198
231 gi|27 8336 8702
232 gi|27 16939 16986
233 gi|27 21785 21866
234 gi|27 21958 23241
235 gi|27 24440 24594
236 gi|27 33933 34106
237 gi|27 35394 35503
238 gi|27 36769 36840
239 gi|28 1382 1435
240 gi|28 2097 2247
241 gi|28 2348 2475
242 gi|28 2515 5117
243 gi|28 6801 8564
244 gi|28 10779 10864
245 gi|28 10973 11248
246 gi|28 11686 12011
247 gi|28 13760 14665
248 gi|28 15026 15079
249 gi|28 25348 25467
250 gi|28 26658 26757
251 gi|28 33849 34151
252 gi|28 34246 34503
253 gi|28 35622 35692
254 gi|28 37355 37455
255 gi|29 1 2584
256 gi|29 5003 5050
257 gi|29 17438 17932
258 gi|29 24055 24150
259 gi|29 28831 28967
260 gi|29 34193 34856
261 gi|3 5076 5173
262 gi|3 5514 5996
263 gi|3 9280 9423
264 gi|3 12823 12981
265 gi|3 21492 21558
266 gi|3 24358 24577
267 gi|3 24614 24739
268 gi|3 28914 29413
269 gi|3 37714 37956
270 gi|30 2224 2382
271 gi|30 24276 24423
272 gi|30 26119 26248
273 gi|30 26236 26529
274 gi|30 26567 26833
275 gi|30 37407 37957
276 gi|31 2000 2397
277 gi|31 2671 2806
278 gi|31 3256 3874
279 gi|31 4269 4515
280 gi|31 4799 4876
281 gi|31 6579 8695
282 gi|31 10619 11213
283 gi|31 12255 12468
284 gi|31 13797 13842
285 gi|31 20896 21141
286 gi|31 21475 21515
287 gi|31 26575 26660
288 gi|31 26771 26951
289 gi|31 26987 27102
290 gi|31 27048 27178
291 gi|31 27240 27354
292 gi|31 27300 27430
293 gi|31 27492 27585
294 gi|31 27556 27649
295 gi|31 32604 32900
296 gi|31 33968 34658
297 gi|31 36979 37051
298 gi|31 37107 37206
299 gi|31 39224 39283
300 gi|32 7235 7304
301 gi|32 14577 15090
302 gi|32 15203 15471
303 gi|32 15486 17217
304 gi|32 18094 18225
305 gi|32 19754 19928
306 gi|32 21719 21862
307 gi|32 22051 22132
308 gi|32 27641 27854
309 gi|32 28071 28704
310 gi|33 2884 2966
311 gi|33 4500 5131
312 gi|33 5780 5834
313 gi|33 7721 7778
314 gi|33 10129 11383
315 gi|33 16727 16923
316 gi|33 18978 19131
317 gi|33 30336 30374
318 gi|33 32597 32661
319 gi|33 35819 36737
320 gi|33 39553 39657
321 gi|33 39757 39956
322 gi|34 180 723
323 gi|34 974 1137
324 gi|34 6694 6783
325 gi|34 9517 9549
326 gi|34 9963 10149
327 gi|34 13065 13155
328 gi|34 14819 14904
329 gi|34 15473 15600
330 gi|34 23156 23205
331 gi|34 25818 25887
332 gi|34 30112 30227
333 gi|35 249 421
334 gi|35 9904 10122
335 gi|35 10950 11057
336 gi|35 12756 12853
337 gi|35 13105 13363
338 gi|35 15385 15443
339 gi|35 15553 15611
340 gi|35 18260 18447
341 gi|35 23143 25171
342 gi|35 25172 29106
343 gi|35 30197 32141
344 gi|35 33163 33311
345 gi|35 33253 33418
346 gi|36 8970 9016
347 gi|36 10377 10507
348 gi|36 15930 15994
349 gi|36 16202 16289
350 gi|36 22733 22861
351 gi|36 32880 34370
352 gi|36 34691 34802
353 gi|37 735 803
354 gi|37 1078 1125
355 gi|37 3517 3811
356 gi|37 8298 8464
357 gi|37 14221 14336
358 gi|37 15872 16069
359 gi|37 18476 24429
360 gi|37 30120 30157
361 gi|37 32876 32920
362 gi|37 37264 37479
363 gi|37 37565 38469
364 gi|38 989 1063
365 gi|38 7522 7863
366 gi|38 15000 15153
367 gi|38 18227 18276
368 gi|38 18838 18988
369 gi|38 19077 19344
370 gi|38 20346 20601
371 gi|38 20902 21107
372 gi|38 23375 23551
373 gi|38 25922 27176
374 gi|38 29078 30014
375 gi|39 971 1059
376 gi|39 1520 1614
377 gi|39 15902 16419
378 gi|39 16725 17420
379 gi|39 19165 19260
380 gi|39 24380 24459
381 gi|39 24451 24547
382 gi|39 28011 28061
383 gi|39 36946 37080
384 gi|4 1007 1110
385 gi|4 1242 1313
386 gi|4 1593 1642
387 gi|4 2442 2542
388 gi|4 9582 9684
389 gi|4 11335 11424
390 gi|4 12014 12654
391 gi|4 13232 13679
392 gi|4 21956 23316
393 gi|4 25116 25464
394 gi|4 32615 32787
395 gi|4 35716 35823
396 gi|4 35788 36996
397 gi|4 37766 38843
398 gi|4 38859 39241
399 gi|40 4861 4958
400 gi|40 7035 12940
401 gi|40 14343 14450
402 gi|40 22366 22636
403 gi|40 22845 22931
404 gi|40 23020 24371
405 gi|40 26193 26543
406 gi|40 32795 33103
407 gi|40 33072 33213
408 gi|40 33400 33480
409 gi|40 34892 34985
410 gi|40 36542 36765
411 gi|40 37778 37832
412 gi|41 327 399
413 gi|41 3609 3699
414 gi|41 4036 4186
415 gi|41 5719 5773
416 gi|41 7057 7337
417 gi|41 10620 10698
418 gi|41 10739 10809
419 gi|41 12207 12921
420 gi|41 19610 19681
421 gi|41 28049 28260
422 gi|41 39717 39806
423 gi|42 123 185
424 gi|42 5621 5665
425 gi|42 7685 7767
426 gi|42 8532 8603
427 gi|42 12193 12280
428 gi|42 17949 18038
429 gi|42 19712 19763
430 gi|42 21553 21609
431 gi|42 23032 23146
432 gi|42 27104 27212
433 gi|42 30064 30186
434 gi|42 30194 30244
435 gi|42 30675 30884
436 gi|42 31181 31433
437 gi|42 32365 32434
438 gi|42 33530 33566
439 gi|42 36077 36185
440 gi|42 37800 37845
441 gi|42 38097 38670
442 gi|43 6240 6430
443 gi|43 8764 9034
444 gi|43 10045 10108
445 gi|43 10545 10755
446 gi|43 10958 11320
447 gi|43 16501 16565
448 gi|43 19690 19788
449 gi|43 19927 20115
450 gi|43 20401 20445
451 gi|43 20470 20652
452 gi|43 20722 21277
453 gi|43 23497 24403
454 gi|43 27347 29296
455 gi|43 29606 30007
456 gi|43 30303 30928
457 gi|43 33634 34397
458 gi|43 34412 34568
459 gi|43 34604 34746
460 gi|43 35793 36446
461 gi|43 36407 36795
462 gi|43 36796 38335
463 gi|44 830 877
464 gi|44 5335 5781
465 gi|44 6929 7001
466 gi|44 9070 9204
467 gi|44 18433 19210
468 gi|44 19403 19577
469 gi|44 20301 20429
470 gi|44 29903 29971
471 gi|44 31552 31627
472 gi|44 33056 33141
473 gi|44 40049 40102
474 gi|45 697 932
475 gi|45 5613 6831
476 gi|45 6954 7012
477 gi|45 14878 14929
478 gi|45 17022 17389
479 gi|45 17633 17951
480 gi|45 20633 20866
481 gi|45 20791 21830
482 gi|45 25541 27013
483 gi|45 28619 28727
484 gi|45 29924 30858
485 gi|45 39430 39652
486 gi|46 1595 1700
487 gi|46 11754 12277
488 gi|46 12541 13212
489 gi|46 14890 14997
490 gi|46 15962 16070
491 gi|46 17975 18060
492 gi|46 18581 21666
493 gi|46 26975 27031
494 gi|46 28823 28967
495 gi|46 35963 36782
496 gi|46 38590 40132
497 gi|47 1092 1150
498 gi|47 10831 10993
499 gi|47 25095 25152
500 gi|47 36494 37045
501 gi|47 37253 37719
502 gi|47 39437 39530
503 gi|5 5475 6437
504 gi|5 7798 7897
505 gi|5 17429 18048
506 gi|5 18152 18277
507 gi|5 21214 21308
508 gi|5 22849 22965
509 gi|5 29604 29670
510 gi|5 39289 39572
511 gi|6 11 835
512 gi|6 1186 1252
513 gi|6 4156 5172
514 gi|6 5495 5526
515 gi|6 6421 6635
516 gi|6 6600 6963
517 gi|6 15315 15365
518 gi|6 17191 17241
519 gi|6 19980 20084
520 gi|6 23152 23641
521 gi|6 29800 29889
522 gi|6 33856 33928
523 gi|7 7284 7367
524 gi|7 12601 13126
525 gi|7 13215 13728
526 gi|7 13918 14211
527 gi|7 14506 14734
528 gi|7 15076 15177
529 gi|7 18670 18802
530 gi|7 20632 20690
531 gi|7 23568 23666
532 gi|7 25772 25827
533 gi|7 27350 27562
534 gi|7 38953 38997
535 gi|8 832 1846
536 gi|8 1876 2537
537 gi|8 2316 2804
538 gi|8 2951 3401
539 gi|8 7728 7836
540 gi|8 10383 10434
541 gi|8 16412 16737
542 gi|8 16758 16853
543 gi|8 24685 24838
544 gi|8 29882 32995
545 gi|9 2537 2962
546 gi|9 3472 3515
547 gi|9 12280 12494
548 gi|9 13005 13456
549 gi|9 13945 14041
550 gi|9 15305 15368
551 gi|9 18958 19234
552 gi|9 22354 24553
553 gi|9 24557 25237
554 gi|9 25184 27914
555 gi|9 27896 28338
556 gi|9 29694 29738
557 gi|9 30609 30767
558 gi|9 35462 35656
559 gi|9 38926 39210
560 gi|9 39089 39431
