398 611 gi|1 3691 3804 
400 417 gi|1 3719 3799 
402 294 gi|1 3724 3800 
404 330 gi|1 6441 7058 
406 304 gi|1 8871 9076 
408 369 gi|1 8967 9142 
410 254 gi|1 9435 9534 
412 1754 gi|1 15087 16396 
414 259 gi|1 15124 15713 
416 273 gi|1 15132 15422 
418 383 gi|1 15172 15403 
420 336 gi|1 15203 15699 
422 334 gi|1 15222 15777 
424 268 gi|1 15301 15785 
426 266 gi|1 15304 15405 
428 298 gi|1 15306 15715 
430 250 gi|1 15319 15490 
432 312 gi|1 15622 15754 
434 257 gi|1 15677 15789 
436 13389 gi|1 18947 20471 
438 425 gi|1 18951 18999 
440 298 gi|1 18952 18987 
442 469 gi|1 18994 19105 
444 288 gi|1 20207 20364 
446 423 gi|1 20411 20464 
448 374 gi|1 20819 21135 
450 273 gi|1 20914 21095 
452 320 gi|1 20918 21355 
454 880 gi|1 20921 21135 
456 304 gi|1 20960 21259 
458 321 gi|1 20997 21470 
460 456 gi|1 20997 21387 
462 722 gi|1 21068 21397 
464 2338 gi|1 21113 21657 
466 918 gi|1 21143 21387 
468 288 gi|1 21245 21541 
470 316 gi|1 21257 21555 
472 455 gi|1 21316 21639 
474 339 gi|1 21332 21694 
476 1610 gi|1 21392 21961 
478 306 gi|1 21449 21859 
480 734 gi|1 21496 21576 
482 390 gi|1 21504 22000 
484 305 gi|1 21507 21845 
486 849 gi|1 21655 21758 
488 376 gi|1 21669 21994 
490 339 gi|1 21795 22240 
492 734 gi|1 21800 21880 
494 352 gi|1 21876 22137 
496 415 gi|1 21893 22429 
498 892 gi|1 21959 22065 
500 446 gi|1 21980 22137 
502 709 gi|1 22076 22511 
504 618 gi|1 22079 22477 
506 291 gi|1 22080 22302 
508 319 gi|1 22081 22468 
510 371 gi|1 22180 22434 
512 307 gi|1 22367 22474 
514 549 gi|1 22371 22869 
516 312 gi|1 22434 22947 
518 312 gi|1 22451 22618 
520 439 gi|1 22628 22798 
522 455 gi|1 22630 23034 
524 419 gi|1 22644 23019 
526 308 gi|1 22720 22869 
528 775 gi|1 22760 23048 
530 1011 gi|1 22793 23003 
532 30277 gi|1 22795 26376 
534 285 gi|1 22805 23000 
536 341 gi|1 22876 23054 
538 355 gi|1 22890 22947 
540 344 gi|1 22985 23041 
542 483 gi|1 23043 23118 
544 31109 gi|1 23057 26376 
550 29924 gi|1 23057 26376 
546 472 gi|1 23057 23118 
548 404 gi|1 23057 23118 
552 549 gi|1 26350 26499 
554 319 gi|1 26368 26555 
556 317 gi|1 26376 26507 
558 317 gi|1 26432 26562 
562 16407 gi|1 26556 28588 
560 16396 gi|1 26556 28461 
564 16282 gi|1 26556 28301 
566 981 gi|1 31110 32258 
568 790 gi|1 33826 34289 
570 711 gi|1 33843 34440 
572 1055 gi|1 33878 34555 
574 257 gi|1 33971 34145 
576 320 gi|1 34005 34126 
578 290 gi|1 34039 34148 
580 297 gi|1 34046 34143 
582 251 gi|1 34145 34269 
584 250 gi|1 34354 34504 
1042 330 gi|10 2292 3490 
1044 369 gi|10 2312 3529 
1046 549 gi|10 2887 3533 
1048 268 gi|10 5085 5191 
1050 300 gi|10 5699 6036 
1052 595 gi|10 5727 6035 
963 583 gi|10 10770 11126 
719 522 gi|10 10776 11109 
1054 565 gi|10 10777 11114 
1056 591 gi|10 10783 11109 
1058 795 gi|10 10784 11151 
1060 324 gi|10 10797 10931 
1062 276 gi|10 10861 11109 
1064 445 gi|10 10863 11109 
1066 255 gi|10 19370 19552 
1068 857 gi|10 34185 34883 
1070 453 gi|10 35558 36613 
1072 491 gi|10 38883 39937 
435 257 gi|10 39357 39482 
1074 285 gi|10 39387 39982 
1076 324 gi|10 39399 39578 
1078 338 gi|10 39589 39874 
1080 290 gi|10 39750 39934 
419 383 gi|10 39754 39984 
1082 259 gi|10 39758 39976 
732 1491 gi|11 1 261 
740 869 gi|11 1 113 
736 421 gi|11 1 112 
734 572 gi|11 1 98 
738 531 gi|11 1 98 
742 848 gi|11 1 98 
744 337 gi|11 1 38 
746 280 gi|11 1 38 
748 1132 gi|11 16 262 
750 609 gi|11 27 176 
754 401 gi|11 27 112 
758 465 gi|11 27 108 
752 291 gi|11 27 98 
756 291 gi|11 27 78 
760 565 gi|11 39 248 
764 476 gi|11 39 223 
762 498 gi|11 39 175 
766 421 gi|11 40 168 
768 461 gi|11 78 228 
770 409 gi|11 79 157 
772 930 gi|11 80 239 
776 560 gi|11 98 249 
774 262 gi|11 98 239 
778 345 gi|11 102 152 
780 345 gi|11 102 152 
782 701 gi|11 115 260 
784 456 gi|11 148 230 
786 387 gi|11 155 260 
794 944 gi|11 156 387 
796 941 gi|11 156 267 
790 984 gi|11 156 260 
798 390 gi|11 156 249 
788 305 gi|11 156 215 
792 475 gi|11 156 209 
800 345 gi|11 191 260 
802 501 gi|11 208 260 
804 279 gi|11 209 324 
806 342 gi|11 212 262 
808 681 gi|11 4417 4669 
810 396 gi|11 4431 4567 
812 702 gi|11 4448 4671 
816 718 gi|11 4448 4668 
814 589 gi|11 4448 4661 
818 798 gi|11 4456 4669 
820 358 gi|11 4456 4567 
822 589 gi|11 4456 4567 
830 523 gi|11 4457 4669 
826 283 gi|11 4457 4567 
828 330 gi|11 4457 4567 
824 341 gi|11 4457 4509 
832 358 gi|11 4457 4509 
838 749 gi|11 4477 4782 
836 370 gi|11 4477 4671 
834 372 gi|11 4477 4567 
840 434 gi|11 4495 4674 
842 332 gi|11 4508 4569 
844 261 gi|11 4512 4562 
846 261 gi|11 4512 4562 
848 595 gi|11 4569 4668 
850 331 gi|11 4569 4646 
852 256 gi|11 4570 4657 
351 332 gi|11 4604 4674 
854 4337 gi|11 5546 9271 
856 1099 gi|11 10457 11237 
858 319 gi|11 13916 14321 
860 257 gi|11 14909 14990 
862 542 gi|11 17655 18128 
864 495 gi|11 25231 25852 
866 276 gi|11 25597 25764 
868 968 gi|11 30403 31671 
870 364 gi|11 30577 31668 
872 686 gi|11 31878 32943 
874 268 gi|11 35935 36139 
876 347 gi|11 36015 36163 
260 289 gi|12 826 946 
262 2612 gi|12 1340 2775 
264 4127 gi|12 1384 2711 
1047 549 gi|12 2061 2710 
266 390 gi|12 4989 5241 
268 912 gi|12 5441 6484 
270 371 gi|12 7238 7532 
272 278 gi|12 12970 13095 
274 351 gi|12 12987 13102 
276 509 gi|12 13021 13105 
1097 411 gi|12 13023 13092 
280 431 gi|12 13028 13106 
282 341 gi|12 13028 13106 
278 452 gi|12 13028 13105 
284 456 gi|12 13179 13392 
286 251 gi|12 18107 18394 
288 296 gi|12 20045 20140 
290 425 gi|12 20049 20097 
439 425 gi|12 20049 20097 
292 265 gi|12 39772 40066 
616 587 gi|13 4017 4255 
618 414 gi|13 4017 4156 
620 360 gi|13 4017 4148 
622 709 gi|13 4023 4215 
949 376 gi|13 4023 4172 
624 333 gi|13 4041 4223 
626 523 gi|13 4048 4225 
628 289 gi|13 4058 4171 
630 282 gi|13 4062 4147 
632 488 gi|13 4063 4215 
634 266 gi|13 4063 4161 
636 273 gi|13 4082 4125 
939 496 gi|13 4089 4244 
638 379 gi|13 4110 4165 
640 366 gi|13 4119 4214 
642 279 gi|13 4131 4225 
644 257 gi|13 4132 4226 
646 297 gi|13 13188 13411 
648 251 gi|13 14557 14643 
650 262 gi|13 14883 15131 
652 286 gi|13 14970 15127 
654 253 gi|13 14971 15135 
656 11944 gi|13 18244 19784 
658 11978 gi|13 18357 19841 
660 12045 gi|13 18424 19783 
1013 12017 gi|13 18427 19848 
662 12073 gi|13 18431 19783 
664 12128 gi|13 18445 19807 
666 12044 gi|13 18452 19922 
319 12049 gi|13 18452 19844 
672 12004 gi|13 18453 19839 
668 12051 gi|13 18453 19778 
670 12049 gi|13 18453 19775 
674 369 gi|13 22860 23000 
676 310 gi|13 22922 23000 
678 310 gi|13 22922 23000 
680 294 gi|13 22922 23000 
682 251 gi|13 27343 27397 
684 1055 gi|13 29810 30993 
583 251 gi|13 32119 32240 
686 533 gi|13 34490 35412 
688 483 gi|13 34596 35258 
0 348 gi|14 1710 1781 
2 357 gi|14 1710 1781 
4 346 gi|14 1718 1781 
6 314 gi|14 1720 1781 
263 2612 gi|14 2999 4448 
8 2760 gi|14 3021 4447 
1043 330 gi|14 3124 4341 
10 464 gi|14 5443 7009 
12 370 gi|14 7500 7806 
14 1104 gi|14 7523 8238 
16 385 gi|14 7533 7836 
18 341 gi|14 7569 7979 
20 324 gi|14 7594 7811 
22 337 gi|14 7623 7890 
24 387 gi|14 7630 7897 
26 268 gi|14 7633 7881 
28 362 gi|14 7636 7868 
30 367 gi|14 7659 7815 
32 269 gi|14 7664 7888 
34 265 gi|14 7715 7983 
839 749 gi|14 11345 11628 
36 1535 gi|14 11375 11637 
38 887 gi|14 11382 11534 
40 254 gi|14 11401 11494 
42 256 gi|14 11414 11483 
44 307 gi|14 11428 11628 
48 1127 gi|14 11433 11637 
46 1035 gi|14 11433 11594 
50 573 gi|14 11436 11646 
361 309 gi|14 11436 11494 
52 1168 gi|14 11437 11637 
54 340 gi|14 11444 11532 
56 1458 gi|14 11451 11755 
58 463 gi|14 11460 11534 
741 869 gi|14 11497 11608 
60 379 gi|14 11529 11637 
62 920 gi|14 11535 11769 
64 255 gi|14 11535 11637 
68 410 gi|14 11535 11637 
70 321 gi|14 11535 11627 
66 501 gi|14 11535 11601 
799 390 gi|14 11536 11637 
833 358 gi|14 11536 11588 
72 1242 gi|14 11565 11757 
74 1132 gi|14 11589 11753 
76 670 gi|14 11591 11748 
78 761 gi|14 11599 11754 
80 427 gi|14 11667 11757 
82 399 gi|14 11701 11750 
433 312 gi|14 16149 16281 
84 729 gi|14 16662 17705 
86 267 gi|14 23558 23849 
88 352 gi|14 23607 24110 
92 258 gi|14 23712 23864 
90 314 gi|14 23712 23841 
96 349 gi|14 23716 23807 
94 267 gi|14 23716 23787 
98 383 gi|14 24271 25025 
100 280 gi|14 24273 24597 
102 455 gi|14 24276 24788 
104 426 gi|14 24278 24553 
655 253 gi|14 24328 24508 
106 297 gi|14 24397 24666 
108 310 gi|14 31521 31602 
635 266 gi|14 31543 31638 
110 281 gi|14 31543 31621 
645 257 gi|14 31547 31638 
112 388 gi|14 31548 31653 
116 293 gi|14 31556 31745 
114 330 gi|14 31556 31622 
118 333 gi|14 31563 31622 
120 295 gi|14 31566 31746 
122 258 gi|14 31581 31627 
124 295 gi|14 31703 31768 
637 273 gi|14 31703 31745 
126 257 gi|14 31705 31751 
128 281 gi|14 39881 40178 
130 788 gi|14 39966 40178 
132 710 gi|14 40028 40171 
194 304 gi|15 2031 2338 
198 396 gi|15 2054 2297 
200 297 gi|15 2054 2297 
196 450 gi|15 2054 2279 
969 342 gi|15 2055 2297 
202 265 gi|15 2057 2302 
1061 324 gi|15 2235 2375 
204 340 gi|15 2385 2477 
707 1613 gi|15 9127 10600 
206 3502 gi|15 26784 28976 
208 472 gi|15 33881 34141 
210 349 gi|15 33895 34038 
212 556 gi|15 33931 34166 
214 510 gi|15 33937 34021 
216 1044 gi|15 33947 34099 
218 351 gi|15 33961 34017 
749 1132 gi|15 33967 34198 
220 942 gi|15 33968 34102 
222 989 gi|15 33969 34099 
224 712 gi|15 33969 34088 
226 311 gi|15 33970 34020 
228 965 gi|15 33980 34132 
69 410 gi|15 33980 34074 
230 326 gi|15 33981 34135 
234 377 gi|15 33990 34159 
232 579 gi|15 33990 34135 
236 263 gi|15 34001 34135 
238 665 gi|15 34006 34135 
753 291 gi|15 34014 34088 
240 339 gi|15 34014 34077 
827 283 gi|15 34020 34130 
242 526 gi|15 34020 34095 
71 321 gi|15 34029 34130 
244 518 gi|15 34053 34149 
246 518 gi|15 34053 34149 
785 456 gi|15 34053 34135 
248 400 gi|15 34053 34131 
250 262 gi|15 34053 34130 
252 529 gi|15 34054 34135 
254 322 gi|15 34061 34135 
256 2282 gi|15 34361 35427 
261 289 gi|15 36159 36279 
258 263 gi|15 36786 36955 
1029 337 gi|15 36850 36931 
1103 294 gi|15 36853 36927 
366 892 gi|16 10 954 
257 2282 gi|16 12852 13919 
368 6082 gi|16 13835 15329 
370 344 gi|16 13929 14557 
372 1282 gi|16 14925 15301 
374 740 gi|16 15157 15329 
376 333 gi|16 19922 20005 
378 4000 gi|16 19925 20431 
380 47518 gi|16 20215 26962 
382 2512 gi|16 26814 27277 
384 11965 gi|16 27260 28695 
386 2040 gi|16 27268 27531 
388 1679 gi|16 28458 28817 
390 5919 gi|16 28796 29558 
392 7977 gi|16 28797 30142 
394 979 gi|16 29533 29690 
396 610 gi|16 29890 30142 
269 912 gi|17 6256 7294 
980 427 gi|17 13589 14181 
982 293 gi|17 14515 14669 
984 358 gi|17 14588 14717 
403 294 gi|17 14593 14669 
986 376 gi|17 23842 24365 
988 367 gi|17 23884 24297 
990 335 gi|17 24089 24694 
992 296 gi|17 24097 24289 
885 286 gi|17 26314 27160 
994 294 gi|17 28643 28872 
996 2842 gi|17 30777 31790 
998 662 gi|17 32096 32586 
1000 547 gi|17 32587 32908 
1002 275 gi|17 36239 36284 
1004 291 gi|17 39830 40045 
606 464 gi|18 1376 1796 
608 268 gi|18 1388 1768 
610 687 gi|18 1474 1840 
863 542 gi|18 2385 2849 
612 451 gi|18 5943 6155 
861 257 gi|18 8666 8735 
614 305 gi|18 19313 19462 
168 2078 gi|19 3060 3986 
170 2022 gi|19 4356 5832 
987 376 gi|19 4541 5073 
172 293 gi|19 4575 4991 
174 1556 gi|19 4594 5889 
176 478 gi|19 18434 18484 
178 478 gi|19 18434 18484 
180 325 gi|19 18434 18484 
182 329 gi|19 18434 18484 
781 345 gi|19 18434 18484 
847 261 gi|19 18434 18484 
184 344 gi|19 18435 18484 
186 253 gi|19 18435 18484 
609 268 gi|19 34644 35048 
188 374 gi|19 34646 34830 
190 306 gi|19 38118 38179 
192 256 gi|19 39887 40154 
1084 266 gi|2 84 1360 
1086 355 gi|2 26756 27027 
1088 313 gi|2 26891 26995 
1090 254 gi|2 26903 26998 
1092 268 gi|2 26929 27012 
1100 328 gi|2 26929 27011 
1098 349 gi|2 26929 27007 
1094 535 gi|2 26929 27006 
1096 411 gi|2 26929 27001 
1102 294 gi|2 29910 29985 
1104 256 gi|2 30912 31392 
1106 2357 gi|2 31630 32123 
1108 2665 gi|2 32138 32683 
1110 2400 gi|2 32138 32516 
1112 256 gi|2 32553 32591 
1114 254 gi|2 34438 34538 
1116 358 gi|2 34518 34705 
1118 424 gi|2 34523 34732 
1120 1028 gi|2 34536 34879 
1122 878 gi|2 34557 34890 
1124 316 gi|2 34949 35553 
1126 640 gi|2 35929 36061 
1128 276 gi|2 35993 36275 
1063 276 gi|20 420 689 
690 264 gi|20 422 689 
197 450 gi|20 453 675 
692 342 gi|20 497 791 
694 284 gi|20 647 692 
696 2686 gi|20 22703 23506 
169 2078 gi|20 23779 24705 
698 1839 gi|20 30184 31615 
700 337 gi|20 34903 35138 
702 833 gi|20 37355 38358 
704 782 gi|20 37380 38656 
923 552 gi|20 37513 38347 
193 256 gi|22 9178 9445 
1030 257 gi|22 27627 28191 
29 362 gi|22 27641 27870 
1032 278 gi|22 27737 27818 
1036 255 gi|22 27738 27832 
1034 279 gi|22 27738 27829 
725 290 gi|22 27738 27825 
1038 253 gi|22 27738 27823 
97 349 gi|22 27740 27831 
1040 912 gi|22 33755 34696 
1426 578 gi|23 1805 2257 
267 390 gi|23 5895 6144 
1428 31467 gi|23 7211 10782 
1430 1624 gi|23 7211 7404 
1432 1255 gi|23 7211 7404 
1434 615 gi|23 7315 7404 
1436 49672 gi|23 7340 12662 
551 29924 gi|23 7343 10739 
1438 462 gi|23 10440 10592 
1440 477 gi|23 10710 10863 
1442 16667 gi|23 10871 12660 
565 16282 gi|23 10912 12660 
1444 835 gi|23 12662 12854 
521 439 gi|23 12663 12858 
519 312 gi|23 12686 12848 
1446 273 gi|23 12686 12796 
931 352 gi|23 25468 25818 
1448 252 gi|23 30424 30508 
1450 283 gi|23 31727 32057 
447 423 gi|23 32575 32628 
1452 411 gi|23 32575 32627 
1053 595 gi|24 4684 4992 
1202 336 gi|24 5457 5911 
1204 264 gi|24 5490 5936 
1206 514 gi|24 5497 6160 
1208 630 gi|24 5533 6175 
1210 285 gi|24 5827 6068 
1212 260 gi|24 5833 5932 
1214 418 gi|24 15137 15576 
1216 282 gi|24 15958 16050 
1218 254 gi|24 15968 16050 
1220 273 gi|24 15990 16050 
153 295 gi|24 24359 24556 
1222 256 gi|24 27144 27259 
1188 558 gi|25 27 378 
1190 2810 gi|25 2491 3115 
1192 266 gi|25 4837 5030 
1194 334 gi|25 4846 5035 
1196 321 gi|25 4846 5029 
1081 290 gi|25 4848 5029 
1198 291 gi|25 4939 5067 
1200 283 gi|25 34759 34972 
1240 931 gi|26 205 862 
1242 475 gi|26 525 863 
711 537 gi|26 588 938 
1244 766 gi|26 615 938 
967 712 gi|26 615 863 
1065 445 gi|26 615 861 
1246 351 gi|26 633 854 
499 892 gi|26 11902 12009 
487 849 gi|26 11906 12009 
1248 1714 gi|26 12391 13910 
1250 261 gi|26 12512 12592 
1252 961 gi|26 13967 14563 
1254 508 gi|26 14896 15381 
561 16396 gi|26 20863 22788 
1256 16759 gi|26 20970 22845 
1443 16667 gi|26 21039 22845 
1429 31467 gi|26 22813 26308 
1258 30335 gi|26 22813 26181 
545 31109 gi|26 22856 26175 
1431 1624 gi|26 26393 26586 
1260 470 gi|26 26393 26459 
547 472 gi|26 26393 26453 
1433 1255 gi|26 26671 26843 
543 483 gi|26 26671 26746 
1262 470 gi|26 26671 26731 
1435 615 gi|26 26928 27016 
1264 402 gi|26 26928 26988 
549 404 gi|26 26928 26988 
1266 302 gi|26 34374 34451 
1130 12016 gi|27 250 1654 
659 11978 gi|27 261 1730 
1132 12034 gi|27 273 1657 
325 12058 gi|27 313 1670 
1134 12077 gi|27 320 1710 
1138 12048 gi|27 320 1654 
1136 12066 gi|27 320 1649 
1019 12063 gi|27 321 1687 
1140 12011 gi|27 322 1734 
1142 12054 gi|27 323 1647 
1144 12038 gi|27 323 1647 
1146 427 gi|27 3181 3283 
1148 270 gi|27 3191 3438 
1150 299 gi|27 3197 3250 
1152 279 gi|27 8832 8911 
1154 494 gi|27 8833 8960 
1158 261 gi|27 8834 8969 
1156 418 gi|27 8834 8914 
1160 355 gi|27 8837 8886 
1162 430 gi|27 21438 21578 
1164 314 gi|27 22598 22765 
1166 345 gi|27 22678 22809 
1168 265 gi|27 24507 24694 
1172 259 gi|27 24904 25083 
1170 311 gi|27 24904 25077 
1174 374 gi|27 24916 25011 
1176 580 gi|27 24932 25202 
1178 432 gi|27 24964 25118 
1180 310 gi|27 24964 25077 
1182 304 gi|27 24982 25072 
1184 616 gi|27 35173 36854 
1186 878 gi|27 39723 40142 
397 610 gi|28 17341 17536 
1522 628 gi|28 17418 17537 
395 979 gi|28 17507 17657 
391 5919 gi|28 17931 18691 
1524 5583 gi|28 17965 18693 
389 1679 gi|28 19301 19671 
1526 961 gi|28 19387 19671 
1528 1958 gi|28 19544 19817 
387 2040 gi|28 19544 19809 
381 47518 gi|28 19850 26605 
1530 1461 gi|28 26390 26605 
377 333 gi|28 26853 26941 
1532 269 gi|28 26910 26955 
1534 263 gi|28 26911 26955 
1536 907 gi|28 27603 27762 
1538 415 gi|28 28721 28800 
1540 458 gi|28 28725 28793 
1542 1102 gi|28 30778 31031 
1544 7500 gi|28 31180 32143 
375 740 gi|28 31963 32147 
1546 447 gi|28 32018 32068 
1041 912 gi|28 39239 40178 
1125 316 gi|29 6520 7131 
1636 11952 gi|29 7776 9298 
1638 12002 gi|29 7825 9303 
1025 12004 gi|29 7913 9297 
1135 12077 gi|29 7917 9302 
1640 12070 gi|29 7974 9305 
1642 12074 gi|29 7975 9301 
329 12051 gi|29 7975 9301 
1646 12055 gi|29 7975 9298 
1644 12033 gi|29 7975 9297 
1648 12049 gi|29 7975 9297 
671 12049 gi|29 7975 9297 
1650 1359 gi|29 12577 14423 
1652 1300 gi|29 12967 13906 
1654 270 gi|29 14527 14663 
1656 277 gi|29 16224 16376 
1099 349 gi|29 16289 16366 
1658 443 gi|29 16295 16381 
1660 509 gi|29 16301 16383 
1662 258 gi|29 16302 16380 
281 431 gi|29 16302 16380 
1664 317 gi|29 16317 16368 
1666 281 gi|29 24509 24582 
981 427 gi|29 29872 30461 
1668 530 gi|29 30932 31344 
1670 865 gi|29 32363 32624 
586 975 gi|3 23346 23940 
588 262 gi|3 27078 27259 
590 260 gi|3 27111 27269 
592 250 gi|3 27111 27216 
594 272 gi|3 29975 30113 
596 287 gi|3 29977 30198 
598 275 gi|3 30002 30106 
600 345 gi|3 30022 30258 
602 263 gi|3 30773 31073 
604 280 gi|3 39488 39738 
667 12044 gi|30 5590 7055 
1009 11955 gi|30 5619 7073 
1672 12032 gi|30 5649 7055 
321 12136 gi|30 5675 7062 
1674 12021 gi|30 5685 7062 
1133 12034 gi|30 5692 7061 
1643 12074 gi|30 5728 7054 
1678 11977 gi|30 5731 7267 
1676 12043 gi|30 5731 7091 
1682 12031 gi|30 5732 7058 
1680 12061 gi|30 5732 7056 
1684 254 gi|30 36783 36887 
1454 390 gi|31 764 966 
1456 445 gi|31 1749 1951 
1458 556 gi|31 3158 3375 
1460 501 gi|31 4435 4662 
1462 649 gi|31 5529 5815 
1464 600 gi|31 6596 6931 
1466 501 gi|31 7764 7969 
1468 610 gi|31 8816 9047 
1470 441 gi|31 9898 10108 
1472 15637 gi|31 10874 12658 
1474 438 gi|31 12459 12631 
1476 1334 gi|31 13027 13250 
1478 573 gi|31 13059 13398 
1480 357 gi|31 13544 14045 
1482 824 gi|31 13846 14198 
1484 654 gi|31 17056 17719 
1486 781 gi|31 17068 17897 
1488 2135 gi|31 17858 19403 
1490 688 gi|31 18057 18539 
129 281 gi|31 18552 18813 
1492 2303 gi|31 18766 20389 
131 788 gi|31 19407 19616 
1494 543 gi|31 19746 20623 
1496 859 gi|31 37260 37899 
421 336 gi|31 37329 37838 
1498 357 gi|31 37332 37806 
1500 258 gi|31 37344 37728 
1502 340 gi|31 37387 37811 
1504 317 gi|31 37391 37809 
1506 488 gi|31 37424 37913 
1508 350 gi|31 37447 37811 
1510 416 gi|31 37455 37811 
1512 507 gi|31 37465 37913 
1514 407 gi|31 37595 37811 
579 290 gi|31 37626 37735 
1516 274 gi|31 37627 37738 
1518 520 gi|31 37628 37875 
1520 595 gi|31 38289 39391 
1224 431 gi|32 1418 1841 
867 276 gi|32 2558 2714 
1226 290 gi|32 4164 4252 
879 250 gi|32 8986 9351 
1228 290 gi|32 35752 35890 
1230 1582 gi|32 37199 37567 
1232 1764 gi|32 37219 37563 
1234 1106 gi|32 37276 37578 
1236 325 gi|32 37485 37563 
1238 283 gi|32 38120 38187 
1483 824 gi|32 39830 40175 
1465 600 gi|32 39866 40178 
1463 649 gi|32 39916 40178 
1461 501 gi|32 39948 40175 
1469 610 gi|32 39951 40178 
1459 556 gi|32 39961 40178 
1471 441 gi|32 39966 40175 
1455 390 gi|32 39977 40178 
1457 445 gi|32 39977 40177 
1467 501 gi|32 39980 40178 
1294 1564 gi|33 6519 7899 
1296 2817 gi|33 9512 10877 
1127 640 gi|33 10806 10941 
913 580 gi|33 12248 12760 
1298 385 gi|33 12297 12718 
1300 655 gi|33 12354 12740 
1115 254 gi|33 14400 14502 
1302 285 gi|33 14438 14472 
1304 304 gi|33 14874 15415 
1306 406 gi|33 14924 15174 
1109 2665 gi|33 16269 16862 
1308 5599 gi|33 16403 17092 
1669 530 gi|33 19871 20278 
895 468 gi|33 23102 23824 
1215 418 gi|33 32288 32736 
1310 409 gi|33 33822 34198 
1312 458 gi|33 37548 37799 
1314 361 gi|33 37574 37773 
45 307 gi|33 37578 37779 
1316 422 gi|33 37580 37767 
1318 614 gi|33 37582 37784 
831 523 gi|33 37584 37799 
1320 439 gi|33 37586 37773 
1322 626 gi|33 37605 37826 
1324 678 gi|33 37609 37764 
1326 388 gi|33 37617 37710 
773 930 gi|33 37618 37773 
1330 634 gi|33 37627 37811 
233 579 gi|33 37627 37773 
1328 656 gi|33 37627 37764 
1332 519 gi|33 37627 37709 
1334 523 gi|33 37627 37689 
765 476 gi|33 37632 37813 
823 589 gi|33 37632 37745 
1336 376 gi|33 37632 37692 
1338 316 gi|33 37637 37687 
183 329 gi|33 37637 37687 
1340 286 gi|33 37671 37799 
239 665 gi|33 37683 37813 
767 421 gi|33 37691 37813 
1342 768 gi|33 37691 37801 
1344 365 gi|33 37691 37773 
1346 484 gi|33 37732 37813 
759 465 gi|33 37732 37811 
1348 302 gi|33 37739 37799 
255 322 gi|33 37741 37813 
1354 321 gi|33 37743 37822 
1350 311 gi|33 37743 37813 
1352 491 gi|33 37743 37801 
67 501 gi|33 37746 37812 
1568 275 gi|34 12792 12868 
123 258 gi|34 20549 20594 
127 257 gi|34 20549 20594 
1570 304 gi|34 20555 20601 
1572 1918 gi|34 20579 20813 
1317 422 gi|34 20588 20784 
1574 645 gi|34 20590 20818 
1578 834 gi|34 20590 20768 
1576 889 gi|34 20590 20729 
809 681 gi|34 20594 20838 
1580 1348 gi|34 20595 20814 
49 1127 gi|34 20595 20802 
355 338 gi|34 20596 20656 
1582 607 gi|34 20598 20768 
1584 288 gi|34 20606 20694 
1586 404 gi|34 20622 20698 
739 531 gi|34 20659 20768 
223 989 gi|34 20686 20813 
247 518 gi|34 20687 20783 
1588 517 gi|34 20700 20762 
1590 427 gi|34 20705 20812 
1355 321 gi|34 20705 20791 
1592 881 gi|34 20707 20813 
797 941 gi|34 20709 20820 
1594 313 gi|34 20744 20817 
1596 466 gi|34 20761 20814 
1598 267 gi|34 20762 20812 
1600 303 gi|34 20765 20814 
1602 349 gi|34 21503 21700 
633 488 gi|34 21548 21700 
117 293 gi|34 21568 21761 
111 281 gi|34 21568 21648 
945 276 gi|34 21576 21725 
623 709 gi|34 21578 21761 
1181 310 gi|34 21589 21701 
1171 311 gi|34 21590 21762 
1604 383 gi|34 21595 21744 
1606 512 gi|34 21605 21761 
1608 304 gi|34 21622 21700 
121 295 gi|34 21637 21812 
115 330 gi|34 21637 21700 
617 587 gi|34 21642 21861 
941 278 gi|34 21645 21786 
1173 259 gi|34 21656 21831 
1610 258 gi|34 21661 21710 
1612 478 gi|34 21671 21831 
1614 257 gi|34 21678 21799 
1616 276 gi|34 21688 21761 
619 414 gi|34 21700 21835 
947 280 gi|34 21705 21867 
1618 409 gi|34 21732 21825 
1620 257 gi|34 21749 21831 
1622 847 gi|34 27822 28029 
1624 359 gi|34 27827 28029 
1626 877 gi|34 27862 28029 
1628 610 gi|34 27880 27985 
1630 904 gi|34 27883 28029 
1632 1551 gi|34 31948 35656 
1634 2130 gi|34 37921 39600 
855 4337 gi|35 4976 8706 
995 294 gi|35 12493 12730 
1268 743 gi|35 24141 24290 
1270 676 gi|35 24141 24214 
1272 705 gi|35 24217 24297 
481 734 gi|35 24217 24297 
493 734 gi|35 24217 24297 
1274 375 gi|35 24910 25499 
1276 677 gi|35 24911 25540 
1278 264 gi|35 25157 25259 
1280 431 gi|35 26671 27386 
1282 416 gi|35 34180 34331 
1284 675 gi|35 34280 35029 
1475 438 gi|35 34280 34452 
1479 573 gi|35 34865 35195 
1625 359 gi|35 35582 35780 
1286 688 gi|35 35606 35832 
1288 714 gi|35 35625 35832 
1290 663 gi|35 35641 35832 
1292 463 gi|35 37222 37504 
143 4215 gi|35 37881 39235 
1685 254 gi|36 4277 4372 
1293 463 gi|36 5673 5955 
1249 1714 gi|36 9264 10784 
1356 255 gi|36 9517 9970 
285 456 gi|36 15751 15964 
1358 376 gi|36 16037 16128 
1360 376 gi|36 16037 16128 
1362 376 gi|36 16037 16128 
1364 351 gi|36 16037 16128 
1366 281 gi|36 16132 16169 
1368 353 gi|36 16149 16230 
1370 373 gi|36 16195 16291 
1372 505 gi|36 16215 16375 
1179 432 gi|36 16257 16426 
1374 289 gi|36 23326 23893 
1069 857 gi|36 37713 38415 
1686 268 gi|37 11792 11923 
1688 320 gi|37 12135 12730 
1690 1007 gi|37 14776 14919 
1692 2562 gi|37 15129 16190 
1694 5199 gi|37 16327 17353 
1696 4630 gi|37 17423 18345 
1309 5599 gi|37 18609 19296 
1111 2400 gi|37 18836 19212 
1107 2357 gi|37 19159 19717 
1113 256 gi|37 19201 19239 
587 975 gi|37 19723 20299 
1305 304 gi|37 20290 20838 
1303 285 gi|37 21134 21168 
1297 2817 gi|37 21147 22506 
1129 276 gi|37 21147 21442 
1295 1564 gi|37 23758 25140 
1051 300 gi|37 29048 29383 
1556 291 gi|38 264 375 
1307 406 gi|38 2560 2810 
1558 1903 gi|38 2913 4248 
871 364 gi|38 3105 4195 
1560 334 gi|38 9823 10326 
1562 332 gi|38 10939 11236 
1564 250 gi|38 13077 13188 
41 254 gi|38 13103 13188 
1566 312 gi|38 13117 13188 
1185 616 gi|38 37077 38755 
1559 1903 gi|39 3292 4611 
869 968 gi|39 3303 4571 
873 686 gi|39 3494 4568 
1698 272 gi|39 4697 5427 
413 1754 gi|39 4728 6079 
1700 425 gi|39 4757 5089 
1513 507 gi|39 4760 5208 
1702 369 gi|39 4855 5390 
25 387 gi|39 4858 5131 
1704 325 gi|39 4862 5395 
1706 261 gi|39 4870 5038 
1708 369 gi|39 4901 5474 
1205 264 gi|39 4933 5397 
1710 338 gi|39 4937 5086 
1712 389 gi|39 4940 5400 
1714 355 gi|39 4942 5092 
1167 345 gi|39 4942 5073 
1716 351 gi|39 4943 5139 
1718 274 gi|39 4954 5031 
1720 255 gi|39 4955 5038 
91 314 gi|39 4957 5082 
1037 255 gi|39 4958 5052 
1722 265 gi|39 5230 5341 
1724 288 gi|39 7259 8476 
1726 324 gi|39 11008 11148 
1615 257 gi|39 11012 11149 
629 289 gi|39 11035 11148 
1728 3441 gi|39 13275 14309 
1730 7064 gi|39 14742 16802 
1732 376 gi|39 20567 20878 
1734 271 gi|39 20630 20857 
1736 304 gi|39 22438 22589 
1738 353 gi|39 22477 22575 
1740 292 gi|39 22485 22591 
1742 263 gi|39 22498 22566 
1744 270 gi|39 22504 22561 
571 711 gi|39 22651 23246 
1746 317 gi|39 22660 23097 
651 262 gi|39 22709 22957 
905 294 gi|39 24435 24715 
573 1055 gi|39 24460 25137 
1748 668 gi|39 24497 24802 
1750 311 gi|39 24502 24721 
1517 274 gi|39 24614 24726 
795 944 gi|39 26273 26497 
1752 906 gi|39 26294 26499 
1754 281 gi|39 26322 26392 
1756 357 gi|39 26324 26392 
1758 380 gi|39 26343 26392 
83 399 gi|39 26343 26392 
1760 309 gi|39 26344 26392 
1762 386 gi|39 26345 26444 
1764 254 gi|39 26350 26392 
1766 380 gi|39 26376 26462 
221 942 gi|39 26392 26521 
1768 375 gi|39 26392 26453 
1776 503 gi|39 26393 26728 
1774 642 gi|39 26393 26500 
1593 881 gi|39 26393 26499 
1772 309 gi|39 26393 26493 
1770 356 gi|39 26393 26441 
1778 445 gi|39 26404 26550 
61 379 gi|39 26404 26503 
1345 365 gi|39 26414 26497 
249 400 gi|39 26423 26499 
1780 410 gi|39 26444 26633 
1782 978 gi|39 26663 26952 
1784 291 gi|39 26680 26763 
1786 449 gi|39 26683 26820 
1788 904 gi|39 26686 26948 
1790 258 gi|39 26699 26792 
1792 299 gi|39 26705 26779 
1794 275 gi|39 26711 26758 
1796 1173 gi|39 29631 30937 
1798 781 gi|39 33404 34795 
1800 3201 gi|39 33439 34815 
1802 584 gi|39 33471 34197 
1804 314 gi|39 34036 34178 
1635 2130 gi|39 34987 36671 
1806 318 gi|39 37105 37221 
1657 277 gi|39 37131 37295 
275 351 gi|39 37131 37261 
1808 386 gi|39 37131 37208 
1101 328 gi|39 37141 37221 
411 254 gi|39 37162 37259 
706 1613 gi|4 7632 9094 
708 481 gi|4 10493 11196 
710 537 gi|4 12305 12646 
712 421 gi|4 12327 12854 
714 575 gi|4 12328 12651 
716 408 gi|4 12331 12654 
718 522 gi|4 12332 12662 
720 278 gi|4 12343 12571 
722 427 gi|4 12410 12654 
724 290 gi|4 18438 18534 
726 292 gi|4 21542 21682 
728 283 gi|4 29166 29234 
730 1002 gi|4 33219 34214 
1255 508 gi|40 1977 2454 
1253 961 gi|40 2793 3393 
1005 291 gi|40 4269 4476 
1376 256 gi|40 7324 7524 
613 451 gi|40 9487 9696 
1378 444 gi|40 10205 11493 
1380 1203 gi|40 11704 12515 
1187 878 gi|40 12665 13087 
1382 323 gi|40 14712 14955 
293 265 gi|40 18121 18423 
1651 1359 gi|40 20887 22709 
1384 1484 gi|40 20908 22301 
1557 291 gi|41 12222 12330 
1386 271 gi|41 12296 12398 
1388 2217 gi|41 18010 19213 
1735 271 gi|41 18376 18597 
1390 339 gi|41 20257 20832 
1392 5132 gi|41 23566 25758 
611 687 gi|41 23657 24020 
171 2022 gi|41 24131 25583 
1394 418 gi|41 24404 24753 
991 335 gi|41 24575 25213 
1357 255 gi|41 28925 29368 
1396 1196 gi|41 29675 30496 
1283 416 gi|41 31122 31277 
1398 525 gi|41 35241 35951 
1400 799 gi|41 35266 35952 
1402 385 gi|41 35271 35584 
1701 425 gi|41 35289 35627 
17 385 gi|41 35294 35596 
1404 301 gi|41 35298 35920 
1406 562 gi|41 35300 35927 
1519 520 gi|41 35330 35577 
87 267 gi|41 35337 35628 
1408 264 gi|41 35415 35940 
1410 298 gi|41 35465 35572 
105 426 gi|41 36068 36343 
1412 270 gi|41 36077 36576 
1414 778 gi|41 36081 36857 
653 286 gi|41 36127 36299 
1416 255 gi|41 36164 36372 
1418 596 gi|41 36165 36762 
875 268 gi|41 36168 36372 
1193 266 gi|41 36180 36377 
1420 375 gi|41 36243 36770 
1422 255 gi|41 36276 36340 
1424 273 gi|41 37940 38110 
1812 1876 gi|42 1937 2398 
1231 1582 gi|42 2032 2402 
1481 357 gi|42 2249 2726 
1814 393 gi|42 2320 2398 
1477 1334 gi|42 2991 3221 
1285 675 gi|42 3019 3795 
1473 15637 gi|42 3594 5384 
1117 358 gi|42 12155 12326 
903 289 gi|42 12173 12333 
899 384 gi|42 12173 12324 
1423 255 gi|42 14206 14270 
1731 7064 gi|42 20942 22982 
1816 261 gi|42 21257 21365 
1729 3441 gi|42 21920 22967 
1239 283 gi|42 23342 23407 
1235 1106 gi|42 25077 25365 
1818 1039 gi|42 25092 25330 
1820 360 gi|42 25092 25169 
887 371 gi|42 26183 26308 
489 376 gi|42 26231 26561 
1822 1435 gi|42 26373 26527 
1271 676 gi|42 26374 26447 
453 320 gi|42 26382 26839 
483 390 gi|42 26382 26832 
461 456 gi|42 26385 26779 
465 2338 gi|42 26417 26979 
477 1610 gi|42 26434 26979 
537 341 gi|42 26444 26618 
891 740 gi|42 26446 26526 
1824 462 gi|42 26452 26865 
535 285 gi|42 26452 26654 
525 419 gi|42 26456 26851 
513 307 gi|42 26456 26569 
505 618 gi|42 26458 26839 
475 339 gi|42 26460 26831 
1826 309 gi|42 26521 26851 
1445 835 gi|42 26524 26700 
523 455 gi|42 26530 26961 
449 374 gi|42 26530 26872 
457 304 gi|42 26589 26926 
463 722 gi|42 26627 26977 
507 291 gi|42 26719 26931 
511 371 gi|42 26721 26971 
559 317 gi|42 26762 26890 
557 317 gi|42 26798 26929 
1273 705 gi|42 26806 26886 
1447 273 gi|42 26813 26924 
1077 324 gi|42 34379 34557 
33 269 gi|43 2624 2848 
1747 317 gi|43 13609 14049 
569 790 gi|43 13611 14075 
1749 668 gi|43 13680 13985 
647 297 gi|43 13712 13932 
1707 261 gi|43 13761 13929 
1213 260 gi|43 13763 13863 
1908 363 gi|43 17322 17947 
599 275 gi|43 17709 17813 
1910 430 gi|43 17713 17924 
1719 274 gi|43 17724 17801 
1165 314 gi|43 17726 17896 
1912 395 gi|43 18350 19587 
1914 302 gi|43 23432 24477 
1916 279 gi|43 28182 28795 
1279 264 gi|43 28435 28537 
1918 2348 gi|43 30004 31684 
1920 448 gi|43 30048 30757 
649 251 gi|43 30101 30187 
1705 325 gi|43 30109 30645 
1509 350 gi|43 30278 30645 
1922 408 gi|43 30438 30646 
1924 277 gi|43 30454 30699 
1926 272 gi|43 30455 30656 
575 257 gi|43 30463 30643 
907 256 gi|43 30526 30595 
1928 611 gi|43 32305 32629 
1930 965 gi|43 35528 36096 
965 742 gi|43 35621 36051 
717 408 gi|43 35624 35955 
1059 795 gi|43 35627 35994 
1932 511 gi|43 35705 36012 
1241 931 gi|43 35707 36349 
691 264 gi|43 35708 35954 
201 297 gi|43 35715 35940 
1548 1089 gi|44 5 1095 
1550 626 gi|44 31498 32018 
1552 302 gi|44 38543 38677 
1147 427 gi|44 38762 38862 
1554 295 gi|44 38783 38850 
625 333 gi|45 14603 14782 
953 266 gi|45 14603 14649 
1605 383 gi|45 14629 14783 
1611 258 gi|45 14726 14783 
639 379 gi|45 14726 14782 
151 432 gi|45 19168 19316 
145 31342 gi|45 22334 25947 
1810 419 gi|45 31078 31405 
567 981 gi|45 33782 34930 
1934 1935 gi|46 2 558 
1936 5705 gi|46 1993 2687 
1938 271 gi|46 5722 6508 
1940 301 gi|46 5782 5991 
1942 360 gi|46 5784 6417 
1499 357 gi|46 5784 6284 
1944 266 gi|46 5795 6353 
1409 264 gi|46 5802 6336 
31 367 gi|46 5806 5962 
1709 369 gi|46 5832 6425 
877 347 gi|46 5837 5994 
1946 309 gi|46 5877 5989 
1039 253 gi|46 5880 5964 
585 250 gi|46 6190 6343 
207 3502 gi|46 16247 18451 
1948 333 gi|46 29367 29668 
1950 2185 gi|46 31963 33079 
1952 719 gi|46 33190 33540 
921 474 gi|46 34375 35732 
705 782 gi|46 34467 35736 
1954 615 gi|46 34804 35736 
1956 537 gi|46 36596 37278 
19 341 gi|46 38944 39330 
1958 363 gi|46 39085 39333 
1417 255 gi|46 39092 39300 
2048 6188 gi|47 2811 3711 
1671 865 gi|47 6217 6491 
1091 254 gi|47 13540 13626 
2050 519 gi|47 23217 23928 
1003 275 gi|47 24987 25036 
1387 271 gi|47 25592 25704 
2052 266 gi|47 39771 40008 
1549 1089 gi|48 5554 6618 
1067 255 gi|48 6254 6436 
1996 758 gi|48 9360 9770 
1998 307 gi|48 10883 11303 
85 729 gi|48 11366 12397 
2000 420 gi|48 13946 14064 
443 469 gi|48 13946 14064 
1217 282 gi|48 14030 14126 
2002 330 gi|48 14041 14132 
2004 568 gi|48 14042 14161 
1661 509 gi|48 14043 14128 
2006 280 gi|48 14045 14125 
277 509 gi|48 14047 14131 
1809 386 gi|48 14050 14128 
2008 381 gi|48 14058 14134 
1095 535 gi|48 14060 14135 
2010 547 gi|48 24801 29754 
2012 251 gi|48 24914 25178 
2014 314 gi|48 30265 30388 
1267 302 gi|48 33213 33290 
2016 1902 gi|48 37602 37874 
2018 2013 gi|48 37605 37881 
2020 2012 gi|48 37605 37881 
1011 11979 gi|49 6187 7667 
323 12061 gi|49 6250 7609 
665 12128 gi|49 6253 7615 
1856 12062 gi|49 6265 7608 
1858 12032 gi|49 6282 7700 
1141 12011 gi|49 6282 7689 
1860 12038 gi|49 6285 7653 
1862 12034 gi|49 6285 7614 
1864 12028 gi|49 6285 7611 
1681 12061 gi|49 6285 7609 
1649 12049 gi|49 6285 7607 
1866 295 gi|49 8590 9259 
689 483 gi|49 8600 9250 
1569 275 gi|49 8922 8998 
1868 594 gi|49 12583 12721 
1870 388 gi|49 14786 14992 
1872 529 gi|49 15039 15340 
1785 291 gi|49 15471 15559 
1793 299 gi|49 15502 15577 
1874 276 gi|49 15514 15554 
1876 259 gi|49 15517 15554 
1745 270 gi|49 15518 15577 
1878 250 gi|49 15522 15560 
697 2686 gi|49 15608 16420 
1880 268 gi|49 18860 18949 
1151 299 gi|49 18860 18913 
1882 263 gi|49 21793 21873 
1884 266 gi|49 24536 24603 
289 296 gi|49 24562 24646 
441 298 gi|49 24568 24603 
1886 348 gi|49 27572 27815 
1888 436 gi|49 27581 27839 
427 266 gi|49 27714 27815 
1890 282 gi|49 28031 28158 
417 273 gi|49 28358 28647 
1892 413 gi|49 28399 28694 
1751 311 gi|49 28402 28627 
1894 254 gi|49 28414 28705 
1896 318 gi|49 28444 28635 
1711 338 gi|49 28526 28675 
1898 264 gi|49 28527 29036 
205 340 gi|49 29343 29434 
920 474 gi|5 211 1573 
922 552 gi|5 344 1179 
924 1004 gi|5 354 1179 
928 564 gi|5 4028 4690 
926 543 gi|5 4028 4673 
930 352 gi|5 4965 5302 
932 314 gi|5 5066 5311 
934 413 gi|5 5066 5311 
936 371 gi|5 5105 5302 
940 278 gi|5 5949 6107 
938 496 gi|5 5949 6102 
944 276 gi|5 5950 6107 
942 322 gi|5 5950 6085 
946 280 gi|5 5951 6122 
948 376 gi|5 5952 6099 
950 259 gi|5 6026 6085 
952 266 gi|5 6038 6083 
954 1168 gi|5 6395 7410 
713 421 gi|5 14507 15024 
956 3709 gi|5 14630 15712 
958 287 gi|5 14633 15001 
960 962 gi|5 14672 15021 
962 583 gi|5 14678 15035 
964 742 gi|5 14693 15161 
966 712 gi|5 14780 15019 
968 342 gi|5 14789 15004 
970 272 gi|5 15303 15490 
972 2712 gi|5 15893 17638 
974 501 gi|5 18445 19058 
976 4562 gi|5 34669 35584 
978 1081 gi|5 35514 36607 
1828 539 gi|50 2198 2630 
1830 307 gi|50 2231 2627 
1832 372 gi|50 2388 2656 
1834 305 gi|50 3166 3289 
9 2760 gi|50 3318 4720 
265 4127 gi|50 3372 4696 
1045 369 gi|50 3382 4594 
1836 258 gi|50 7099 7168 
805 279 gi|50 7118 7247 
1763 386 gi|50 7118 7228 
1838 322 gi|50 7118 7211 
1840 319 gi|50 7118 7177 
1599 267 gi|50 7118 7168 
1842 300 gi|50 7118 7168 
227 311 gi|50 7118 7168 
1844 269 gi|50 7121 7171 
1846 5077 gi|50 9886 11673 
1848 271 gi|50 11953 12139 
315 328 gi|50 11979 12115 
347 374 gi|50 11979 12115 
301 292 gi|50 11981 12122 
1850 636 gi|50 14802 16641 
1913 395 gi|50 15384 16611 
1852 347 gi|50 16937 17943 
1027 298 gi|50 30294 31058 
1949 333 gi|50 32701 32999 
1191 2810 gi|50 37305 37926 
589 262 gi|50 38793 38961 
1854 345 gi|50 40012 40172 
287 251 gi|51 2971 3255 
405 330 gi|51 10884 11500 
1375 289 gi|51 10964 11503 
1159 261 gi|51 20981 21109 
1900 281 gi|51 20987 21111 
1902 250 gi|51 21000 21109 
1904 300 gi|51 21043 21107 
957 3709 gi|52 6777 7871 
1931 965 gi|52 7307 7890 
693 342 gi|52 7373 7667 
1055 565 gi|52 7477 7809 
715 575 gi|52 7477 7803 
1245 766 gi|52 7484 7798 
199 396 gi|52 7498 7714 
2318 295 gi|52 7502 7735 
1049 268 gi|52 11695 11802 
971 272 gi|52 11698 11889 
1243 475 gi|52 11810 12137 
1933 511 gi|52 11829 12138 
2320 273 gi|52 11878 12128 
195 304 gi|52 11892 12172 
695 284 gi|52 11895 11940 
961 962 gi|52 11896 12241 
1057 591 gi|52 11898 12216 
723 427 gi|52 11967 12219 
2051 519 gi|52 12771 13479 
2322 491 gi|52 15105 15486 
1299 385 gi|52 15112 15535 
917 535 gi|52 15160 15540 
919 412 gi|52 20674 21144 
2324 292 gi|52 21813 22123 
1397 1196 gi|52 25562 26377 
1799 781 gi|52 26772 28197 
2326 943 gi|52 26855 28232 
2328 340 gi|52 27135 27737 
1251 261 gi|52 31900 31981 
2330 368 gi|52 32069 32478 
173 293 gi|52 32091 32504 
1395 418 gi|52 32136 32491 
993 296 gi|52 32321 32505 
2332 313 gi|52 36512 36792 
2334 331 gi|52 36512 36711 
2336 265 gi|52 38865 39857 
2338 376 gi|52 39312 39704 
1833 372 gi|52 39438 39703 
1906 2317 gi|53 232 1296 
363 402 gi|53 5301 6043 
1169 265 gi|53 6681 6874 
975 501 gi|53 7215 7783 
1951 2185 gi|53 18970 20086 
709 481 gi|53 25240 25940 
703 833 gi|53 29010 30007 
1955 615 gi|53 29035 29964 
925 1004 gi|53 29174 29996 
2276 493 gi|54 102 490 
2278 459 gi|54 369 987 
1551 626 gi|54 9139 9659 
1921 448 gi|54 13139 13845 
2280 266 gi|54 13183 13423 
2282 289 gi|54 13202 13445 
2284 319 gi|54 13203 13962 
1941 301 gi|54 13252 13449 
1505 317 gi|54 13253 13669 
1079 338 gi|54 13299 13598 
2286 441 gi|54 13302 13785 
2288 335 gi|54 13327 13438 
1713 389 gi|54 13329 13785 
35 265 gi|54 13329 13594 
2290 287 gi|54 13332 13439 
1917 279 gi|54 14918 15528 
313 311 gi|54 19268 19397 
345 282 gi|54 19268 19397 
2292 266 gi|54 21860 21996 
307 258 gi|54 21895 21996 
2294 1123 gi|54 23273 24128 
2296 1996 gi|54 25634 26520 
685 1055 gi|54 34519 35708 
2298 1185 gi|54 36389 37061 
1960 430 gi|55 23278 23604 
881 335 gi|55 23401 23680 
1201 283 gi|55 23406 23604 
1962 329 gi|55 25501 25906 
1964 461 gi|55 26890 26980 
1966 405 gi|55 26891 26977 
1153 279 gi|55 26905 26979 
1901 281 gi|55 26917 27037 
1155 494 gi|55 26918 27036 
729 283 gi|55 26947 27015 
1835 305 gi|55 27085 27211 
2337 265 gi|55 27145 28143 
1829 539 gi|55 27744 28174 
1968 575 gi|55 27783 28140 
303 784 gi|55 39682 40153 
339 1083 gi|55 39751 40174 
2293 266 gi|55 40032 40168 
1163 430 gi|56 5302 5438 
299 308 gi|56 11523 11754 
311 294 gi|56 11523 11658 
343 313 gi|56 11523 11657 
1970 1595 gi|56 16848 17183 
1972 1058 gi|56 16965 17228 
2005 568 gi|56 17268 17399 
1974 323 gi|56 17288 17393 
1087 355 gi|56 17292 17544 
1807 318 gi|56 17296 17418 
1976 333 gi|56 17310 17382 
1659 443 gi|56 17311 17395 
1978 251 gi|56 17314 17396 
279 452 gi|56 17315 17393 
1219 254 gi|56 17316 17401 
1999 307 gi|56 24913 25319 
2335 331 gi|56 28775 28993 
1980 451 gi|56 28830 29053 
1939 271 gi|56 28883 29655 
1497 859 gi|56 29061 29708 
2287 441 gi|56 29086 29558 
1703 369 gi|56 29092 29627 
415 259 gi|56 29130 29722 
1982 524 gi|56 29364 29690 
1984 374 gi|56 29378 29620 
1986 335 gi|56 29390 29498 
1403 385 gi|56 29430 29743 
1887 348 gi|56 29436 29678 
1197 321 gi|56 29437 29623 
1988 316 gi|56 29439 29626 
581 297 gi|56 29440 29537 
1521 595 gi|56 30123 31227 
1990 290 gi|56 30416 30606 
371 344 gi|56 31589 32270 
1992 1151 gi|56 31690 32997 
1229 290 gi|56 31736 31879 
1227 290 gi|56 32164 32252 
373 1282 gi|56 32644 33031 
1547 447 gi|56 32947 32997 
1994 441 gi|56 38067 38643 
1489 2135 gi|57 4 1543 
1493 2303 gi|57 4 1510 
1485 654 gi|57 4 675 
1491 688 gi|57 13 494 
1495 543 gi|57 662 1507 
1487 781 gi|57 711 1547 
133 710 gi|57 735 878 
259 263 gi|57 9660 9815 
305 330 gi|57 12977 13239 
309 293 gi|57 16110 16364 
341 301 gi|57 16133 16364 
1849 271 gi|57 16192 16348 
2300 257 gi|57 16198 16281 
295 272 gi|57 16234 16378 
297 255 gi|57 19738 19882 
577 320 gi|57 36787 36924 
1995 441 gi|58 6255 6833 
393 7977 gi|58 8531 9801 
1523 628 gi|58 8604 8747 
1525 5583 gi|58 9074 9803 
1527 961 gi|58 10495 10784 
385 11965 gi|58 10547 11982 
1529 1958 gi|58 11710 11984 
383 2512 gi|58 12180 12662 
379 4000 gi|58 17559 18073 
1531 1461 gi|58 17559 17775 
1541 458 gi|58 18250 18320 
1533 269 gi|58 18278 18319 
1539 415 gi|58 18883 18961 
1535 263 gi|58 18913 18953 
1537 907 gi|58 19153 19315 
1543 1102 gi|58 21914 22186 
1545 7500 gi|58 22098 23045 
369 6082 gi|58 22881 24385 
1993 1151 gi|58 22936 24235 
1693 2562 gi|58 26102 27181 
1695 5199 gi|58 26172 27189 
1697 4630 gi|58 26273 27207 
2066 379 gi|58 28973 29943 
1275 375 gi|58 29309 29899 
1561 334 gi|58 32677 33189 
1633 1551 gi|59 127 3862 
2053 266 gi|59 2693 2960 
1389 2217 gi|59 7752 8972 
1733 376 gi|59 8357 8672 
2302 281 gi|59 28984 29120 
2304 281 gi|59 30270 30377 
1967 405 gi|59 30270 30353 
1905 300 gi|59 30270 30329 
1161 355 gi|59 30277 30325 
973 2712 gi|59 30735 32494 
2306 980 gi|59 33226 34013 
2308 1005 gi|59 34268 35234 
1427 578 gi|59 36867 37286 
1871 388 gi|59 39964 40171 
878 250 gi|6 8 385 
880 335 gi|6 113 391 
882 317 gi|6 132 331 
884 286 gi|6 4288 5167 
886 371 gi|6 8330 8449 
527 308 gi|6 8379 8533 
501 446 gi|6 8380 8530 
888 774 gi|6 8462 8549 
890 740 gi|6 8462 8542 
892 273 gi|6 8477 8670 
894 468 gi|6 9902 10603 
896 510 gi|6 11880 12481 
1121 1028 gi|6 11904 12242 
898 384 gi|6 12102 12259 
900 263 gi|6 12360 12612 
1119 424 gi|6 12434 12623 
902 289 gi|6 12471 12647 
904 294 gi|6 15764 16045 
906 256 gi|6 15818 15887 
908 1038 gi|6 19367 20139 
910 441 gi|6 20538 20774 
1085 266 gi|6 27825 29119 
912 580 gi|6 33831 34382 
914 806 gi|6 33850 34482 
916 535 gi|6 33934 34338 
918 412 gi|6 39532 40020 
1873 529 gi|60 43 350 
1449 252 gi|60 4593 4674 
1415 778 gi|60 5929 6710 
1407 562 gi|60 6043 6685 
1507 488 gi|60 6182 6700 
103 455 gi|60 6214 6725 
1717 351 gi|60 6323 6515 
1983 524 gi|60 6328 6669 
27 268 gi|60 6346 6600 
1925 277 gi|60 6408 6656 
2291 287 gi|60 6408 6515 
1897 318 gi|60 6412 6603 
1401 799 gi|60 7101 7790 
1421 375 gi|60 7102 7606 
23 337 gi|60 7410 7678 
2022 472 gi|60 7425 7670 
1715 355 gi|60 7426 7579 
1987 335 gi|60 7432 7540 
2024 389 gi|60 7445 7602 
1947 309 gi|60 7448 7566 
101 280 gi|60 7466 7791 
1927 272 gi|60 7472 7700 
2289 335 gi|60 7472 7586 
1035 279 gi|60 7472 7563 
2026 402 gi|60 7490 7664 
99 383 gi|60 11629 12395 
1419 596 gi|60 11694 12291 
1405 301 gi|60 11717 12369 
1503 340 gi|60 11819 12264 
1889 436 gi|60 12055 12316 
2028 322 gi|60 12067 12289 
1399 525 gi|60 12690 13397 
89 352 gi|60 12734 13250 
429 298 gi|60 12740 13161 
1501 258 gi|60 12763 13161 
1413 270 gi|60 12867 13359 
107 297 gi|60 12986 13249 
1923 408 gi|60 13041 13245 
1425 273 gi|60 14228 14398 
409 369 gi|60 26176 26350 
1979 251 gi|60 30780 30857 
2007 280 gi|60 30783 30856 
859 319 gi|60 30970 31375 
857 1099 gi|60 32515 33297 
2030 817 gi|61 78 245 
1787 449 gi|61 80 209 
2032 497 gi|61 87 206 
1737 304 gi|61 98 256 
2034 293 gi|61 99 231 
1791 258 gi|61 105 205 
1743 263 gi|61 105 184 
2036 290 gi|61 105 181 
1879 250 gi|61 133 170 
1915 302 gi|61 404 1465 
1089 313 gi|61 1455 1557 
273 278 gi|61 1489 1630 
2038 289 gi|61 1489 1573 
2009 381 gi|61 1490 1565 
1977 333 gi|61 1490 1563 
1665 317 gi|61 1490 1543 
1221 273 gi|61 1497 1557 
1311 409 gi|61 2773 3151 
955 1168 gi|61 6183 7196 
367 892 gi|61 13917 14866 
2040 383 gi|61 16991 17348 
607 464 gi|61 19051 19458 
1393 5132 gi|61 19054 21259 
189 374 gi|61 19250 19431 
2331 368 gi|61 19806 20207 
175 1556 gi|61 19842 21147 
989 367 gi|61 19843 20256 
605 280 gi|61 21833 22083 
701 337 gi|61 25424 25688 
2321 273 gi|61 26243 26503 
721 278 gi|61 26269 26503 
203 265 gi|61 26281 26508 
959 287 gi|61 26282 26658 
2319 295 gi|61 26282 26521 
1247 351 gi|61 26282 26503 
2042 658 gi|61 26643 26896 
2044 999 gi|61 26651 26981 
2046 349 gi|61 27799 27908 
155 481 gi|61 30525 30846 
2307 980 gi|61 32224 33010 
2309 1005 gi|61 33061 33985 
1699 272 gi|62 1610 2378 
2281 266 gi|62 1717 1953 
2212 469 gi|62 1734 1956 
21 324 gi|62 1745 1955 
1083 259 gi|62 1752 1953 
1911 430 gi|62 1756 1961 
1895 254 gi|62 1760 2038 
423 334 gi|62 1780 2356 
1195 334 gi|62 1781 1963 
2214 252 gi|62 1783 1989 
1945 266 gi|62 1797 2347 
2025 389 gi|62 1841 1996 
1411 298 gi|62 1851 1956 
2216 384 gi|62 1861 2324 
1203 336 gi|62 1877 2375 
1339 316 gi|62 5973 6023 
179 478 gi|62 5973 6023 
2218 478 gi|62 5973 6023 
2220 325 gi|62 5973 6023 
779 345 gi|62 5973 6023 
845 261 gi|62 5973 6023 
2222 253 gi|62 5974 6023 
2224 344 gi|62 5974 6023 
601 345 gi|62 8055 8291 
603 263 gi|62 8816 9124 
595 272 gi|62 8863 9001 
727 292 gi|62 14452 14586 
1831 307 gi|62 14828 15221 
1969 575 gi|62 14828 15185 
2339 376 gi|62 14978 15382 
2226 630 gi|62 19054 19344 
1973 1058 gi|62 19064 19344 
1071 453 gi|62 23378 24481 
1391 339 gi|62 23933 24482 
2228 271 gi|62 29140 30357 
2230 326 gi|62 35154 35291 
1451 283 gi|62 35169 35499 
2232 6650 gi|62 36236 37064 
2234 6674 gi|62 36269 37029 
141 6631 gi|62 36282 37043 
2301 257 gi|62 37023 37105 
1811 419 gi|63 18729 19096 
407 304 gi|63 24512 24714 
161 4582 gi|64 2081 2874 
2054 317 gi|64 2187 2268 
2045 999 gi|64 3374 3753 
165 903 gi|64 4617 4808 
2043 658 gi|64 7409 7697 
977 4562 gi|64 14855 15769 
147 1296 gi|64 15787 16461 
149 17999 gi|64 16205 18575 
927 543 gi|64 16839 17481 
135 356 gi|64 17025 18275 
933 314 gi|64 17904 18151 
159 6988 gi|64 18555 19363 
2056 268 gi|64 18628 18701 
2058 260 gi|64 18658 18739 
157 7068 gi|64 25643 26492 
2060 268 gi|64 25723 25796 
2062 260 gi|64 25753 25834 
2031 817 gi|64 26490 26655 
1783 978 gi|64 26502 26784 
1739 353 gi|64 26518 26611 
2037 290 gi|64 26532 26611 
2064 1380 gi|64 26557 26815 
1795 275 gi|64 26564 26605 
1875 276 gi|64 26564 26603 
2305 281 gi|65 114 222 
1965 461 gi|65 138 225 
1903 250 gi|65 163 268 
1157 418 gi|65 163 242 
2110 11976 gi|65 1593 3036 
1131 12016 gi|65 1593 2997 
1673 12032 gi|65 1597 2992 
1015 12064 gi|65 1638 2997 
2112 11993 gi|65 1641 3068 
1857 12062 gi|65 1648 2992 
657 11944 gi|65 1660 3148 
2114 12070 gi|65 1664 2991 
2116 12012 gi|65 1666 3046 
333 11966 gi|65 1667 3109 
1647 12055 gi|65 1668 2991 
1907 2317 gi|65 7950 9019 
1891 282 gi|65 9273 9399 
2303 281 gi|65 20960 21096 
2118 1320 gi|65 22152 23363 
1803 584 gi|65 22641 23373 
1189 558 gi|65 25052 25379 
1225 431 gi|65 26588 27008 
2120 1436 gi|65 38366 39494 
2279 459 gi|65 38444 39053 
43 256 gi|66 513 582 
2122 270 gi|66 532 582 
1691 1007 gi|66 4113 4252 
2124 750 gi|66 8467 8678 
1757 357 gi|66 8482 8557 
2126 320 gi|66 8497 8601 
73 1242 gi|66 8501 8689 
2128 1071 gi|66 8502 8681 
2130 1184 gi|66 8504 8669 
2132 638 gi|66 8507 8667 
2134 464 gi|66 8510 8642 
915 806 gi|66 8842 9464 
1301 655 gi|66 8843 9247 
2323 491 gi|66 8871 9255 
2136 2098 gi|66 15556 15845 
2138 2132 gi|66 15589 15887 
2140 881 gi|66 15594 15710 
1365 351 gi|66 15624 15714 
7 314 gi|66 15624 15685 
2142 275 gi|66 15626 15691 
2144 915 gi|66 15730 15842 
2146 13344 gi|66 15817 17466 
2148 13735 gi|66 15834 17468 
2019 2013 gi|66 16206 16511 
2150 3337 gi|66 16660 17076 
1291 663 gi|66 17264 17457 
1631 904 gi|66 17316 17462 
2152 881 gi|66 17359 17464 
675 369 gi|66 17380 17520 
2154 278 gi|66 17389 17434 
2156 278 gi|66 17389 17434 
2158 278 gi|66 17389 17434 
687 533 gi|66 17401 18347 
1867 295 gi|66 17563 18247 
1981 451 gi|66 20766 20994 
2333 313 gi|66 20828 21088 
2233 6650 gi|66 22711 23547 
137 6679 gi|66 22734 23508 
2160 6650 gi|66 22753 23558 
1813 1876 gi|66 34212 34697 
1233 1764 gi|66 34333 34697 
1819 1039 gi|66 34423 34696 
2162 360 gi|66 34619 34707 
2065 1380 gi|66 34720 34984 
1789 904 gi|66 34759 35017 
2035 293 gi|66 34877 35010 
2033 497 gi|66 34892 35017 
1741 292 gi|66 34912 35017 
1877 259 gi|66 34941 34977 
399 611 gi|66 35078 35191 
983 293 gi|66 35082 35245 
2164 483 gi|66 35083 35250 
2166 268 gi|66 35137 35296 
445 288 gi|66 35137 35296 
1869 594 gi|66 35285 35421 
1639 12002 gi|66 37499 38993 
2168 11951 gi|66 37520 38986 
2113 11993 gi|66 37579 39005 
337 12002 gi|66 37591 38982 
1007 11969 gi|66 37600 39143 
1865 12028 gi|66 37653 38982 
1139 12048 gi|66 37654 38989 
1675 12021 gi|66 37655 39021 
2170 12040 gi|66 37658 38990 
673 12004 gi|66 37660 39039 
2172 12025 gi|66 37660 38986 
1563 332 gi|67 1493 1800 
2119 1320 gi|67 6897 8116 
2329 340 gi|67 7101 7739 
1805 314 gi|67 7398 7539 
1667 281 gi|67 10672 10746 
731 1002 gi|67 14034 15010 
271 371 gi|67 18692 18993 
1281 431 gi|67 21618 22323 
2067 379 gi|67 23021 23980 
1277 677 gi|67 23313 23939 
77 670 gi|67 24102 24261 
219 351 gi|67 24102 24157 
1845 269 gi|67 24102 24154 
807 342 gi|67 24102 24153 
2236 312 gi|67 24102 24152 
2238 324 gi|67 24102 24152 
2240 339 gi|67 24102 24152 
2242 324 gi|67 24102 24152 
1601 303 gi|67 24102 24151 
1771 356 gi|67 24102 24150 
2244 447 gi|67 24105 24260 
2248 307 gi|67 24106 24309 
2246 456 gi|67 24106 24270 
2135 464 gi|67 24119 24261 
2250 457 gi|67 24155 24276 
2252 276 gi|67 24183 24255 
1755 281 gi|67 24214 24287 
2327 943 gi|67 27052 28394 
1801 3201 gi|67 27120 28490 
1623 847 gi|67 28433 28646 
1287 688 gi|67 28472 28698 
2254 16534 gi|67 28484 30582 
2149 13735 gi|67 28494 30146 
2256 881 gi|67 28498 28603 
679 310 gi|67 28504 28582 
2155 278 gi|67 28528 28573 
2258 278 gi|67 28528 28573 
2260 278 gi|67 28528 28573 
2262 3469 gi|67 28882 29315 
2021 2012 gi|67 29469 29774 
2264 284 gi|67 30211 30279 
2139 2132 gi|67 30232 30520 
2266 891 gi|67 30265 30377 
1363 376 gi|67 30393 30483 
2268 861 gi|67 30397 30527 
2270 274 gi|67 30416 30481 
5 346 gi|67 30422 30485 
2272 258 gi|67 30425 30495 
2274 271 gi|67 30431 30495 
1641 12070 gi|68 7734 9067 
2171 12040 gi|68 7737 9068 
1137 12066 gi|68 7738 9068 
327 12052 gi|68 7739 9069 
2115 12070 gi|68 7739 9066 
1859 12032 gi|68 7740 9164 
669 12051 gi|68 7740 9066 
2174 12024 gi|68 7741 9112 
1679 11977 gi|68 7743 9266 
1023 12031 gi|68 7744 9066 
2117 12012 gi|68 10916 12317 
1017 12041 gi|68 10929 12354 
2176 12075 gi|68 10929 12320 
661 12045 gi|68 10957 12320 
1863 12034 gi|68 10984 12314 
1683 12031 gi|68 10988 12314 
331 12031 gi|68 10990 12316 
2173 12025 gi|68 10992 12318 
1143 12054 gi|68 10992 12316 
1645 12033 gi|68 10992 12314 
1899 264 gi|69 8213 8737 
1839 322 gi|69 19166 19254 
215 510 gi|69 19173 19255 
2068 302 gi|69 19180 19255 
2070 373 gi|69 19185 19252 
2072 505 gi|69 19198 19255 
2241 339 gi|69 19201 19251 
1597 466 gi|69 19202 19255 
1777 503 gi|69 19203 19563 
803 501 gi|69 19203 19255 
1577 889 gi|69 19233 19370 
2074 920 gi|69 19233 19361 
2076 490 gi|69 19262 19338 
39 887 gi|69 19264 19407 
745 337 gi|69 19264 19301 
849 595 gi|69 19265 19365 
2078 447 gi|69 19266 19373 
2080 376 gi|69 19266 19354 
2082 562 gi|69 19267 19385 
1565 250 gi|69 19304 19420 
357 335 gi|69 19304 19362 
2084 254 gi|69 19308 19353 
2123 270 gi|69 19315 19365 
2249 307 gi|69 23688 23885 
2086 301 gi|69 23690 23819 
2088 626 gi|69 23725 23885 
79 761 gi|69 23732 23887 
2090 518 gi|69 23733 23885 
2133 638 gi|69 23736 23895 
2092 655 gi|69 23736 23888 
2285 319 gi|69 24660 25420 
1919 2348 gi|69 24737 26423 
1075 285 gi|69 24819 25421 
1515 407 gi|69 25156 25372 
2029 322 gi|69 25175 25393 
1929 611 gi|69 27024 27347 
2057 268 gi|69 28693 28772 
2061 268 gi|69 28693 28772 
167 267 gi|69 28712 28772 
1971 1595 gi|69 31191 31525 
2227 630 gi|69 31307 31614 
2094 346 gi|69 33429 33508 
2096 404 gi|69 33441 33563 
1841 319 gi|69 33451 33510 
2098 1430 gi|69 33454 33661 
2100 539 gi|69 33457 33662 
2243 324 gi|69 33457 33507 
1581 1348 gi|69 33458 33665 
817 718 gi|69 33459 33665 
783 701 gi|69 33459 33608 
225 712 gi|69 33459 33575 
1775 642 gi|69 33459 33566 
37 1535 gi|69 33470 33721 
2102 434 gi|69 33470 33647 
1315 361 gi|69 33480 33673 
251 262 gi|69 33489 33563 
1347 484 gi|69 33496 33575 
2104 1014 gi|69 33504 33665 
743 848 gi|69 33504 33601 
2106 380 gi|69 33564 33638 
2108 337 gi|69 33572 33654 
1567 312 gi|69 33604 33676 
359 317 gi|69 33604 33671 
2161 6650 gi|69 33707 34496 
2235 6674 gi|69 33707 34468 
139 6659 gi|69 33707 34458 
134 356 gi|7 5569 6771 
937 371 gi|7 6452 6648 
136 6679 gi|7 16222 16994 
138 6659 gi|7 16224 16973 
140 6631 gi|7 16227 16987 
142 4215 gi|7 17068 18400 
144 31342 gi|7 18682 22299 
146 1296 gi|7 22365 23038 
148 17999 gi|7 23004 25353 
929 564 gi|7 23641 24303 
935 413 gi|7 24706 24953 
150 432 gi|7 25940 26085 
979 1081 gi|7 31318 32407 
152 295 gi|7 36632 36853 
154 481 gi|7 37926 38247 
156 7068 gi|7 38208 39058 
158 6988 gi|7 38242 39053 
160 4582 gi|7 38264 39053 
162 284 gi|7 38867 38948 
164 903 gi|7 38868 39055 
166 267 gi|7 38917 38978 
1381 1203 gi|70 168 977 
1379 444 gi|70 1261 2568 
2229 271 gi|70 1348 2583 
1383 323 gi|70 2531 2774 
1031 257 gi|70 5162 5736 
2178 434 gi|70 5204 5800 
2217 384 gi|70 5211 5641 
1209 630 gi|70 5246 5887 
2283 289 gi|70 5529 5776 
13 370 gi|70 5552 5861 
2027 402 gi|70 5552 5726 
95 267 gi|70 5552 5623 
2325 292 gi|70 13184 13494 
1963 329 gi|70 14304 14712 
1961 430 gi|70 14388 14708 
883 317 gi|70 14525 14724 
985 358 gi|70 19006 19122 
2165 483 gi|70 19042 19189 
401 417 gi|70 19042 19120 
1385 1484 gi|70 19457 20860 
1653 1300 gi|70 19539 20478 
997 2842 gi|70 33483 34502 
999 662 gi|70 34090 34567 
1001 547 gi|70 34692 35022 
865 495 gi|71 2430 3050 
1655 270 gi|71 6587 6727 
1199 291 gi|71 9946 10071 
1721 255 gi|71 9985 10068 
1033 278 gi|71 9985 10066 
2340 273 gi|71 10530 10610 
597 287 gi|71 10816 11022 
1689 320 gi|71 11431 12019 
1687 268 gi|71 12244 12375 
15 1104 gi|71 13382 14100 
1943 360 gi|71 13390 13984 
2179 434 gi|71 13457 14065 
1207 514 gi|71 13464 14149 
1893 413 gi|71 13737 14041 
2023 472 gi|71 13749 13996 
1959 363 gi|71 13802 14047 
1989 316 gi|71 13808 13995 
2213 469 gi|71 13811 14036 
11 464 gi|71 14361 15869 
1991 290 gi|71 14686 14876 
1753 906 gi|71 17078 17301 
2342 447 gi|71 17115 17303 
217 1044 gi|71 17174 17322 
2099 1430 gi|71 17190 17409 
2073 505 gi|71 17190 17247 
2344 366 gi|71 17191 17264 
2239 324 gi|71 17193 17243 
1573 1918 gi|71 17195 17425 
813 702 gi|71 17195 17416 
791 984 gi|71 17195 17299 
1843 300 gi|71 17196 17246 
53 1168 gi|71 17206 17409 
1321 439 gi|71 17216 17413 
245 518 gi|71 17225 17321 
1351 311 gi|71 17232 17303 
2346 851 gi|71 17240 17417 
735 572 gi|71 17240 17349 
2075 920 gi|71 17279 17409 
2348 485 gi|71 17310 17424 
2350 353 gi|71 17314 17402 
353 322 gi|71 17352 17415 
1781 410 gi|71 18060 18256 
837 370 gi|71 18138 18353 
1583 607 gi|71 18144 18318 
57 1458 gi|71 18159 18480 
2103 434 gi|71 18159 18362 
2352 594 gi|71 18159 18330 
1325 678 gi|71 18165 18333 
243 526 gi|71 18179 18256 
1349 302 gi|71 18192 18256 
1589 517 gi|71 18194 18256 
229 965 gi|71 18200 18362 
763 498 gi|71 18202 18335 
829 330 gi|71 18202 18312 
2354 366 gi|71 18203 18362 
777 560 gi|71 18203 18362 
1343 768 gi|71 18203 18314 
793 475 gi|71 18203 18256 
1779 445 gi|71 18213 18362 
1327 388 gi|71 18243 18335 
755 401 gi|71 18244 18330 
253 529 gi|71 18253 18335 
2129 1071 gi|71 18300 18481 
2089 626 gi|71 18326 18486 
2247 456 gi|71 18326 18482 
2356 1000 gi|71 18326 18479 
2358 322 gi|71 18392 18504 
1761 309 gi|71 18426 18474 
2360 277 gi|71 24125 24264 
2362 2368 gi|71 24375 25490 
2364 572 gi|71 25488 26083 
2366 2170 gi|71 26154 27532 
841 434 gi|71 27634 27830 
2368 984 gi|71 27640 27961 
2085 254 gi|71 27653 27702 
1341 286 gi|71 27685 27813 
2370 475 gi|71 27685 27769 
769 461 gi|71 27690 27830 
2372 848 gi|71 27696 27830 
1331 634 gi|71 27698 27884 
237 263 gi|71 27698 27830 
761 565 gi|71 27703 27920 
821 358 gi|71 27703 27814 
2374 287 gi|71 27703 27763 
187 253 gi|71 27708 27757 
2223 253 gi|71 27708 27757 
231 326 gi|71 27754 27920 
1329 656 gi|71 27754 27891 
2376 276 gi|71 27759 27819 
2378 260 gi|71 27793 27888 
1333 519 gi|71 27810 27892 
63 920 gi|71 27815 28040 
835 372 gi|71 27815 27912 
2380 263 gi|71 27815 27874 
2125 750 gi|71 27860 28066 
2091 518 gi|71 27884 28039 
2382 683 gi|71 27884 28024 
2251 457 gi|71 27923 28041 
2384 330 gi|71 27938 28033 
1765 254 gi|71 27981 28022 
1909 363 gi|71 30161 30789 
1211 285 gi|71 30554 30826 
2079 447 gi|71 32119 32227 
1575 645 gi|71 32125 32360 
1319 614 gi|71 32126 32322 
2101 539 gi|71 32133 32357 
51 573 gi|71 32133 32346 
815 589 gi|71 32135 32355 
2386 619 gi|71 32141 32299 
2388 287 gi|71 32153 32227 
737 421 gi|71 32192 32299 
209 472 gi|71 32219 32445 
787 387 gi|71 32227 32355 
1773 309 gi|71 32233 32355 
757 291 gi|71 32270 32323 
1377 256 gi|71 38123 38323 
365 755 gi|71 38813 39959 
109 310 gi|72 3878 3964 
2180 272 gi|72 3913 3974 
1723 265 gi|72 12528 12632 
2041 383 gi|72 19588 19945 
211 349 gi|72 21056 21204 
2071 373 gi|72 21116 21187 
2095 346 gi|72 21117 21187 
1767 380 gi|72 21126 21204 
1595 313 gi|72 21133 21204 
2345 366 gi|72 21134 21204 
2182 272 gi|72 21134 21191 
2237 312 gi|72 21136 21186 
801 345 gi|72 21138 21204 
1837 258 gi|72 21139 21212 
2184 515 gi|72 21924 22860 
1797 1173 gi|72 24853 26170 
2269 861 gi|72 29667 29804 
2186 936 gi|72 29672 29804 
2141 881 gi|72 29686 29804 
3 357 gi|72 29705 29779 
2188 269 gi|72 29717 29776 
2275 271 gi|72 29717 29776 
1361 376 gi|72 29718 29809 
2190 274 gi|72 29720 29785 
2265 284 gi|72 29801 29869 
2192 388 gi|72 29883 29961 
2375 287 gi|72 29883 29943 
2377 276 gi|72 29883 29943 
771 409 gi|72 29884 29962 
843 332 gi|72 29884 29945 
1337 376 gi|72 29884 29943 
2381 263 gi|72 29884 29943 
2194 380 gi|72 29887 29943 
177 478 gi|72 29888 29938 
2219 478 gi|72 29888 29938 
2145 915 gi|72 29939 30052 
2196 889 gi|72 29939 30051 
2267 891 gi|72 29939 30051 
2198 3519 gi|72 30042 30476 
2263 3469 gi|72 30042 30476 
2151 3337 gi|72 30042 30472 
2200 879 gi|72 30459 30569 
2153 881 gi|72 30459 30563 
2257 881 gi|72 30459 30563 
1629 610 gi|72 30460 30568 
677 310 gi|72 30480 30558 
2159 278 gi|72 30489 30534 
2202 278 gi|72 30489 30534 
2261 278 gi|72 30489 30534 
1073 491 gi|72 30712 31800 
2215 252 gi|72 30716 30928 
1511 416 gi|72 30717 31073 
1985 374 gi|72 30717 30959 
425 268 gi|72 30795 31278 
2204 258 gi|72 30801 30909 
93 258 gi|72 30814 30968 
2231 326 gi|72 32724 32861 
699 1839 gi|72 35700 37138 
1847 5077 gi|72 37507 39296 
2349 485 gi|73 103 200 
1587 404 gi|73 103 175 
2077 490 gi|73 103 175 
2107 380 gi|73 105 175 
59 463 gi|73 105 175 
747 280 gi|73 105 142 
851 331 gi|73 106 181 
2389 287 gi|73 107 177 
2310 336 gi|73 108 177 
2003 330 gi|73 3413 3504 
1663 258 gi|73 3416 3499 
283 341 gi|73 3416 3499 
1975 323 gi|73 3417 3527 
2039 289 gi|73 3430 3517 
1093 268 gi|73 3433 3511 
1937 5705 gi|73 5435 6126 
1855 345 gi|73 6388 6549 
1935 1935 gi|73 6557 7113 
2299 1185 gi|73 11414 12079 
1957 537 gi|73 13690 14372 
1177 580 gi|73 15762 16072 
2312 253 gi|73 15914 15972 
627 523 gi|73 15924 16087 
1613 478 gi|73 15924 16085 
943 322 gi|73 15924 16047 
1373 505 gi|73 15925 16085 
1603 349 gi|73 15932 16117 
1607 512 gi|73 15932 16086 
621 360 gi|73 15932 16051 
1175 374 gi|73 15934 16024 
1371 373 gi|73 15947 16036 
1369 353 gi|73 15947 16024 
1367 281 gi|73 15947 15984 
1727 324 gi|73 15949 16077 
1619 409 gi|73 15986 16085 
641 366 gi|73 15991 16086 
2314 275 gi|73 15993 16068 
1183 304 gi|73 15994 16085 
119 333 gi|73 15997 16056 
1571 304 gi|73 16008 16055 
125 295 gi|73 16013 16082 
897 510 gi|73 16047 16634 
163 284 gi|73 16111 16192 
2055 317 gi|73 16111 16192 
2059 260 gi|73 16111 16192 
2063 260 gi|73 16111 16192 
901 263 gi|73 16289 16537 
1123 878 gi|73 16309 16613 
2047 349 gi|73 16643 16754 
2163 360 gi|73 19233 19328 
1237 325 gi|73 19233 19315 
1815 393 gi|73 19233 19315 
1821 360 gi|73 19233 19314 
2143 275 gi|73 19315 19381 
2191 274 gi|73 19315 19381 
2271 274 gi|73 19315 19381 
2316 262 gi|73 19315 19381 
2205 258 gi|73 20622 20728 
431 250 gi|73 20634 20805 
2341 273 gi|73 20995 21072 
615 305 gi|73 31375 31538 
2011 547 gi|73 31466 36436 
2013 251 gi|73 33429 33693 
2015 314 gi|73 36783 36900 
1953 719 gi|74 569 911 
1997 758 gi|74 3479 3910 
113 388 gi|74 5954 6063 
643 279 gi|74 5971 6063 
631 282 gi|74 5971 6055 
1609 304 gi|74 5975 6055 
2315 275 gi|74 5975 6051 
1621 257 gi|74 5981 6063 
1617 276 gi|74 5981 6055 
2181 272 gi|74 5997 6063 
951 259 gi|74 6005 6063 
2313 253 gi|74 6013 6071 
1223 256 gi|74 23773 23885 
1105 256 gi|74 24134 24616 
1149 270 gi|74 24633 24857 
1881 268 gi|74 24744 24851 
1555 295 gi|74 24786 24854 
1585 288 gi|74 24839 24924 
2081 376 gi|74 24839 24924 
2351 353 gi|74 24839 24924 
55 340 gi|74 24839 24924 
853 256 gi|74 24839 24924 
2109 337 gi|74 24839 24918 
2131 1184 gi|74 25205 25369 
75 1132 gi|74 25205 25368 
2093 655 gi|74 25214 25366 
2245 447 gi|74 25216 25362 
2357 1000 gi|74 25217 25369 
2383 683 gi|74 25217 25360 
2206 291 gi|74 25282 25357 
2208 289 gi|74 25308 25349 
1759 380 gi|74 25316 25365 
1817 261 gi|74 27183 27291 
2111 11976 gi|74 27952 29380 
2177 12075 gi|74 28005 29379 
663 12073 gi|74 28005 29356 
2169 11951 gi|74 28008 29480 
2175 12024 gi|74 28008 29374 
335 11910 gi|74 28009 29622 
1021 12054 gi|74 28009 29348 
1145 12038 gi|74 28009 29333 
1637 11952 gi|74 28010 29549 
1677 12043 gi|74 28010 29369 
1861 12038 gi|74 28011 29365 
1553 302 gi|74 30041 30193 
1313 458 gi|74 30202 30447 
2083 562 gi|74 30209 30334 
1579 834 gi|74 30228 30396 
2347 851 gi|74 30229 30396 
2369 984 gi|74 30232 30578 
819 798 gi|74 30232 30448 
2210 270 gi|74 30232 30286 
2105 1014 gi|74 30233 30396 
47 1035 gi|74 30233 30396 
349 342 gi|74 30234 30300 
2387 619 gi|74 30249 30408 
2353 594 gi|74 30254 30464 
2311 336 gi|74 30261 30334 
733 1491 gi|74 30300 30554 
1323 626 gi|74 30311 30538 
235 377 gi|74 30312 30476 
2379 260 gi|74 30312 30408 
241 339 gi|74 30334 30396 
1353 491 gi|74 30334 30392 
775 262 gi|74 30338 30476 
789 305 gi|74 30338 30396 
825 341 gi|74 30338 30390 
213 556 gi|74 30352 30584 
751 609 gi|74 30378 30524 
2193 388 gi|74 30378 30453 
2373 848 gi|74 30385 30522 
2355 366 gi|74 30394 30542 
185 344 gi|74 30398 30447 
2225 344 gi|74 30398 30447 
2371 475 gi|74 30432 30514 
1335 523 gi|74 30444 30506 
2343 447 gi|74 30446 30628 
1591 427 gi|74 30446 30552 
2097 404 gi|74 30449 30576 
811 396 gi|74 30449 30576 
65 255 gi|74 30449 30542 
2195 380 gi|74 30449 30505 
181 325 gi|74 30454 30504 
2221 325 gi|74 30454 30504 
1769 375 gi|74 30494 30554 
2069 302 gi|74 30502 30576 
683 251 gi|74 30502 30557 
2183 272 gi|74 30503 30556 
2297 1996 gi|74 33621 34512 
2295 1123 gi|74 34504 35353 
893 273 gi|74 39880 40051 
1885 266 gi|75 1260 1330 
437 13389 gi|75 1290 2816 
291 425 gi|75 1294 1342 
2001 420 gi|75 1337 1448 
2167 268 gi|75 2550 2708 
1453 411 gi|75 2755 2807 
1827 309 gi|75 2826 3168 
555 319 gi|75 2834 3000 
517 312 gi|75 2837 3343 
531 1011 gi|75 2839 3039 
473 455 gi|75 2841 3183 
1825 462 gi|75 2851 3261 
539 355 gi|75 2855 2912 
515 549 gi|75 2857 3346 
509 319 gi|75 2857 3227 
459 321 gi|75 2858 3346 
497 415 gi|75 2858 3345 
485 305 gi|75 2858 3168 
455 880 gi|75 2858 3084 
541 344 gi|75 2858 2914 
469 288 gi|75 2859 3168 
529 775 gi|75 2886 3197 
479 306 gi|75 2894 3261 
491 339 gi|75 2921 3344 
467 918 gi|75 2922 3188 
451 273 gi|75 2929 3149 
503 709 gi|75 2931 3344 
471 316 gi|75 2942 3261 
553 549 gi|75 3093 3224 
495 352 gi|75 3116 3343 
533 30277 gi|75 3117 6756 
1269 743 gi|75 3131 3276 
1823 1435 gi|75 3202 3356 
889 774 gi|75 3275 3361 
1259 30335 gi|75 3354 6799 
1261 470 gi|75 3354 3421 
1437 49672 gi|75 3357 8679 
1263 470 gi|75 3360 3421 
1265 402 gi|75 3360 3421 
1441 477 gi|75 6457 6609 
1439 462 gi|75 6727 6880 
1257 16759 gi|75 6888 8745 
563 16407 gi|75 6929 8903 
1725 288 gi|75 10444 11655 
2185 515 gi|75 10684 11620 
2087 301 gi|75 11696 11836 
2359 322 gi|75 11723 11836 
2127 320 gi|75 11742 11847 
81 427 gi|75 11746 11836 
2385 330 gi|75 11747 11847 
2207 291 gi|75 11761 11836 
2253 276 gi|75 11761 11833 
2209 289 gi|75 11762 11803 
2211 270 gi|75 11836 11887 
1851 636 gi|75 18702 20508 
1853 347 gi|75 20833 21843 
909 1038 gi|75 20916 21685 
2255 16534 gi|75 28245 30316 
2137 2098 gi|75 28258 28557 
2187 936 gi|75 28292 28421 
1 348 gi|75 28322 28396 
2273 258 gi|75 28322 28393 
2189 269 gi|75 28322 28387 
1359 376 gi|75 28335 28425 
2317 262 gi|75 28337 28402 
2197 889 gi|75 28441 28553 
2147 13344 gi|75 28656 30295 
2017 1902 gi|75 29030 29328 
2199 3519 gi|75 29476 29909 
1289 714 gi|75 30093 30301 
1627 877 gi|75 30145 30318 
2201 879 gi|75 30188 30299 
681 294 gi|75 30209 30287 
2157 278 gi|75 30218 30263 
2203 278 gi|75 30218 30263 
2259 278 gi|75 30218 30263 
2121 1436 gi|75 32133 33267 
2277 493 gi|75 32320 32695 
2049 6188 gi|76 3569 4473 
191 306 gi|76 15397 15458 
1883 263 gi|76 19243 19324 
2367 2170 gi|76 26815 28138 
2365 572 gi|76 28519 29138 
2363 2368 gi|76 30288 31409 
2361 277 gi|76 31974 32119 
294 272 gi|8 2410 2543 
296 255 gi|8 2410 2537 
298 308 gi|8 2427 2633 
300 292 gi|8 2430 2573 
593 250 gi|8 2442 2550 
302 784 gi|8 2661 3119 
304 330 gi|8 2911 3193 
306 258 gi|8 2998 3099 
308 293 gi|8 6847 7117 
310 294 gi|8 6849 7008 
312 311 gi|8 6849 6983 
314 328 gi|8 6880 7015 
316 11960 gi|8 7057 8517 
318 12049 gi|8 7069 8489 
320 12136 gi|8 7109 8499 
322 12061 gi|8 7136 8490 
324 12058 gi|8 7150 8508 
326 12052 gi|8 7162 8491 
328 12051 gi|8 7162 8488 
334 11910 gi|8 7164 8779 
332 11966 gi|8 7164 8590 
330 12031 gi|8 7164 8490 
336 12002 gi|8 7166 8579 
338 1083 gi|8 8509 8938 
591 260 gi|8 11968 12128 
340 301 gi|8 11985 12231 
342 313 gi|8 11987 12149 
344 282 gi|8 11987 12121 
346 374 gi|8 12018 12153 
350 332 gi|8 15475 15548 
348 342 gi|8 15475 15538 
358 317 gi|8 15478 15545 
352 322 gi|8 15478 15541 
354 338 gi|8 15478 15538 
356 335 gi|8 15478 15536 
360 309 gi|8 15478 15536 
362 402 gi|8 27215 27964 
364 755 gi|8 31409 32554 
1006 11969 gi|9 3278 4806 
1008 11955 gi|9 3334 4783 
1010 11979 gi|9 3339 4820 
317 11960 gi|9 3342 4789 
1012 12017 gi|9 3359 4787 
1014 12064 gi|9 3395 4766 
1016 12041 gi|9 3411 4840 
1018 12063 gi|9 3433 4806 
1020 12054 gi|9 3435 4775 
1024 12004 gi|9 3437 4806 
1022 12031 gi|9 3437 4759 
911 441 gi|9 5931 6170 
1026 298 gi|9 23390 24121 
1028 337 gi|9 32160 32249 
