#  fam    ele   dir  sequence    start     end
     1      1  1       gi|1     1418     1841 
     1    227  1      gi|30    26588    27008 
     2      2  1       gi|1     2558     2714 
     2    278  1      gi|36    25231    25852 
     2     91  1      gi|17     2430     3050 
     3      3  1       gi|1     4164     4252 
     3    545  1      gi|63    31589    33031 
     3      5  1       gi|1    35752    35890 
     3    563  1      gi|65    23628    24152 
     4      4  1       gi|1     8986     9351 
     4    374 -1      gi|46        8      388 
     4    697 -1      gi|40    23605    23680 
     5      7  1       gi|1    38120    38187 
     5    395 -1      gi|47    23342    23407 
     6      8  1       gi|1    39830    40177 
     6     54  1      gi|13      764      966 
     6     55  1      gi|13     1749     1951 
     6     56  1      gi|13     3158     3375 
     6     57  1      gi|13     4435     4662 
     6     60  1      gi|13     7764     7969 
     6     61  1      gi|13     8816     9047 
     6     62  1      gi|13     9898    10108 
     6     65  1      gi|13    13544    14198 
     6    389 -1      gi|47     2249     2726 
     7      9  1      gi|10     3303     4569 
     7    279  1      gi|36    30403    31671 
     7    280  1      gi|36    31878    32943 
     8     10  1      gi|10     4697     6079 
     8     35  1      gi|12     1610     2378 
     8    402  1      gi|48    15087    16396 
     8    623  1      gi|72    12528    12632 
     8    137  1      gi|20    20622    20805 
     8    456  1      gi|53    16149    16281 
     9     11  1      gi|10     7259     8476 
     9    423  1       gi|5    10406    11692 
     9    617  1      gi|71    27172    28454 
     9    626  1      gi|72    21668    22878 
    10     12  1      gi|10    11008    11148 
    10    133  1      gi|20    15762    16117 
    10    115 -1      gi|19    20552    20594 
    10    306 -1      gi|38    24904    25202 
    10    449 -1      gi|52    16149    16230 
    11     13  1      gi|10    13275    14309 
    11    394 -1      gi|47    20942    22982 
    11     14  1      gi|10    14742    16834 
    11    249 -1      gi|33    27183    27291 
    11    347 -1      gi|41    34214    35089 
    12     15  1      gi|10    20567    20878 
    12    466 -1      gi|55     7752     8972 
    12    152  1      gi|23    18010    19213 
    13     16  1      gi|10    22438    22590 
    13    606 -1      gi|70    34720    35017 
    13     19  1      gi|10    26273    26950 
    13    242  1      gi|32    26490    26815 
    13    271 -1      gi|36      156      387 
    13    282 -1      gi|37       82      256 
    14     17  1      gi|10    22655    23246 
    14    409  1      gi|48    33826    34555 
    14     18  1      gi|10    24435    25137 
    14    322 -1       gi|4    13610    14075 
    14    657 -1      gi|74    32119    32240 
    14    382 -1      gi|46    15764    16045 
    14    650 -1      gi|74    13188    13411 
    15     20  1      gi|10    29631    30937 
    15    627 -1      gi|72    24853    26170 
    16     21  1      gi|10    33404    34815 
    16    644 -1      gi|73    26772    28232 
    17     22  1      gi|10    34987    36671 
    17    118  1      gi|19    37921    39600 
    18     24  1      gi|11     1977     2454 
    18    196 -1      gi|27    14896    15381 
    19     25  1      gi|11     2793     3393 
    19    195 -1      gi|27    13967    14563 
    20     26  1      gi|11     4269     4476 
    20    558  1      gi|64    39830    40045 
    21     27  1      gi|11     7324     7524 
    21    101  1      gi|17    38123    38323 
    22     28  1      gi|11     9487     9696 
    22    430  1      gi|50     5943     6155 
    23     29  1      gi|11    10205    11493 
    23    175 -1      gi|25     1261     2583 
    23     50  1      gi|12    29140    30357 
    24     30  1      gi|11    11704    12515 
    24    174 -1      gi|25      168      977 
    25     31  1      gi|11    12665    13087 
    25    308 -1      gi|38    39723    40142 
    26     32  1      gi|11    14712    14955 
    26    176 -1      gi|25     2531     2774 
    27     33  1      gi|11    18121    18423 
    27    579  1      gi|67    39772    40066 
    28     34  1      gi|11    20887    22709 
    28    181 -1      gi|25    19457    20860 
    28    313  1      gi|39    12577    14423 
    29     36  1      gi|12     5574     6112 
    29    366  1      gi|44    18434    18484 
    29    601  1      gi|70    15500    17520 
    29    619  1      gi|71    30046    30174 
    29    667 -1      gi|75    38353    38485 
    29    487 -1      gi|57    37604    38096 
    29    654 -1      gi|74    22860    23000 
    30     37  1      gi|12     6024     6438 
    30     72 -1      gi|14    22701    23501 
    30    701 -1      gi|65    24417    24455 
    30    700 -1      gi|65    24346    24416 
    31     38  1      gi|12     7615     7712 
    31    490 -1      gi|58     4784     5436 
    31     93  1      gi|17     9946    10071 
    31     94  1      gi|17    10465    10610 
    31    138 -1      gi|20    20995    21072 
    32     39  1      gi|12     8055     8291 
    32    231  1      gi|31    29977    30258 
    32     95  1      gi|17    10816    11022 
    33     40  1      gi|12     8816     9124 
    33    232  1      gi|31    30773    31073 
    34     41  1      gi|12     9184     9460 
    34    252 -1      gi|33    30210    30658 
    34    666  1      gi|75    34992    35163 
    35     42  1      gi|12     9342     9636 
    35     75  1      gi|15    19166    19556 
    35    270 -1      gi|36        1      260 
    35    302  1      gi|38     8969     9163 
    35    625  1      gi|72    21110    21204 
    35    655  1      gi|74    27344    27397 
    36     43  1      gi|12    14452    14586 
    36    123  1       gi|2    21542    21682 
    37     44  1      gi|12    14828    15382 
    38     45  1      gi|12    19059    19344 
    38     81 -1      gi|15    31191    31614 
    39     46  1      gi|12    22007    22626 
    39    588  1      gi|68    28471    30162 
    39    630 -1      gi|72    30459    30625 
    39    426 -1       gi|5    28829    29791 
    39    629 -1      gi|72    30042    30474 
    40     47  1      gi|12    22579    23091 
    40    589  1      gi|68    30030    30708 
    40    309  1      gi|39     6426     6480 
    41     48  1      gi|12    23378    24481 
    41    153  1      gi|23    20257    20832 
    41    262  1      gi|34    35558    36613 
    42     49  1      gi|12    28979    29103 
    42    297 -1      gi|37    30882    31022 
    43     51  1      gi|12    33341    33488 
    44     52  1      gi|12    35154    35499 
    44    632 -1      gi|72    32724    32861 
    44    682 -1       gi|8    31727    32057 
    45     53  1      gi|12    36236    37064 
    45     83 -1      gi|15    33707    34496 
    45    604 -1      gi|70    22711    23558 
    46     58  1      gi|13     5529     5815 
    47     59  1      gi|13     6596     6931 
    48     63  1      gi|13    10874    12658 
    48    391 -1      gi|47     3594     5384 
    49     64  1      gi|13    13027    13398 
    49    390 -1      gi|47     2991     3795 
    49    533  1      gi|62    34280    35029 
    50     66  1      gi|13    16990    17897 
    50    368 -1      gi|45        4     1545 
    50     67  1      gi|13    17858    20623 
    51     68  1      gi|13    35884    36582 
    51    560 -1      gi|65    15054    15658 
    51    561 -1      gi|65    16075    16515 
    52     69  1      gi|13    37260    37913 
    52    543  1      gi|63    28775    29743 
    52    647 -1      gi|73    36512    36792 
    52    686 -1       gi|9     5722     6508 
    53     70  1      gi|13    38289    39391 
    53    544  1      gi|63    30123    31227 
    54     71  1      gi|14    18729    19096 
    54    495 -1      gi|59    31078    31405 
    55     73  1      gi|14    24326    24714 
    55    401  1      gi|48     8871     9142 
    55    417  1      gi|49    25904    26350 
    56     74  1      gi|14    36297    36380 
    56     77 -1      gi|15    23688    23901 
    56    586  1      gi|68    24103    24309 
    57     76  1      gi|15    22842    23650 
    57    618  1      gi|71    28583    29392 
    58     78  1      gi|15    24660    26423 
    58    327  1       gi|4    30004    31684 
    58    651  1      gi|74    14561    14643 
    59     79  1      gi|15    27024    27347 
    59    328  1       gi|4    32305    32629 
    60     80  1      gi|15    28693    28772 
    60    240 -1      gi|32    18628    18701 
    60    241 -1      gi|32    25723    25796 
    61     82  1      gi|15    33429    33685 
    62     84  1      gi|16      232     1296 
    62    222  1      gi|30     7950     9019 
    63     85  1      gi|16     5301     6043 
    63    190  1      gi|26    27215    27964 
    64     86  1      gi|16     6681     6874 
    64    305  1      gi|38    24507    24694 
    65     87  1      gi|16     7215     7783 
    65    218  1       gi|3    18445    19058 
    66     88  1      gi|16    18970    20086 
    66    689 -1       gi|9    31963    33079 
    67     89  1      gi|16    25240    25940 
    67    120 -1       gi|2    10493    11196 
    68     90  1      gi|16    29010    30007 
    68    525  1      gi|61    37355    38656 
    68    691 -1       gi|9    34375    35734 
    68    211  1       gi|3      211     1573 
    69     92  1      gi|17     6587     6727 
    69    314 -1      gi|39    14527    14663 
    70     96  1      gi|17    11431    12019 
    70    498 -1       gi|6    12135    12730 
    71     97  1      gi|17    12244    12375 
    71    497 -1       gi|6    11792    11923 
    72     98  1      gi|17    13382    14149 
    72    455 -1      gi|53     7500     8238 
    72    695  1       gi|9    38944    39330 
    73     99  1      gi|17    14361    15869 
    73    454 -1      gi|53     5443     7009 
    74    100  1      gi|17    30161    30789 
    74    323  1       gi|4    17322    17947 
    75    102  1      gi|17    38813    39959 
    75    191  1      gi|26    31409    32554 
    76    103  1      gi|18      102      490 
    76    427  1       gi|5    32133    33267 
    76    228 -1      gi|30    38366    39494 
    76    104  1      gi|18      369      987 
    77    105  1      gi|18     9139     9659 
    77    568  1      gi|66    31498    32018 
    78    106  1      gi|18    13139    13962 
    79    107  1      gi|18    14918    15528 
    79    326 -1       gi|4    28182    28795 
    80    108  1      gi|18    19268    19397 
    80    714 -1      gi|26    11986    12231 
    80    438  1      gi|51    11979    12117 
    80    715  1      gi|45    16110    16363 
    80    186 -1      gi|26     6848     7117 
    81    109  1      gi|18    21860    21996 
    81    333 -1      gi|40    39682    40168 
    81    185 -1      gi|26     2661     3193 
    81    370  1      gi|45    12977    13239 
    82    110  1      gi|18    23273    24128 
    82    254 -1      gi|33    34504    35353 
    83    111  1      gi|18    25634    26520 
    83    253 -1      gi|33    33621    34512 
    84    112  1      gi|18    34519    35708 
    84    656  1      gi|74    29810    30993 
    85    113  1      gi|18    36389    37061 
    85    131 -1      gi|20    11414    12079 
    86    114  1      gi|19    12792    12868 
    86    162 -1      gi|24     8595     9254 
    86    602 -1      gi|70    17401    18347 
    86    659  1      gi|74    34490    35412 
    87    116  1      gi|19    21503    21864 
    87    649  1      gi|74     4017     4255 
    87    214  1       gi|3     5950     6122 
    88    117  1      gi|19    31948    35656 
    88    465 -1      gi|55      127     3862 
    89    119  1       gi|2     7632     9094 
    89    205 -1      gi|29     9127    10600 
    90    122  1       gi|2    18438    18534 
    90    362 -1      gi|43    27641    28105 
    91    124  1       gi|2    23514    23676 
    91    565 -1      gi|65    30826    30988 
    92    125  1       gi|2    29166    29234 
    92    331 -1      gi|40    26880    27032 
    92    301 -1      gi|38     8575     8963 
    92    463  1      gi|54    20983    21109 
    92    566  1      gi|65    35936    36026 
    93    126  1       gi|2    33219    34214 
    93    582 -1      gi|68    14034    15010 
    94    127  1      gi|20     3416     3520 
    95    128  1      gi|20     5435     6126 
    95    685 -1       gi|9     1993     2687 
    96    129  1      gi|20     6388     6549 
    96    444  1      gi|51    40012    40172 
    97    130  1      gi|20     6557     7113 
    97    684  1       gi|9        2      558 
    98    132  1      gi|20    13690    14372 
    98    693  1       gi|9    36596    37278 
    99    134  1      gi|20    16047    16634 
    99    234  1      gi|32     2187     2268 
    99    379 -1      gi|46    11880    12481 
    99    148  1      gi|21    34518    34890 
    99    392 -1      gi|47    12155    12326 
   100    135  1      gi|20    16643    16754 
   100    296 -1      gi|37    27799    27908 
   101    136  1      gi|20    19233    19314 
   101    388  1      gi|47     1937     2398 
   101    605  1      gi|70    34212    34696 
   101    698  1       gi|1    37199    37563 
   101    699 -1      gi|47    25091    25365 
   102    139  1      gi|20    31375    31538 
   102    432  1      gi|50    19313    19462 
   103    140  1      gi|20    36783    36900 
   103    485  1      gi|57    30265    30388 
   104    141  1      gi|21       84     1360 
   104    385 -1      gi|46    27825    29119 
   105    142  1      gi|21    26756    27024 
   105    662 -1      gi|75    13540    13626 
   105    708 -1      gi|63    17396    17544 
   105    707 -1      gi|63    17297    17394 
   106    143  1      gi|21    29910    29985 
   106    718 -1      gi|29    36852    36928 
   106    478  1      gi|56    32162    32248 
   106    720 -1      gi|45     9726     9789 
   107    144  1      gi|21    30912    31392 
   107    246 -1      gi|33    24134    24616 
   108    145  1      gi|21    31630    32123 
   108    504  1       gi|6    19159    19717 
   109    146  1      gi|21    32138    32683 
   109    672 -1      gi|76    16269    17092 
   109    503  1       gi|6    18609    19296 
   110    147  1      gi|21    34438    34538 
   110    671 -1      gi|76    14400    14502 
   111    149  1      gi|21    34949    35553 
   111    310  1      gi|39     6520     7131 
   112    150  1      gi|21    35929    36061 
   112    669 -1      gi|76     9512    10941 
   112    506  1       gi|6    21134    22506 
   113    151  1      gi|23    12296    12398 
   113    665  1      gi|75    25592    25704 
   114    154  1      gi|23    23566    25758 
   114    290  1      gi|37    19054    21259 
   114    646  1      gi|73    32069    32504 
   115    155  1      gi|23    28925    29368 
   115    447 -1      gi|52     9264    10784 
   115    194  1      gi|27    12391    13910 
   115    645 -1      gi|73    31900    31981 
   116    156  1      gi|23    29675    30496 
   116    643  1      gi|73    25562    26377 
   117    157  1      gi|23    31122    31277 
   117    532  1      gi|62    34180    34331 
   118    158  1      gi|23    35241    35951 
   118    413 -1      gi|49     7101     7790 
   118    414 -1      gi|49    11694    12369 
   118    415 -1      gi|49    12690    13397 
   118    170  1      gi|24    27576    27839 
   119    159  1      gi|23    36068    36857 
   119    412 -1      gi|49     5929     6725 
   119    652 -1      gi|74    14970    15131 
   119    459  1      gi|53    24276    24788 
   120    160  1      gi|23    37940    38110 
   120    416  1      gi|49    14228    14398 
   121    161  1      gi|24     6187     7700 
   121    201  1      gi|28     7741     9266 
   121    474  1      gi|56     3278     4840 
   121    590  1      gi|69     5590     7267 
   121    202 -1      gi|28    10916    12354 
   122    163  1      gi|24    12583    12721 
   122    608  1      gi|70    35285    35421 
   123    164  1      gi|24    14786    14992 
   123    473  1      gi|55    39964    40171 
   124    165  1      gi|24    15039    15340 
   124    410  1      gi|49       43      350 
   125    166  1      gi|24    15471    15577 
   126    167  1      gi|24    15608    16420 
   126    520  1      gi|61    22703    23506 
   127    168  1      gi|24    18860    18949 
   127    712 -1      gi|33    24741    24924 
   127    709  1      gi|38     3192     3334 
   127    570 -1      gi|66    38762    38853 
   127    615 -1      gi|71    24369    24487 
   127    620 -1      gi|71    30327    30490 
   128    169  1      gi|24    24536    24646 
   128    578  1      gi|67    20045    20140 
   129    171  1      gi|24    28031    28158 
   129    223 -1      gi|30     9273     9399 
   130    172  1      gi|24    28358    28705 
   131    173  1      gi|24    29343    29434 
   131    204  1      gi|29     2385     2477 
   132    177  1      gi|25     5204     5887 
   133    178  1      gi|25    13184    13494 
   133    641 -1      gi|73    21813    22123 
   134    179  1      gi|25    14388    14724 
   134    696  1      gi|40    23278    23604 
   134    491 -1      gi|58    34759    34972 
   135    180  1      gi|25    19006    19189 
   135    607  1      gi|70    35081    35296 
   135    399 -1      gi|48     3691     3804 
   135    550 -1      gi|64    14515    14717 
   136    182  1      gi|25    33483    34567 
   136    554  1      gi|64    30777    31790 
   136    555  1      gi|64    32096    32586 
   137    183  1      gi|25    34692    35022 
   137    556  1      gi|64    32587    32908 
   138    187  1      gi|26     7057     8938 
   139    189  1      gi|26    24909    25499 
   139    559  1      gi|65     8657     9692 
   139    269 -1      gi|35    28345    29371 
   140    192  1      gi|27      205      938 
   141    193  1      gi|27    11902    12009 
   141    405 -1      gi|48    20705    23197 
   142    197  1      gi|27    20863    26459 
   143    198  1      gi|27    26393    26746 
   143    594  1       gi|7    25255    31079 
   143    199  1      gi|27    26671    27287 
   144    200  1      gi|27    34374    34451 
   144    486 -1      gi|57    33213    33290 
   145    203  1      gi|29     2031     2375 
   146    206  1      gi|29    24602    24728 
   146    616 -1      gi|71    26674    26809 
   147    207  1      gi|29    26784    28976 
   147    687 -1       gi|9    16247    18451 
   148    208  1      gi|29    34361    35427 
   148    512 -1      gi|60    12852    13919 
   149    209  1      gi|29    36159    36279 
   149    571  1      gi|67      826      946 
   150    212  1       gi|3     4028     4673 
   150    238  1      gi|32    16839    17481 
   151    213  1       gi|3     4965     5306 
   151    239  1      gi|32    17904    18151 
   151    680 -1       gi|8    25468    25818 
   152    215  1       gi|3     6395     7410 
   152    286 -1      gi|37     6183     7196 
   153    216  1       gi|3    14507    15712 
   153    635 -1      gi|73     6777     7890 
   153    636 -1      gi|73    11696    11889 
   153    716 -1       gi|2    12330    12854 
   153    257 -1      gi|34     5085     5191 
   154    217  1       gi|3    15893    17638 
   154    469 -1      gi|55    30735    32494 
   155    219  1       gi|3    34669    35584 
   155    237  1      gi|32    14855    15769 
   156    220  1      gi|30      114      242 
   156    468 -1      gi|55    30270    30377 
   157    221  1      gi|30     1593     3148 
   158    224  1      gi|30    20960    21096 
   158    467 -1      gi|55    28984    29120 
   159    225  1      gi|30    22152    23363 
   159    580  1      gi|68     6897     8116 
   160    226  1      gi|30    25052    25379 
   160    488 -1      gi|58       27      378 
   161    229  1      gi|31    23346    23940 
   161    505 -1       gi|6    19723    20299 
   162    230  1      gi|31    27078    27259 
   162    443 -1      gi|51    38793    38961 
   163    233  1      gi|31    39488    39738 
   163    292 -1      gi|37    21833    22083 
   164    235  1      gi|32     3374     3753 
   164    295 -1      gi|37    26647    26981 
   164    236 -1      gi|32     7409     7697 
   165    243  1      gi|33      569      911 
   165    690 -1       gi|9    33190    33540 
   166    244  1      gi|33     3479     3910 
   166    480 -1      gi|57     9360     9770 
   167    245  1      gi|33     5954     6063 
   167    460 -1      gi|53    31521    31768 
   167    622 -1      gi|72     3878     3969 
   168    248  1      gi|33    25205    25478 
   169    250  1      gi|33    27952    29622 
   169    312 -1      gi|39     7776     9301 
   169    299  1      gi|38      250     1730 
   169    609 -1      gi|70    37499    39143 
   169    653 -1      gi|74    18244    19922 
   170    251  1      gi|33    30041    30193 
   170    569  1      gi|66    38543    38677 
   171    255  1      gi|33    39828    40051 
   171    377  1      gi|46     8477     8670 
   172    256  1      gi|34     2292     3529 
   172    435 -1      gi|51     3318     4720 
   172    453  1      gi|53     2999     4447 
   172    572  1      gi|67     1340     2775 
   173    258  1      gi|34     5699     6035 
   173    264  1      gi|35     4684     4992 
   173    508 -1       gi|6    29048    29383 
   174    259  1      gi|34    10776    11151 
   174    329  1       gi|4    35528    36349 
   175    260  1      gi|34    19370    19552 
   175    479 -1      gi|57     5554     6618 
   175    567  1      gi|66        5     1095 
   176    261  1      gi|34    34185    34883 
   176    452  1      gi|52    37713    38415 
   177    263  1      gi|34    38883    40037 
   177    398 -1      gi|47    34379    34557 
   177    631 -1      gi|72    30712    31800 
   178    265  1      gi|35     5457     6175 
   179    266  1      gi|35     9897    10064 
   180    267  1      gi|35    15137    15576 
   180    675 -1      gi|76    32288    32736 
   181    272  1      gi|36     4431     4716 
   181    307  1      gi|38    34729    35159 
   182    273  1      gi|36     5546     9271 
   182    527  1      gi|62     4976     8706 
   183    274  1      gi|36    10457    11237 
   183    420  1      gi|49    32515    33297 
   184    275  1      gi|36    13916    14321 
   184    419 -1      gi|49    30970    31375 
   185    276  1      gi|36    14909    14990 
   185    431  1      gi|50     8666     8735 
   186    277  1      gi|36    17655    18128 
   186    429  1      gi|50     2385     2849 
   187    281  1      gi|36    35935    36163 
   188    283  1      gi|37      404     1465 
   188    325  1       gi|4    23432    24477 
   189    284  1      gi|37     1455     1630 
   189    576 -1      gi|67    12970    13100 
   189    702  1      gi|57    14045    14125 
   190    285  1      gi|37     2773     3151 
   190    676 -1      gi|76    33822    34198 
   191    287  1      gi|37    11419    11826 
   191    599  1      gi|70     8485     8689 
   192    288  1      gi|37    13917    14866 
   192    510 -1      gi|60       10      954 
   193    289  1      gi|37    16991    17348 
   193    624  1      gi|72    19588    19945 
   194    291  1      gi|37    21305    21389 
   194    526 -1      gi|61    39663    39740 
   195    293  1      gi|37    25424    25688 
   195    524 -1      gi|61    34903    35138 
   196    294  1      gi|37    26243    26658 
   197    298  1      gi|37    32224    33985 
   197    471  1      gi|55    34268    35234 
   197    596  1       gi|7    38155    39926 
   197    470  1      gi|55    33226    34035 
   198    303  1      gi|38    21438    21578 
   198    538 -1      gi|63     5302     5438 
   199    304  1      gi|38    22598    22809 
   200    311  1      gi|39     7256     7406 
   201    315  1      gi|39    16224    16379 
   201    706 -1      gi|10    37131    37295 
   202    316  1      gi|39    24509    24582 
   202    581  1      gi|68    10672    10746 
   203    317  1      gi|39    27864    28298 
   203    597 -1      gi|70      521      581 
   203    660 -1      gi|75     6064     6242 
   204    318  1      gi|39    29872    30461 
   204    549  1      gi|64    13589    14181 
   205    319  1      gi|39    30932    31344 
   205    673  1      gi|76    19871    20278 
   206    320  1      gi|39    32363    32624 
   206    661 -1      gi|75     6217     6491 
   207    321  1       gi|4     2624     3078 
   208    324  1       gi|4    18350    19587 
   208    439 -1      gi|51    14802    16641 
   208    424 -1       gi|5    18702    20508 
   209    332  1      gi|40    27085    28174 
   209    434 -1      gi|51     3166     3289 
   209    648  1      gi|73    38865    39857 
   209    713 -1      gi|51     2198     2627 
   210    334  1      gi|41     5553     6069 
   210    509  1       gi|6    32778    33294 
   211    335  1      gi|41    12610    12652 
   211    658 -1      gi|74    32450    32491 
   212    336  1      gi|41    17341    17536 
   212    518 -1      gi|60    28796    30142 
   212    350  1      gi|42     8531     9801 
   212    337  1      gi|41    17507    17657 
   212    338  1      gi|41    17931    18691 
   213    339  1      gi|41    19301    19671 
   213    517 -1      gi|60    27268    28817 
   213    340  1      gi|41    19544    19813 
   214    341  1      gi|41    19850    26605 
   214    353  1      gi|42    17559    18073 
   214    515 -1      gi|60    20215    26962 
   214    562 -1      gi|65    21586    22112 
   215    342  1      gi|41    26853    26955 
   215    514 -1      gi|60    19923    20431 
   216    343  1      gi|41    27603    27762 
   216    356  1      gi|42    19153    19315 
   217    344  1      gi|41    28723    28796 
   217    354  1      gi|42    18250    18320 
   217    355  1      gi|42    18883    18961 
   218    345  1      gi|41    30778    31031 
   218    357  1      gi|42    21914    22186 
   219    346  1      gi|41    31180    32145 
   219    513 -1      gi|60    13835    15329 
   219    359  1      gi|42    22881    24385 
   220    348  1      gi|41    39239    40178 
   220    363  1      gi|43    33755    34696 
   221    349  1      gi|42     6255     6833 
   221    546 -1      gi|63    38067    38643 
   222    351  1      gi|42    10495    11984 
   223    352  1      gi|42    12180    12662 
   223    516 -1      gi|60    26814    27277 
   224    358  1      gi|42    22098    23045 
   225    361  1      gi|42    28973    29943 
   225    585  1      gi|68    23021    23980 
   225    530 -1      gi|62    24911    25540 
   226    364  1      gi|44     3060     3986 
   226    521 -1      gi|61    23779    24705 
   227    365  1      gi|44     4356     5889 
   228    367  1      gi|44    34644    35048 
   228    428 -1      gi|50     1376     1840 
   229    373  1      gi|45    36330    37146 
   229    393 -1      gi|47    13955    14751 
   230    375  1      gi|46     4288     5167 
   230    552  1      gi|64    26314    27160 
   231    376  1      gi|46     8330     8542 
   231    397  1      gi|47    26183    26989 
   232    378  1      gi|46     9902    10603 
   232    674 -1      gi|76    23102    23824 
   233    380  1      gi|46    12360    12647 
   234    381  1      gi|46    15418    15512 
   234    694  1       gi|9    38779    38874 
   235    383  1      gi|46    19367    20139 
   235    425 -1       gi|5    20916    21685 
   236    384  1      gi|46    20538    20774 
   236    475  1      gi|56     5931     6170 
   237    386  1      gi|46    33831    34482 
   237    600  1      gi|70     8842     9464 
   237    670 -1      gi|76    12248    12760 
   237    639  1      gi|73    15112    15535 
   238    387  1      gi|46    39532    40020 
   238    640  1      gi|73    20674    21144 
   239    400  1      gi|48     6441     7058 
   239    462  1      gi|54    10884    11501 
   239    451  1      gi|52    23326    23893 
   240    403  1      gi|48    18947    20467 
   240    421  1       gi|5     1260     2811 
   240    483 -1      gi|57    13946    14064 
   240    683  1       gi|8    32575    32627 
   241    404  1      gi|48    20520    20722 
   241    593 -1       gi|7    24538    25447 
   241    422  1       gi|5     2821     8903 
   241    529 -1      gi|62    24141    24302 
   242    406  1      gi|48    22795    26570 
   243    407  1      gi|48    26468    28588 
   244    408  1      gi|48    31110    32258 
   244    496 -1      gi|59    33782    34930 
   245    411  1      gi|49     4593     4674 
   245    681  1       gi|8    30424    30508 
   246    418  1      gi|49    30783    30856 
   247    436  1      gi|51     7099     7247 
   248    437  1      gi|51     9886    11673 
   248    634 -1      gi|72    37507    39296 
   249    440  1      gi|51    30294    31058 
   249    477  1      gi|56    23390    24121 
   250    441  1      gi|51    32701    32999 
   250    688  1       gi|9    29367    29668 
   251    442  1      gi|51    37305    37926 
   251    489 -1      gi|58     2491     3115 
   252    445  1      gi|52     4277     4372 
   252    591 -1      gi|69    36783    36887 
   253    446  1      gi|52     5673     5955 
   253    536  1      gi|62    37222    37504 
   254    448  1      gi|52    15751    15964 
   254    577 -1      gi|67    13179    13392 
   255    450  1      gi|52    16195    16426 
   256    457  1      gi|53    16662    17705 
   256    482  1      gi|57    11366    12397 
   257    458  1      gi|53    23558    24110 
   258    461  1      gi|53    39914    40177 
   258    621 -1      gi|71    38948    39953 
   259    464  1      gi|54    27846    27939 
   259    548 -1      gi|64     8764     8852 
   260    472  1      gi|55    36867    37286 
   260    677  1       gi|8     1805     2257 
   261    476  1      gi|56    20242    20388 
   261    592  1       gi|7     8770     8917 
   262    481  1      gi|57    10883    11303 
   262    542  1      gi|63    24913    25319 
   263    492  1      gi|59    14603    14782 
   264    493  1      gi|59    19127    24686 
   264    612  1      gi|71     5667    11226 
   265    494  1      gi|59    25667    26126 
   265    613  1      gi|71    11194    11660 
   266    499  1       gi|6    14776    14919 
   266    598  1      gi|70     4113     4252 
   267    500  1       gi|6    15129    16190 
   267    723  1      gi|42    26102    27183 
   267    501  1       gi|6    16327    17349 
   267    724  1       gi|6    17423    18323 
   268    507  1       gi|6    23758    25140 
   268    668 -1      gi|76     6519     7899 
   269    511  1      gi|60     3442     4689 
   269    595 -1       gi|7    34179    35420 
   270    519  1      gi|61      420      791 
   271    522  1      gi|61    30184    31615 
   271    633  1      gi|72    35700    37138 
   272    523  1      gi|61    32381    33763 
   272    557  1      gi|64    35276    36670 
   272    664 -1      gi|75    24987    25036 
   273    528  1      gi|62    12493    12730 
   273    553 -1      gi|64    28643    28872 
   274    531  1      gi|62    26671    27386 
   274    584 -1      gi|68    21618    22323 
   275    534  1      gi|62    34865    35195 
   276    535  1      gi|62    36500    36943 
   276    610 -1      gi|71     1095     1145 
   277    537  1      gi|62    37631    40149 
   277    611  1      gi|71     1717     2231 
   277    614  1      gi|71    11789    14199 
   278    539  1      gi|63    11524    11754 
   278    721  1      gi|26     2428     2633 
   278    722 -1      gi|45    19738    19864 
   279    540  1      gi|63    16848    17228 
   280    547  1      gi|64     6256     7294 
   280    574  1      gi|67     5441     6484 
   281    551  1      gi|64    23842    24694 
   282    573  1      gi|67     4989     5241 
   282    678 -1       gi|8     5895     6144 
   283    575  1      gi|67     7238     7532 
   283    583  1      gi|68    18692    18993 
   284    587  1      gi|68    27052    28490 
   285    603  1      gi|70    20766    21088 
   286    628  1      gi|72    29608    30142 
   287    637  1      gi|73    11810    12241 
   288    638  1      gi|73    12771    13479 
   288    663  1      gi|75    23217    23928 
   289    642  1      gi|73    23294    23972 
   289    692  1       gi|9    35896    36018 
   290    679  1       gi|8     7211    12858 
   291    705  1      gi|35    15972    16049 
   292    710  1      gi|38     3338     3438 
   292    711 -1      gi|33    24633    24710 
   293    717  1      gi|29    36786    36851 
   293    719  1      gi|45     9660     9711 
