1 gi|1 1418 1841
2 gi|1 2558 2714
3 gi|1 4164 4252
4 gi|1 8986 9351
5 gi|1 35752 35890
6 gi|1 37199 37578
7 gi|1 38120 38187
8 gi|1 39830 40178
9 gi|10 3303 4571
10 gi|10 4697 6079
11 gi|10 7259 8476
12 gi|10 11008 11148
13 gi|10 13275 14309
14 gi|10 14742 16834
15 gi|10 20567 20878
16 gi|10 22438 22591
17 gi|10 22651 23246
18 gi|10 24435 25137
19 gi|10 26273 26952
20 gi|10 29631 30937
21 gi|10 33404 34815
22 gi|10 34987 36671
23 gi|10 37105 37295
24 gi|11 1977 2454
25 gi|11 2793 3393
26 gi|11 4269 4476
27 gi|11 7324 7524
28 gi|11 9487 9696
29 gi|11 10205 11493
30 gi|11 11704 12515
31 gi|11 12665 13087
32 gi|11 14712 14955
33 gi|11 18121 18423
34 gi|11 20887 22709
35 gi|12 1610 2378
36 gi|12 5574 6112
37 gi|12 6024 6438
38 gi|12 7615 7712
39 gi|12 8055 8291
40 gi|12 8816 9124
41 gi|12 9183 9465
42 gi|12 9342 9636
43 gi|12 14452 14586
44 gi|12 14828 15382
45 gi|12 19054 19344
46 gi|12 22007 22626
47 gi|12 22579 23091
48 gi|12 23378 24482
49 gi|12 28979 29103
50 gi|12 29140 30357
51 gi|12 33341 33488
52 gi|12 35154 35499
53 gi|12 36236 37064
54 gi|13 764 966
55 gi|13 1749 1951
56 gi|13 3158 3375
57 gi|13 4435 4662
58 gi|13 5529 5815
59 gi|13 6596 6931
60 gi|13 7764 7969
61 gi|13 8816 9047
62 gi|13 9898 10108
63 gi|13 10874 12658
64 gi|13 13027 13398
65 gi|13 13544 14198
66 gi|13 16990 17897
67 gi|13 17858 20623
68 gi|13 35884 36582
69 gi|13 37260 37913
70 gi|13 38289 39391
71 gi|14 18729 19096
72 gi|14 22701 23501
73 gi|14 24326 24714
74 gi|14 36297 36389
75 gi|15 19166 19563
76 gi|15 22842 23650
77 gi|15 23688 23901
78 gi|15 24660 26423
79 gi|15 27024 27347
80 gi|15 28693 28772
81 gi|15 31191 31614
82 gi|15 33429 33685
83 gi|15 33707 34496
84 gi|16 232 1296
85 gi|16 5301 6043
86 gi|16 6681 6874
87 gi|16 7215 7783
88 gi|16 18970 20086
89 gi|16 25240 25940
90 gi|16 29010 30007
91 gi|17 2430 3050
92 gi|17 6587 6727
93 gi|17 9946 10071
94 gi|17 10465 10610
95 gi|17 10816 11022
96 gi|17 11431 12019
97 gi|17 12244 12375
98 gi|17 13382 14149
99 gi|17 14361 15869
100 gi|17 30161 30789
101 gi|17 38123 38323
102 gi|17 38813 39959
103 gi|18 102 490
104 gi|18 369 987
105 gi|18 9139 9659
106 gi|18 13139 13962
107 gi|18 14918 15528
108 gi|18 19268 19397
109 gi|18 21860 21996
110 gi|18 23273 24128
111 gi|18 25634 26520
112 gi|18 34519 35708
113 gi|18 36389 37061
114 gi|19 12792 12868
115 gi|19 20549 20594
116 gi|19 21503 21867
117 gi|19 31948 35656
118 gi|19 37921 39600
119 gi|2 7632 9094
120 gi|2 10493 11196
121 gi|2 12305 12854
122 gi|2 18438 18534
123 gi|2 21542 21682
124 gi|2 23514 23676
125 gi|2 29166 29234
126 gi|2 33219 34214
127 gi|20 3413 3527
128 gi|20 5435 6126
129 gi|20 6388 6549
130 gi|20 6557 7113
131 gi|20 11414 12079
132 gi|20 13690 14372
133 gi|20 15762 16117
134 gi|20 16047 16634
135 gi|20 16643 16754
136 gi|20 19233 19314
137 gi|20 20622 20805
138 gi|20 20995 21072
139 gi|20 31375 31538
140 gi|20 36783 36900
141 gi|21 84 1360
142 gi|21 26756 27027
143 gi|21 29910 29985
144 gi|21 30912 31392
145 gi|21 31630 32123
146 gi|21 32138 32683
147 gi|21 34438 34538
148 gi|21 34518 34890
149 gi|21 34949 35553
150 gi|21 35929 36061
151 gi|23 12296 12398
152 gi|23 18010 19213
153 gi|23 20257 20832
154 gi|23 23566 25758
155 gi|23 28925 29368
156 gi|23 29675 30496
157 gi|23 31122 31277
158 gi|23 35241 35952
159 gi|23 36068 36857
160 gi|23 37940 38110
161 gi|24 6187 7700
162 gi|24 8590 9259
163 gi|24 12583 12721
164 gi|24 14786 14992
165 gi|24 15039 15340
166 gi|24 15471 15577
167 gi|24 15608 16420
168 gi|24 18860 18949
169 gi|24 24536 24646
170 gi|24 27572 27839
171 gi|24 28031 28158
172 gi|24 28358 28705
173 gi|24 29343 29434
174 gi|25 168 977
175 gi|25 1261 2583
176 gi|25 2531 2774
177 gi|25 5204 5887
178 gi|25 13184 13494
179 gi|25 14388 14724
180 gi|25 19006 19189
181 gi|25 19457 20860
182 gi|25 33483 34567
183 gi|25 34692 35022
184 gi|26 2410 2633
185 gi|26 2661 3193
186 gi|26 6847 7117
187 gi|26 7057 8938
188 gi|26 11968 12231
189 gi|26 24909 25499
190 gi|26 27215 27964
191 gi|26 31409 32554
192 gi|27 205 938
193 gi|27 11902 12009
194 gi|27 12391 13910
195 gi|27 13967 14563
196 gi|27 14896 15381
197 gi|27 20863 26459
198 gi|27 26393 26746
199 gi|27 26671 27287
200 gi|27 34374 34451
201 gi|28 7734 9266
202 gi|28 10916 12354
203 gi|29 2031 2375
204 gi|29 2385 2477
205 gi|29 9127 10600
206 gi|29 24602 24728
207 gi|29 26784 28976
208 gi|29 34361 35427
209 gi|29 36159 36279
210 gi|29 36786 36955
211 gi|3 211 1573
212 gi|3 4028 4673
213 gi|3 4965 5311
214 gi|3 5949 6122
215 gi|3 6395 7410
216 gi|3 14507 15712
217 gi|3 15893 17638
218 gi|3 18445 19058
219 gi|3 34669 35584
220 gi|30 114 242
221 gi|30 1593 3148
222 gi|30 7950 9019
223 gi|30 9273 9399
224 gi|30 20960 21096
225 gi|30 22152 23373
226 gi|30 25052 25379
227 gi|30 26588 27008
228 gi|30 38366 39494
229 gi|31 23346 23940
230 gi|31 27078 27269
231 gi|31 29975 30258
232 gi|31 30773 31073
233 gi|31 39488 39738
234 gi|32 2187 2268
235 gi|32 3374 3753
236 gi|32 7409 7697
237 gi|32 14855 15769
238 gi|32 16839 17481
239 gi|32 17904 18151
240 gi|32 18628 18701
241 gi|32 25723 25796
242 gi|32 26490 26815
243 gi|33 569 911
244 gi|33 3479 3910
245 gi|33 5954 6071
246 gi|33 24134 24616
247 gi|33 24633 24924
248 gi|33 25205 25478
249 gi|33 27183 27291
250 gi|33 27952 29622
251 gi|33 30041 30193
252 gi|33 30209 30658
253 gi|33 33621 34512
254 gi|33 34504 35353
255 gi|33 39828 40051
256 gi|34 2292 3533
257 gi|34 5085 5191
258 gi|34 5699 6036
259 gi|34 10770 11151
260 gi|34 19370 19552
261 gi|34 34185 34883
262 gi|34 35558 36613
263 gi|34 38883 40037
264 gi|35 4684 4992
265 gi|35 5457 6175
266 gi|35 9897 10064
267 gi|35 15137 15576
268 gi|35 15958 16050
269 gi|35 28345 29371
270 gi|36 1 262
271 gi|36 156 387
272 gi|36 4431 4716
273 gi|36 5546 9271
274 gi|36 10457 11237
275 gi|36 13916 14321
276 gi|36 14909 14990
277 gi|36 17655 18128
278 gi|36 25231 25852
279 gi|36 30403 31671
280 gi|36 31878 32943
281 gi|36 35935 36163
282 gi|37 78 256
283 gi|37 404 1465
284 gi|37 1455 1630
285 gi|37 2773 3151
286 gi|37 6183 7196
287 gi|37 11419 11826
288 gi|37 13917 14866
289 gi|37 16991 17348
290 gi|37 19051 21259
291 gi|37 21305 21389
292 gi|37 21833 22083
293 gi|37 25424 25688
294 gi|37 26243 26658
295 gi|37 26643 26981
296 gi|37 27799 27908
297 gi|37 30882 31022
298 gi|37 32224 33985
299 gi|38 250 1734
300 gi|38 3181 3438
301 gi|38 8575 8969
302 gi|38 8962 9163
303 gi|38 21438 21578
304 gi|38 22598 22809
305 gi|38 24507 24694
306 gi|38 24904 25202
307 gi|38 34729 35159
308 gi|38 39723 40142
309 gi|39 6426 6480
310 gi|39 6520 7131
311 gi|39 7256 7406
312 gi|39 7776 9305
313 gi|39 12577 14423
314 gi|39 14527 14663
315 gi|39 16224 16383
316 gi|39 24509 24582
317 gi|39 27864 28298
318 gi|39 29872 30461
319 gi|39 30932 31344
320 gi|39 32363 32624
321 gi|4 2624 3078
322 gi|4 13609 14075
323 gi|4 17322 17947
324 gi|4 18350 19587
325 gi|4 23432 24477
326 gi|4 28182 28795
327 gi|4 30004 31684
328 gi|4 32305 32629
329 gi|4 35528 36349
330 gi|40 23278 23680
331 gi|40 26880 27036
332 gi|40 27085 28174
333 gi|40 39682 40174
334 gi|41 5553 6069
335 gi|41 12610 12652
336 gi|41 17341 17537
337 gi|41 17507 17657
338 gi|41 17931 18693
339 gi|41 19301 19671
340 gi|41 19544 19817
341 gi|41 19850 26605
342 gi|41 26853 26955
343 gi|41 27603 27762
344 gi|41 28721 28800
345 gi|41 30778 31031
346 gi|41 31180 32147
347 gi|41 34214 35089
348 gi|41 39239 40178
349 gi|42 6255 6833
350 gi|42 8531 9803
351 gi|42 10495 11984
352 gi|42 12180 12662
353 gi|42 17559 18073
354 gi|42 18250 18320
355 gi|42 18883 18961
356 gi|42 19153 19315
357 gi|42 21914 22186
358 gi|42 22098 23045
359 gi|42 22881 24385
360 gi|42 26102 27207
361 gi|42 28973 29943
362 gi|43 27641 28105
363 gi|43 33755 34696
364 gi|44 3060 3986
365 gi|44 4356 5889
366 gi|44 18434 18484
367 gi|44 34644 35048
368 gi|45 4 1547
369 gi|45 9660 9815
370 gi|45 12977 13239
371 gi|45 16110 16378
372 gi|45 19738 19882
373 gi|45 36330 37146
374 gi|46 8 391
375 gi|46 4288 5167
376 gi|46 8330 8549
377 gi|46 8477 8670
378 gi|46 9902 10603
379 gi|46 11880 12481
380 gi|46 12360 12647
381 gi|46 15418 15512
382 gi|46 15764 16045
383 gi|46 19367 20139
384 gi|46 20538 20774
385 gi|46 27825 29119
386 gi|46 33831 34482
387 gi|46 39532 40020
388 gi|47 1937 2402
389 gi|47 2249 2726
390 gi|47 2991 3795
391 gi|47 3594 5384
392 gi|47 12155 12333
393 gi|47 13955 14751
394 gi|47 20942 22982
395 gi|47 23342 23407
396 gi|47 25077 25365
397 gi|47 26183 26989
398 gi|47 34379 34557
399 gi|48 3691 3804
400 gi|48 6441 7058
401 gi|48 8871 9142
402 gi|48 15087 16396
403 gi|48 18947 20471
404 gi|48 20520 20722
405 gi|48 20705 23197
406 gi|48 22795 26570
407 gi|48 26468 28588
408 gi|48 31110 32258
409 gi|48 33826 34555
410 gi|49 43 350
411 gi|49 4593 4674
412 gi|49 5929 6725
413 gi|49 7101 7791
414 gi|49 11694 12369
415 gi|49 12690 13397
416 gi|49 14228 14398
417 gi|49 25904 26350
418 gi|49 30783 30856
419 gi|49 30970 31375
420 gi|49 32515 33297
421 gi|5 1260 2816
422 gi|5 2821 8903
423 gi|5 10406 11692
424 gi|5 18702 20508
425 gi|5 20916 21685
426 gi|5 28829 29792
427 gi|5 32133 33267
428 gi|50 1376 1840
429 gi|50 2385 2849
430 gi|50 5943 6155
431 gi|50 8666 8735
432 gi|50 19313 19462
433 gi|51 2198 2656
434 gi|51 3166 3289
435 gi|51 3318 4720
436 gi|51 7099 7247
437 gi|51 9886 11673
438 gi|51 11979 12122
439 gi|51 14802 16641
440 gi|51 30294 31058
441 gi|51 32701 32999
442 gi|51 37305 37926
443 gi|51 38793 38961
444 gi|51 40012 40172
445 gi|52 4277 4372
446 gi|52 5673 5955
447 gi|52 9264 10784
448 gi|52 15751 15964
449 gi|52 16149 16230
450 gi|52 16195 16426
451 gi|52 23326 23893
452 gi|52 37713 38415
453 gi|53 2999 4448
454 gi|53 5443 7009
455 gi|53 7500 8238
456 gi|53 16149 16281
457 gi|53 16662 17705
458 gi|53 23558 24110
459 gi|53 24273 24788
460 gi|53 31521 31768
461 gi|53 39914 40178
462 gi|54 10884 11503
463 gi|54 20981 21111
464 gi|54 27846 27939
465 gi|55 127 3862
466 gi|55 7752 8972
467 gi|55 28984 29120
468 gi|55 30270 30377
469 gi|55 30735 32494
470 gi|55 33226 34035
471 gi|55 34268 35234
472 gi|55 36867 37286
473 gi|55 39964 40171
474 gi|56 3278 4840
475 gi|56 5931 6170
476 gi|56 20242 20388
477 gi|56 23390 24121
478 gi|56 32160 32249
479 gi|57 5554 6618
480 gi|57 9360 9770
481 gi|57 10883 11303
482 gi|57 11366 12397
483 gi|57 13946 14064
484 gi|57 14030 14161
485 gi|57 30265 30388
486 gi|57 33213 33290
487 gi|57 37602 38096
488 gi|58 27 378
489 gi|58 2491 3115
490 gi|58 4784 5436
491 gi|58 34759 34972
492 gi|59 14603 14783
493 gi|59 19127 24686
494 gi|59 25667 26126
495 gi|59 31078 31405
496 gi|59 33782 34930
497 gi|6 11792 11923
498 gi|6 12135 12730
499 gi|6 14776 14919
500 gi|6 15129 16190
501 gi|6 16327 17353
502 gi|6 17423 18345
503 gi|6 18609 19296
504 gi|6 19159 19717
505 gi|6 19723 20299
506 gi|6 21134 22506
507 gi|6 23758 25140
508 gi|6 29048 29383
509 gi|6 32778 33294
510 gi|60 10 954
511 gi|60 3442 4689
512 gi|60 12852 13919
513 gi|60 13835 15329
514 gi|60 19922 20431
515 gi|60 20215 26962
516 gi|60 26814 27277
517 gi|60 27260 28817
518 gi|60 28796 30142
519 gi|61 420 791
520 gi|61 22703 23506
521 gi|61 23779 24705
522 gi|61 30184 31615
523 gi|61 32381 33763
524 gi|61 34903 35138
525 gi|61 37355 38656
526 gi|61 39663 39740
527 gi|62 4976 8706
528 gi|62 12493 12730
529 gi|62 24141 24302
530 gi|62 24910 25540
531 gi|62 26671 27386
532 gi|62 34180 34331
533 gi|62 34280 35029
534 gi|62 34865 35195
535 gi|62 36500 36943
536 gi|62 37222 37504
537 gi|62 37631 40149
538 gi|63 5302 5438
539 gi|63 11523 11754
540 gi|63 16848 17228
541 gi|63 17268 17544
542 gi|63 24913 25319
543 gi|63 28775 29743
544 gi|63 30123 31227
545 gi|63 31589 33031
546 gi|63 38067 38643
547 gi|64 6256 7294
548 gi|64 8764 8852
549 gi|64 13589 14181
550 gi|64 14515 14717
551 gi|64 23842 24694
552 gi|64 26314 27160
553 gi|64 28643 28872
554 gi|64 30777 31790
555 gi|64 32096 32586
556 gi|64 32587 32908
557 gi|64 35276 36670
558 gi|64 39830 40045
559 gi|65 8657 9692
560 gi|65 15054 15658
561 gi|65 16075 16515
562 gi|65 21586 22112
563 gi|65 23628 24152
564 gi|65 24340 24455
565 gi|65 30826 30988
566 gi|65 35936 36026
567 gi|66 5 1095
568 gi|66 31498 32018
569 gi|66 38543 38677
570 gi|66 38762 38862
571 gi|67 826 946
572 gi|67 1340 2775
573 gi|67 4989 5241
574 gi|67 5441 6484
575 gi|67 7238 7532
576 gi|67 12970 13106
577 gi|67 13179 13392
578 gi|67 20045 20140
579 gi|67 39772 40066
580 gi|68 6897 8116
581 gi|68 10672 10746
582 gi|68 14034 15010
583 gi|68 18692 18993
584 gi|68 21618 22323
585 gi|68 23021 23980
586 gi|68 24102 24309
587 gi|68 27052 28490
588 gi|68 28470 30162
589 gi|68 30030 30708
590 gi|69 5590 7267
591 gi|69 36783 36887
592 gi|7 8770 8917
593 gi|7 24538 25447
594 gi|7 25255 31079
595 gi|7 34179 35420
596 gi|7 38155 39926
597 gi|70 521 582
598 gi|70 4113 4252
599 gi|70 8481 8689
600 gi|70 8842 9464
601 gi|70 15500 17520
602 gi|70 17401 18347
603 gi|70 20766 21088
604 gi|70 22711 23558
605 gi|70 34212 34697
606 gi|70 34720 35017
607 gi|70 35078 35296
608 gi|70 35285 35421
609 gi|70 37499 39143
610 gi|71 1095 1145
611 gi|71 1717 2231
612 gi|71 5667 11226
613 gi|71 11194 11660
614 gi|71 11789 14199
615 gi|71 24369 24487
616 gi|71 26674 26809
617 gi|71 27172 28454
618 gi|71 28583 29392
619 gi|71 30046 30179
620 gi|71 30324 30490
621 gi|71 38948 39953
622 gi|72 3878 3974
623 gi|72 12528 12632
624 gi|72 19588 19945
625 gi|72 21110 21212
626 gi|72 21668 22878
627 gi|72 24853 26170
628 gi|72 29608 30142
629 gi|72 30042 30476
630 gi|72 30459 30625
631 gi|72 30712 31800
632 gi|72 32724 32861
633 gi|72 35700 37138
634 gi|72 37507 39296
635 gi|73 6777 7890
636 gi|73 11695 11889
637 gi|73 11810 12241
638 gi|73 12771 13479
639 gi|73 15105 15540
640 gi|73 20674 21144
641 gi|73 21813 22123
642 gi|73 23287 23972
643 gi|73 25562 26377
644 gi|73 26772 28232
645 gi|73 31900 31981
646 gi|73 32069 32505
647 gi|73 36512 36792
648 gi|73 38865 39857
649 gi|74 4017 4255
650 gi|74 13188 13411
651 gi|74 14557 14643
652 gi|74 14970 15135
653 gi|74 18244 19922
654 gi|74 22860 23000
655 gi|74 27344 27397
656 gi|74 29810 30993
657 gi|74 32119 32240
658 gi|74 32450 32491
659 gi|74 34490 35412
660 gi|75 6064 6242
661 gi|75 6217 6491
662 gi|75 13540 13626
663 gi|75 23217 23928
664 gi|75 24987 25036
665 gi|75 25592 25704
666 gi|75 34992 35163
667 gi|75 38352 38486
668 gi|76 6519 7899
669 gi|76 9512 10941
670 gi|76 12248 12760
671 gi|76 14400 14502
672 gi|76 16269 17092
673 gi|76 19871 20278
674 gi|76 23102 23824
675 gi|76 32288 32736
676 gi|76 33822 34198
677 gi|8 1805 2257
678 gi|8 5895 6144
679 gi|8 7211 12858
680 gi|8 25468 25818
681 gi|8 30424 30508
682 gi|8 31727 32057
683 gi|8 32575 32628
684 gi|9 2 558
685 gi|9 1993 2687
686 gi|9 5722 6508
687 gi|9 16247 18451
688 gi|9 29367 29668
689 gi|9 31963 33079
690 gi|9 33190 33540
691 gi|9 34375 35736
692 gi|9 35896 36018
693 gi|9 36596 37278
694 gi|9 38779 38874
695 gi|9 38944 39333
