966 27122 gi|1 1149 4628 
968 9236 gi|1 7699 8841 
970 9818 gi|1 9682 12530 
972 250 gi|1 13817 13889 
974 802 gi|1 13830 14026 
976 562 gi|1 13840 14039 
978 791 gi|1 13841 14026 
980 843 gi|1 14004 14213 
982 1269 gi|1 14035 14218 
984 255 gi|1 14037 14075 
988 1171 gi|1 14039 14199 
986 277 gi|1 14039 14089 
990 293 gi|1 14041 14075 
992 294 gi|1 14041 14075 
994 289 gi|1 14737 14839 
1000 259 gi|1 14801 14839 
996 283 gi|1 14801 14835 
998 274 gi|1 14801 14835 
1002 320 gi|1 14948 15051 
1004 250 gi|1 14948 15047 
1008 257 gi|1 15012 15081 
1006 264 gi|1 15012 15046 
1010 288 gi|1 16078 16137 
1012 827 gi|1 16084 16275 
1014 1206 gi|1 16086 16275 
1016 1125 gi|1 16087 16247 
1018 283 gi|1 16089 16123 
1020 284 gi|1 16089 16123 
1022 7489 gi|1 18666 20202 
1024 253 gi|1 20908 21033 
1026 1650 gi|1 26301 28635 
1028 319 gi|1 30689 31623 
1030 322 gi|1 30721 31660 
1032 351 gi|1 30747 31630 
1034 329 gi|1 37974 38540 
552 1102 gi|10 2 707 
554 324 gi|10 155 500 
267 304 gi|10 205 517 
49 255 gi|10 4413 4457 
556 257 gi|10 5005 5171 
558 250 gi|10 5317 5380 
560 304 gi|10 8549 8893 
562 845 gi|10 11263 13228 
13 284 gi|10 11277 11813 
564 366 gi|10 11841 13354 
566 592 gi|10 12394 13248 
568 319 gi|10 12689 13228 
570 482 gi|10 12835 13225 
21 337 gi|10 12975 13228 
572 288 gi|10 13042 13161 
574 253 gi|10 19962 20055 
576 657 gi|10 25548 28050 
578 1375 gi|10 25822 26990 
580 295 gi|10 26224 26579 
582 775 gi|10 26262 26580 
584 403 gi|10 27803 28177 
586 384 gi|10 27833 28172 
588 8686 gi|10 28112 31023 
365 265 gi|10 28718 28902 
590 901 gi|10 31230 31603 
592 666 gi|10 31691 32740 
594 444 gi|10 35665 36588 
596 655 gi|10 35673 36577 
214 447 gi|11 2 783 
216 323 gi|11 183 628 
218 387 gi|11 2363 2919 
220 1861 gi|11 2417 3733 
222 898 gi|11 2426 3236 
224 1215 gi|11 2428 3673 
226 921 gi|11 2435 3229 
228 482 gi|11 2435 2882 
230 298 gi|11 2528 2689 
553 1102 gi|11 5821 6501 
232 253 gi|11 9978 10195 
234 271 gi|11 15660 16909 
236 253 gi|11 18595 19168 
238 661 gi|11 19231 20193 
597 655 gi|11 19297 20191 
240 352 gi|11 19803 20167 
242 406 gi|11 20051 20180 
244 256 gi|11 23075 23146 
246 264 gi|11 24363 24451 
248 274 gi|11 29147 29221 
250 251 gi|11 29551 29842 
252 263 gi|11 36866 36965 
608 265 gi|12 410 443 
23 803 gi|12 667 1566 
610 364 gi|12 1766 3182 
235 271 gi|12 2056 3182 
612 286 gi|12 3353 3421 
614 264 gi|12 3362 3432 
616 275 gi|12 3371 3410 
618 265 gi|12 8953 9084 
620 281 gi|12 9717 9998 
622 328 gi|12 9805 10039 
624 272 gi|12 9808 9974 
626 276 gi|12 10097 10410 
628 320 gi|12 10106 10429 
1139 259 gi|12 10106 10409 
630 253 gi|12 10136 10406 
632 270 gi|12 10161 10326 
634 342 gi|12 10182 10407 
636 439 gi|12 12127 12823 
638 438 gi|12 12638 12863 
640 252 gi|12 15684 15822 
642 560 gi|12 26783 28133 
644 329 gi|12 26851 28166 
646 749 gi|12 26883 27591 
648 623 gi|12 26893 28141 
650 278 gi|12 27229 28134 
3 261 gi|12 30093 30623 
652 3191 gi|12 32048 37962 
654 1097 gi|12 32165 36449 
656 521 gi|12 33431 36283 
658 301 gi|12 33487 33623 
660 309 gi|12 35822 37767 
662 1089 gi|12 38380 39714 
664 818 gi|12 38396 39794 
296 260 gi|13 598 653 
577 657 gi|13 925 3386 
298 1246 gi|13 1910 3241 
300 436 gi|13 2146 2675 
302 651 gi|13 2312 2660 
611 364 gi|13 7191 8594 
304 298 gi|13 9712 9900 
399 272 gi|13 12234 12362 
306 289 gi|13 12857 13077 
308 251 gi|13 16346 16446 
310 268 gi|13 22824 22888 
312 489 gi|13 26446 27194 
314 358 gi|13 26447 27214 
316 297 gi|13 28670 28702 
318 393 gi|13 30128 31194 
33 256 gi|13 30148 30883 
320 272 gi|13 30159 30783 
322 427 gi|13 30176 30915 
324 270 gi|13 34374 34462 
326 696 gi|13 34722 34799 
328 287 gi|13 34857 34923 
330 702 gi|13 35013 35091 
332 286 gi|13 35137 35216 
334 417 gi|13 36992 37841 
336 456 gi|13 36999 37838 
338 428 gi|13 37029 37762 
340 393 gi|13 37034 37845 
342 409 gi|13 37112 37836 
344 369 gi|13 37292 37845 
346 433 gi|13 37302 37833 
348 287 gi|13 37615 37833 
350 312 gi|13 37633 37807 
352 493 gi|13 37996 39141 
354 254 gi|13 38998 39973 
633 270 gi|14 22821 22996 
158 586 gi|14 22844 23355 
160 274 gi|14 22852 23013 
162 2454 gi|14 23538 24569 
164 307 gi|14 24440 24562 
166 263 gi|14 24801 25419 
168 644 gi|14 24809 25476 
170 394 gi|14 24811 25460 
172 1111 gi|14 24829 25680 
174 310 gi|14 24833 24939 
176 457 gi|14 24845 24997 
178 268 gi|14 24861 24965 
180 1804 gi|14 24862 25773 
182 303 gi|14 24865 25426 
184 608 gi|14 24867 25583 
186 1247 gi|14 24875 25618 
188 377 gi|14 24891 25389 
190 503 gi|14 24899 25400 
192 255 gi|14 24912 25412 
194 260 gi|14 24968 25431 
196 365 gi|14 25386 25736 
198 3214 gi|14 25998 26987 
200 425 gi|14 26885 26990 
202 537 gi|14 27546 28361 
204 256 gi|14 27631 29000 
206 459 gi|14 27729 29311 
208 326 gi|14 28517 29237 
210 290 gi|14 28520 29218 
255 743 gi|14 31328 32472 
212 1201 gi|14 31676 32457 
397 1132 gi|14 33235 33874 
557 257 gi|15 933 1081 
492 251 gi|15 6296 6381 
494 886 gi|15 13686 14248 
496 270 gi|15 14279 14328 
617 275 gi|15 14290 14329 
498 318 gi|15 14295 14328 
500 422 gi|15 14781 17337 
502 258 gi|15 14937 15071 
504 402 gi|15 15165 16051 
506 698 gi|15 15173 16088 
510 286 gi|15 15173 15958 
508 540 gi|15 15173 15949 
225 1215 gi|15 15214 16472 
467 295 gi|15 15740 15899 
512 310 gi|15 15752 15908 
655 1097 gi|15 23673 27827 
514 817 gi|15 23771 27699 
516 776 gi|15 23966 27775 
518 302 gi|15 25386 26227 
520 336 gi|15 25660 26059 
522 276 gi|15 26350 26469 
71 265 gi|15 26427 26495 
524 277 gi|15 27206 27690 
526 270 gi|15 29027 29180 
528 250 gi|15 29109 29163 
530 289 gi|15 29111 29148 
532 256 gi|15 29118 29174 
534 556 gi|15 31065 32835 
536 344 gi|15 31121 32825 
538 368 gi|15 32171 32822 
569 319 gi|15 32171 32686 
540 340 gi|15 32446 32822 
625 272 gi|15 32513 32676 
542 503 gi|15 32517 32817 
544 274 gi|15 35340 35478 
546 265 gi|15 35429 35458 
35 417 gi|15 39049 39744 
548 280 gi|15 39054 39686 
550 277 gi|15 39120 39377 
90 293 gi|16 1103 1313 
92 310 gi|16 1104 1308 
94 404 gi|16 1123 1308 
177 457 gi|16 1123 1279 
96 1207 gi|16 1136 3008 
98 319 gi|16 1136 1313 
100 332 gi|16 1142 1299 
102 305 gi|16 1144 1310 
106 272 gi|16 1148 1459 
104 586 gi|16 1148 1314 
477 259 gi|16 1150 1301 
108 281 gi|16 1151 1295 
110 304 gi|16 1152 1303 
379 275 gi|16 1154 1300 
112 303 gi|16 1161 1310 
114 262 gi|16 1185 1284 
116 289 gi|16 1204 1301 
118 1430 gi|16 1664 3946 
197 365 gi|16 1664 2020 
205 256 gi|16 2334 3696 
209 326 gi|16 3089 3789 
120 360 gi|16 3106 3776 
122 515 gi|16 3919 4841 
124 432 gi|16 3947 5015 
126 275 gi|16 3965 4784 
128 449 gi|16 3984 4830 
130 271 gi|16 16155 16328 
132 330 gi|16 18489 18606 
134 257 gi|16 19058 19290 
136 260 gi|16 24066 24370 
1031 322 gi|16 25079 26009 
138 316 gi|16 25118 25953 
140 259 gi|16 25119 25965 
142 534 gi|16 25142 26001 
146 582 gi|16 25146 25982 
148 314 gi|16 25146 25868 
144 354 gi|16 25146 25695 
150 381 gi|16 25168 25982 
339 428 gi|16 25218 25953 
152 270 gi|16 38855 38955 
154 1305 gi|16 38946 39998 
156 1162 gi|16 39500 40000 
426 484 gi|17 4898 5490 
428 255 gi|17 6932 7027 
430 289 gi|17 12925 14475 
432 309 gi|17 13270 14140 
434 401 gi|17 13323 14448 
436 658 gi|17 13447 15677 
438 331 gi|17 17433 18522 
651 278 gi|17 17473 18297 
440 256 gi|17 17475 18599 
442 454 gi|17 21727 22386 
29 265 gi|17 23401 23578 
444 1528 gi|17 32426 33533 
446 12575 gi|17 33251 35154 
448 12771 gi|17 33460 34914 
450 12738 gi|17 33537 34914 
452 547 gi|17 35985 36838 
454 274 gi|17 36869 36913 
456 272 gi|17 36874 36922 
458 265 gi|17 37047 37195 
932 260 gi|18 4123 4236 
934 250 gi|18 7895 7952 
936 265 gi|18 11111 11190 
938 264 gi|18 11141 11223 
940 733 gi|18 16322 16965 
942 793 gi|18 17553 17878 
944 254 gi|18 20425 20465 
946 250 gi|18 20933 21104 
153 270 gi|18 24856 24964 
948 1994 gi|18 26344 29124 
950 363 gi|18 31520 32472 
952 1015 gi|18 33643 35018 
954 661 gi|18 33679 35062 
85 815 gi|18 33988 35057 
956 691 gi|18 34069 35493 
431 289 gi|18 35268 36804 
958 371 gi|18 35732 36023 
11 337 gi|18 35968 37491 
565 366 gi|18 37535 39018 
960 636 gi|18 38262 39020 
962 536 gi|18 38305 39116 
165 307 gi|18 39871 39993 
201 425 gi|18 39887 39993 
964 493 gi|18 39894 39993 
1164 892 gi|19 1027 3112 
1166 291 gi|19 7879 8170 
1168 314 gi|19 7996 8272 
1170 298 gi|19 8452 8632 
1172 2926 gi|19 14224 15381 
1174 2919 gi|19 14307 15400 
1176 303 gi|19 14311 15814 
127 275 gi|19 14346 15175 
1178 503 gi|19 17707 18557 
949 1994 gi|19 20082 22701 
1180 2481 gi|19 21406 24312 
1182 1389 gi|19 25994 27212 
1184 665 gi|19 27418 28282 
1186 600 gi|19 27454 28221 
1188 279 gi|19 27475 27889 
1190 266 gi|19 27556 27732 
1192 473 gi|19 28819 29512 
1194 538 gi|19 29262 29648 
1196 253 gi|19 29984 30097 
1198 263 gi|19 32014 32217 
1200 259 gi|19 32354 32526 
1131 298 gi|19 35041 37024 
249 274 gi|19 36243 36314 
1244 922 gi|2 8 1320 
1246 1393 gi|2 749 1318 
1248 301 gi|2 914 1042 
1250 260 gi|2 970 1059 
1252 359 gi|2 973 1201 
1254 378 gi|2 998 1230 
1256 670 gi|2 5625 6518 
1258 254 gi|2 6435 6595 
1260 313 gi|2 6588 7214 
1262 922 gi|2 12552 13769 
1264 932 gi|2 15966 17040 
1266 804 gi|2 15997 17103 
1268 300 gi|2 16000 16156 
1270 1188 gi|2 16003 17037 
1272 1382 gi|2 19605 20609 
1274 275 gi|2 25405 25483 
1276 282 gi|2 28477 29364 
1278 265 gi|2 34451 34490 
1280 259 gi|2 34452 34514 
1282 289 gi|2 38891 39660 
718 1805 gi|20 688 1323 
720 487 gi|20 727 1276 
722 251 gi|20 8647 8690 
724 252 gi|20 8971 9074 
1137 504 gi|20 11418 13356 
726 263 gi|20 13718 13958 
728 5088 gi|20 18968 22593 
1 256 gi|20 20928 21160 
730 1436 gi|20 22767 23667 
732 1595 gi|20 22769 23672 
734 268 gi|20 22769 23303 
341 393 gi|20 22786 23613 
736 346 gi|20 22816 23401 
738 291 gi|20 22816 23024 
740 361 gi|20 23808 24033 
742 332 gi|20 24470 25539 
281 254 gi|20 24579 25407 
744 1228 gi|20 24580 25597 
746 1165 gi|20 24582 25594 
748 1509 gi|20 24605 25595 
750 660 gi|20 24626 25595 
752 615 gi|20 24679 25595 
754 556 gi|20 24681 25595 
756 456 gi|20 24681 25547 
758 276 gi|20 25883 25932 
471 279 gi|20 26035 26739 
1263 922 gi|20 30282 31517 
760 254 gi|20 33183 33487 
598 615 gi|21 4073 4461 
600 267 gi|21 13516 13693 
602 302 gi|21 13524 13700 
135 257 gi|21 21973 22206 
604 251 gi|21 26304 26469 
523 276 gi|21 33341 33469 
461 272 gi|21 38548 38637 
606 277 gi|21 38554 38697 
505 402 gi|22 1311 2215 
666 815 gi|22 1327 2213 
668 318 gi|22 1350 2175 
227 921 gi|22 1350 2144 
465 306 gi|22 1372 1654 
469 254 gi|22 1898 1941 
670 2069 gi|22 2725 4581 
1169 314 gi|22 3347 3584 
672 881 gi|22 11860 13474 
674 271 gi|22 13023 13265 
676 257 gi|22 17154 17510 
678 1441 gi|22 17789 19098 
680 1579 gi|22 17812 19101 
682 1855 gi|22 17838 19086 
684 336 gi|22 20844 21796 
686 1364 gi|22 20869 23472 
688 1300 gi|22 21972 23529 
690 267 gi|22 22069 23520 
692 3484 gi|22 22097 23539 
694 325 gi|22 22162 23591 
696 290 gi|22 22313 23445 
698 1053 gi|22 23835 25181 
700 2610 gi|22 23864 24986 
702 598 gi|22 23876 25151 
439 331 gi|22 23886 25046 
643 560 gi|22 23920 25271 
704 291 gi|22 25361 25568 
613 286 gi|22 25647 25714 
609 265 gi|22 25668 25701 
706 3348 gi|22 26465 28015 
708 267 gi|22 26921 27035 
710 275 gi|22 33116 33268 
712 265 gi|22 36671 36771 
714 251 gi|22 37722 37810 
716 289 gi|22 39803 39957 
493 251 gi|23 13152 13240 
810 263 gi|23 18194 18317 
333 286 gi|23 19305 19384 
329 287 gi|23 19314 19384 
812 332 gi|23 27456 27803 
814 1969 gi|23 29729 30522 
425 271 gi|23 35333 35654 
403 256 gi|23 37124 37170 
1281 259 gi|23 37134 37196 
816 401 gi|23 37760 38076 
818 250 gi|24 1244 1360 
820 284 gi|24 1603 2113 
822 286 gi|24 1662 2491 
183 303 gi|24 1672 2254 
824 503 gi|24 1682 2251 
826 250 gi|24 6050 6254 
828 404 gi|24 11305 11775 
830 450 gi|24 11368 11698 
832 266 gi|24 12604 13209 
813 332 gi|24 13554 13884 
834 260 gi|24 14979 15280 
836 291 gi|24 16039 16416 
840 256 gi|24 16075 16398 
838 366 gi|24 16075 16359 
842 256 gi|24 18580 18637 
848 288 gi|24 18583 18639 
850 282 gi|24 18583 18637 
844 328 gi|24 18583 18633 
846 310 gi|24 18583 18633 
852 299 gi|24 23636 24432 
854 670 gi|24 24835 25037 
856 263 gi|24 25935 26021 
858 1005 gi|24 26618 27162 
575 253 gi|24 27083 27182 
860 717 gi|24 27685 28329 
862 254 gi|24 31631 31758 
864 570 gi|24 35572 36233 
1078 307 gi|25 6567 7390 
45 312 gi|25 6835 7009 
1080 338 gi|25 15478 17102 
265 1479 gi|25 18319 19160 
485 511 gi|25 19559 19928 
1179 503 gi|25 21314 22159 
263 341 gi|25 37666 37747 
866 265 gi|26 469 527 
868 609 gi|26 2629 3406 
870 722 gi|26 2688 4629 
872 1921 gi|26 2695 4644 
874 410 gi|26 2697 3498 
876 513 gi|26 2698 3470 
878 2231 gi|26 2712 4676 
880 270 gi|26 2712 4676 
884 333 gi|26 2714 3696 
882 606 gi|26 2714 3479 
175 310 gi|26 6333 6439 
886 262 gi|26 6334 6458 
888 354 gi|26 6570 7709 
890 348 gi|26 12058 12370 
892 334 gi|26 12067 12333 
513 310 gi|26 12206 12362 
331 702 gi|26 13836 13914 
327 696 gi|26 13836 13913 
894 593 gi|26 14993 15656 
459 265 gi|26 16500 16654 
9 495 gi|26 17279 19386 
896 1336 gi|26 17575 19493 
898 618 gi|26 18009 18709 
900 273 gi|26 18308 18428 
433 309 gi|26 18557 19470 
959 371 gi|26 19081 19366 
902 732 gi|26 19083 19440 
904 258 gi|26 19085 19521 
631 253 gi|26 19110 19386 
906 609 gi|26 19524 19907 
908 261 gi|26 21484 22054 
910 272 gi|26 21662 21884 
912 262 gi|26 23399 23535 
355 254 gi|26 27587 28561 
914 252 gi|26 27682 27738 
353 493 gi|26 29179 30338 
916 357 gi|26 30222 31640 
731 1436 gi|26 31686 32586 
918 696 gi|26 31687 32627 
337 456 gi|26 31710 32567 
151 381 gi|26 31735 32565 
531 289 gi|26 33829 33868 
920 260 gi|26 33835 33966 
922 259 gi|26 33838 33868 
547 265 gi|26 33839 33868 
924 258 gi|26 33842 33882 
663 1089 gi|26 34108 35450 
926 802 gi|26 34427 35475 
709 267 gi|26 35933 36055 
1082 281 gi|27 430 519 
1084 1085 gi|27 3943 4591 
1086 251 gi|27 4164 4269 
1088 252 gi|27 7528 7618 
1090 256 gi|27 7831 7983 
411 2257 gi|27 8549 10166 
417 367 gi|27 11158 11563 
421 453 gi|27 14419 15132 
1092 1287 gi|27 18865 20120 
1094 346 gi|27 21019 21751 
1096 477 gi|27 22425 23244 
1098 277 gi|27 22702 23280 
735 268 gi|27 22738 23266 
1100 283 gi|27 22935 23207 
947 250 gi|27 24941 25103 
1102 980 gi|27 25953 27340 
1104 547 gi|27 26018 27341 
79 757 gi|27 26055 27332 
1106 1359 gi|27 26111 27342 
957 691 gi|27 26345 27753 
1108 259 gi|27 27593 29032 
691 267 gi|27 27597 29032 
1110 254 gi|27 27696 29033 
441 256 gi|27 29471 30655 
1112 450 gi|27 29591 30761 
701 2610 gi|27 29593 30712 
1114 1465 gi|27 29739 30720 
1185 665 gi|27 30916 31774 
1116 720 gi|27 30929 31871 
1118 3864 gi|27 31971 33207 
1120 274 gi|27 34515 34676 
261 297 gi|27 38249 38587 
1122 267 gi|27 39961 40000 
762 300 gi|28 4263 7092 
764 252 gi|28 8760 8881 
766 369 gi|28 18906 19123 
768 3758 gi|28 20280 23261 
770 253 gi|28 24474 24662 
257 303 gi|28 24546 24749 
772 294 gi|28 24790 26802 
679 1441 gi|28 24800 26103 
774 676 gi|28 24800 26058 
776 1411 gi|28 26122 27339 
778 740 gi|28 26200 27380 
780 916 gi|28 28027 29367 
405 540 gi|28 31596 32490 
463 271 gi|28 34712 34880 
47 273 gi|28 39005 39050 
782 562 gi|28 39091 40000 
1400 878 gi|29 851 1546 
719 1805 gi|29 3409 4044 
1402 297 gi|29 3434 3977 
1404 1228 gi|29 4789 8036 
1406 250 gi|29 8548 9337 
143 534 gi|29 8565 9447 
1408 299 gi|29 8571 8745 
593 666 gi|29 19786 20858 
589 8686 gi|29 23752 26639 
1410 259 gi|29 26404 26576 
591 901 gi|29 26689 27068 
241 352 gi|29 27883 28238 
1412 258 gi|29 39147 39185 
1414 1456 gi|29 39148 39388 
1416 1815 gi|29 39151 39376 
979 791 gi|29 39151 39376 
1021 284 gi|29 39152 39186 
1418 283 gi|29 39152 39186 
993 294 gi|29 39152 39186 
1017 1125 gi|29 39218 39376 
989 1171 gi|29 39218 39376 
1420 355 gi|29 39327 39382 
1422 254 gi|29 39337 39386 
1001 259 gi|29 39340 39378 
356 287 gi|3 103 385 
358 429 gi|3 1507 2055 
360 490 gi|3 1662 2415 
362 255 gi|3 7609 7692 
364 265 gi|3 9008 9153 
366 919 gi|3 10891 11574 
368 300 gi|3 12166 12611 
1245 922 gi|3 13596 14918 
1247 1393 gi|3 15465 16032 
370 304 gi|3 15622 15752 
372 256 gi|3 15635 16038 
374 279 gi|3 15642 15817 
376 288 gi|3 15645 15888 
378 275 gi|3 15682 15830 
380 384 gi|3 15695 15920 
382 252 gi|3 18185 19190 
384 449 gi|3 18424 19130 
386 379 gi|3 18486 18794 
388 287 gi|3 21532 22174 
390 327 gi|3 31260 31350 
392 273 gi|3 31475 31556 
394 264 gi|3 31663 31719 
396 1132 gi|3 31847 32483 
398 272 gi|3 32711 32855 
400 251 gi|3 37131 37288 
402 256 gi|3 37491 37534 
707 3348 gi|30 395 1960 
784 260 gi|30 725 855 
786 666 gi|30 2644 4917 
788 300 gi|30 5094 5418 
427 484 gi|30 6708 7282 
790 267 gi|30 6776 7271 
792 866 gi|30 8829 9612 
25 2002 gi|30 9770 10662 
423 1692 gi|30 13612 15840 
794 399 gi|30 13696 14051 
915 252 gi|30 18399 18452 
796 378 gi|30 18954 19297 
533 256 gi|30 20065 20121 
923 259 gi|30 20065 20095 
798 251 gi|30 20067 20114 
767 369 gi|30 22254 22473 
800 280 gi|30 28844 28941 
607 277 gi|30 28876 29017 
925 258 gi|30 28897 28935 
297 260 gi|30 29461 29516 
299 1246 gi|30 30130 31471 
579 1375 gi|30 30288 31454 
802 415 gi|30 30696 31128 
804 651 gi|30 30714 31062 
806 276 gi|30 34982 35209 
808 555 gi|30 39306 40000 
673 881 gi|31 1902 3509 
1290 286 gi|31 9290 11683 
1292 320 gi|31 9834 11758 
1294 838 gi|31 9880 11739 
1296 8221 gi|31 9885 11933 
1298 7924 gi|31 9899 12054 
1300 982 gi|31 10256 11764 
1302 383 gi|31 15311 16422 
1304 847 gi|31 15403 16330 
1306 435 gi|31 15556 16325 
1308 319 gi|31 15667 17189 
1310 323 gi|31 15778 17187 
1103 980 gi|31 18404 19815 
953 1015 gi|31 18404 19767 
1312 3062 gi|31 18501 19812 
1314 998 gi|31 18601 19768 
87 1644 gi|31 18766 19812 
1316 649 gi|31 31881 32421 
1818 11484 gi|32 1260 2578 
1820 259 gi|32 4086 4977 
185 608 gi|32 4243 4959 
1822 862 gi|32 4259 5903 
59 358 gi|32 4451 5014 
1824 263 gi|32 16489 17799 
1826 250 gi|32 19394 19545 
1828 583 gi|32 22490 24446 
1830 282 gi|32 23034 24510 
487 272 gi|32 24315 24562 
1832 556 gi|32 26830 27357 
191 503 gi|32 26859 27357 
107 272 gi|32 27078 27386 
1834 387 gi|32 33538 34919 
1029 319 gi|32 33964 34895 
1836 344 gi|32 33964 34725 
1838 494 gi|32 33966 34715 
313 489 gi|32 33989 34740 
1840 262 gi|32 33989 34723 
343 409 gi|32 33990 34731 
149 314 gi|32 33992 34726 
1842 527 gi|32 33993 34812 
773 294 gi|32 34285 36263 
683 1855 gi|32 34984 36232 
1844 659 gi|32 35047 36231 
1846 309 gi|32 36508 36873 
1848 433 gi|32 36672 36843 
1852 488 gi|32 36727 36866 
1850 261 gi|32 36727 36763 
1854 268 gi|32 36728 36834 
1856 300 gi|32 36728 36812 
1858 286 gi|32 36730 36763 
1860 255 gi|32 36730 36763 
1864 271 gi|32 36731 36822 
1862 416 gi|32 36731 36815 
449 12771 gi|32 36789 38239 
1866 12738 gi|32 36862 38239 
1868 12738 gi|32 36862 38239 
1129 1053 gi|33 2209 3707 
1036 448 gi|33 6281 7361 
1093 1287 gi|33 10193 11485 
1038 263 gi|33 11172 11334 
1040 318 gi|33 11209 11317 
1042 294 gi|33 12137 12658 
1044 528 gi|33 13461 14130 
1046 963 gi|33 13547 14684 
1048 288 gi|33 14342 14634 
415 263 gi|33 17395 17552 
1050 660 gi|33 17998 18531 
1052 355 gi|33 18031 18544 
1054 251 gi|33 18036 18980 
229 482 gi|33 18053 18506 
1056 250 gi|33 18054 18520 
1058 389 gi|33 18109 18506 
1060 481 gi|33 18213 18506 
1062 259 gi|33 21859 21995 
1064 275 gi|33 22052 22150 
717 289 gi|33 22433 22590 
473 273 gi|33 32560 32892 
167 263 gi|33 32685 33258 
103 305 gi|33 32747 32913 
171 394 gi|33 35310 35990 
1066 490 gi|33 35313 36045 
475 467 gi|33 35357 36126 
1821 259 gi|33 35366 36268 
1305 847 gi|33 35372 36297 
1068 340 gi|33 35374 35727 
111 304 gi|33 35382 35534 
1070 390 gi|33 35383 36168 
1072 386 gi|33 35383 35998 
825 503 gi|33 35383 35949 
839 366 gi|33 35383 35690 
1253 359 gi|33 35395 35587 
1074 641 gi|33 35397 36017 
381 384 gi|33 35398 35592 
53 514 gi|33 35418 36044 
1076 265 gi|33 35420 35700 
1087 251 gi|33 39306 39415 
637 439 gi|34 27 667 
1424 269 gi|34 1864 2050 
1426 801 gi|34 2180 4009 
1428 308 gi|34 4128 4293 
1430 262 gi|34 4244 4473 
639 438 gi|34 5038 5278 
1432 578 gi|34 5120 5236 
1835 387 gi|34 5969 7370 
1434 427 gi|34 6085 6924 
145 354 gi|34 6381 6927 
727 263 gi|34 6732 6957 
1409 299 gi|34 6753 6928 
1436 394 gi|34 7086 7830 
323 427 gi|34 7127 7835 
1438 262 gi|34 7858 7916 
1823 862 gi|34 9661 11245 
169 644 gi|34 9746 10425 
1440 486 gi|34 9780 10425 
1311 323 gi|34 9837 11261 
1442 386 gi|34 10017 11207 
1444 268 gi|34 10195 10322 
95 404 gi|34 10196 10379 
293 432 gi|34 15547 16795 
1446 474 gi|34 15566 16825 
1448 519 gi|34 15868 16884 
755 556 gi|34 15868 16824 
1450 335 gi|34 18409 18823 
1452 271 gi|34 18449 18816 
243 406 gi|34 18692 18821 
1454 532 gi|34 28602 29087 
125 432 gi|34 32026 33064 
1456 455 gi|34 32243 33074 
1458 267 gi|34 32595 33073 
119 1430 gi|34 32988 35360 
211 290 gi|34 33169 33870 
203 537 gi|34 33934 34716 
1460 1685 gi|34 33974 35916 
1462 838 gi|34 34871 35946 
1303 383 gi|34 34896 35973 
181 1804 gi|34 34971 35896 
1464 266 gi|34 35018 35846 
1073 386 gi|34 35241 35883 
1466 263 gi|34 35267 35874 
1833 556 gi|34 35317 35859 
1468 258 gi|34 35592 35981 
105 586 gi|34 35722 35888 
887 262 gi|34 35820 35953 
1470 297 gi|34 36292 36391 
1472 268 gi|34 37769 38087 
943 793 gi|35 4323 4660 
941 733 gi|35 5245 5903 
73 287 gi|35 6212 6305 
1284 256 gi|35 10893 11029 
131 271 gi|35 10903 11064 
933 260 gi|35 11804 11901 
1286 264 gi|35 13057 13150 
853 299 gi|35 32058 32878 
1288 358 gi|35 34633 35537 
159 586 gi|35 36309 36817 
1257 670 gi|35 39098 40000 
481 384 gi|35 39160 39972 
1439 262 gi|36 3793 3856 
1287 264 gi|36 7213 7310 
1574 807 gi|36 9438 10145 
1047 963 gi|36 9530 10622 
63 263 gi|36 11852 12354 
247 264 gi|36 14744 14831 
1576 250 gi|36 16406 16444 
491 257 gi|36 19600 19758 
1285 256 gi|36 20015 20169 
1578 280 gi|36 24874 25735 
1580 386 gi|36 25883 26506 
829 404 gi|36 26011 26487 
527 270 gi|36 26814 26981 
1582 303 gi|36 27111 27563 
1584 320 gi|36 27396 27561 
109 281 gi|36 27398 27536 
479 344 gi|36 27399 27542 
1249 301 gi|36 27459 27587 
1586 2413 gi|36 31664 33187 
1588 252 gi|36 32434 32501 
1590 2601 gi|36 33612 35245 
797 378 gi|36 34781 35138 
1592 259 gi|36 38647 38731 
697 290 gi|37 9805 10936 
233 253 gi|37 18000 18227 
375 279 gi|37 18914 19092 
1275 275 gi|37 18967 19038 
1075 641 gi|37 18968 19593 
1467 263 gi|37 18968 19570 
1338 469 gi|37 18972 19535 
189 377 gi|37 18972 19482 
55 298 gi|37 18988 19542 
133 330 gi|37 20855 20972 
1171 298 gi|37 24284 24479 
1340 2071 gi|37 25519 26860 
723 251 gi|37 26214 26257 
1342 264 gi|37 30849 31017 
805 651 gi|37 36933 37294 
303 651 gi|37 36933 37290 
583 775 gi|37 36948 37272 
301 436 gi|37 38129 38666 
581 295 gi|37 38132 38489 
803 415 gi|37 38133 38589 
819 250 gi|38 2686 2796 
928 262 gi|38 3546 3716 
930 279 gi|38 9200 9322 
237 253 gi|38 16067 16619 
1081 338 gi|39 887 2526 
1035 329 gi|39 4611 5163 
1620 412 gi|39 10377 13382 
1624 263 gi|39 14576 14642 
1622 283 gi|39 14576 14622 
1626 260 gi|39 14580 14622 
1861 255 gi|39 14588 14622 
1628 3016 gi|39 21911 23137 
1630 324 gi|39 23749 24026 
1632 263 gi|39 35211 35281 
1101 283 gi|39 36670 36944 
404 540 gi|4 19223 20137 
406 275 gi|4 19964 20143 
408 264 gi|4 20009 20180 
410 2257 gi|4 29181 30816 
412 250 gi|4 29977 30079 
414 263 gi|4 30516 30667 
416 367 gi|4 31270 31678 
418 279 gi|4 31987 32105 
420 453 gi|4 32083 32807 
422 1692 gi|4 33203 35368 
424 271 gi|4 35525 35851 
1202 803 gi|40 94 993 
751 660 gi|40 96 1059 
1204 767 gi|40 97 1332 
1206 1221 gi|40 133 1048 
291 729 gi|40 160 1238 
1208 570 gi|40 193 1395 
1210 415 gi|40 227 1069 
1212 393 gi|40 6637 6976 
1214 255 gi|40 10214 10521 
1216 335 gi|40 10235 10738 
1053 355 gi|40 10252 10761 
1218 303 gi|40 10272 10790 
231 298 gi|40 10383 10542 
681 1579 gi|40 13702 14986 
775 676 gi|40 13734 14983 
1845 659 gi|40 13798 14969 
1220 257 gi|40 14009 14108 
1222 254 gi|40 15076 15173 
1433 578 gi|40 24782 24898 
1224 289 gi|40 35884 36232 
1226 295 gi|40 35922 36261 
1228 297 gi|40 35930 36228 
601 267 gi|40 35937 36114 
1141 250 gi|40 35937 36112 
859 1005 gi|40 37071 37622 
865 570 gi|40 38113 38769 
1682 1244 gi|41 4335 6057 
1684 516 gi|41 4536 5958 
1686 316 gi|41 4544 5986 
1688 691 gi|41 4551 5942 
1085 1085 gi|41 6496 7149 
1453 271 gi|41 7279 7646 
1692 512 gi|41 9670 10532 
1690 639 gi|41 9670 10522 
139 316 gi|41 9681 10541 
1694 488 gi|41 9700 9950 
1843 527 gi|41 9718 10545 
347 433 gi|41 9718 10249 
1191 266 gi|41 9797 9973 
1696 293 gi|41 9804 10472 
787 666 gi|41 16255 18587 
1698 257 gi|41 16609 16717 
789 300 gi|41 17767 18090 
599 615 gi|41 32490 32908 
1700 402 gi|41 32502 33065 
1702 667 gi|41 35825 36808 
1704 447 gi|41 35909 36478 
509 540 gi|41 35972 36752 
669 318 gi|41 35999 36815 
1706 502 gi|41 35999 36569 
1057 250 gi|41 36013 36474 
1145 333 gi|41 36016 36478 
223 898 gi|41 36018 36821 
1230 312 gi|42 1 223 
1232 876 gi|42 7224 9831 
217 323 gi|42 7932 8377 
1135 1845 gi|42 8352 9827 
1587 2413 gi|42 12425 13958 
401 251 gi|42 22209 22368 
1234 297 gi|42 29594 29733 
1236 296 gi|42 30585 30991 
27 1011 gi|42 31682 32889 
1238 409 gi|42 33656 34070 
903 732 gi|42 33657 34013 
435 401 gi|42 33663 34793 
573 288 gi|42 33690 33812 
7 255 gi|42 33691 34071 
1240 1127 gi|42 33827 35234 
899 618 gi|42 34022 34763 
15 667 gi|42 34147 35529 
1242 302 gi|42 34175 34516 
1566 281 gi|43 3224 3321 
695 325 gi|43 13417 14849 
1109 259 gi|43 13500 14933 
1041 318 gi|43 16568 16694 
1289 358 gi|43 16964 17854 
1568 272 gi|43 17052 17218 
1581 386 gi|43 17987 18658 
831 450 gi|43 18203 18555 
1570 960 gi|43 24093 25513 
77 1905 gi|43 24134 25563 
1313 3062 gi|43 24139 25438 
1107 1359 gi|43 24139 25370 
955 661 gi|43 24142 25514 
1572 250 gi|43 24928 24999 
769 3758 gi|43 30230 33078 
783 562 gi|43 32970 33823 
1231 312 gi|43 33824 34051 
1827 250 gi|43 39461 39588 
619 265 gi|43 39769 39906 
307 289 gi|44 423 643 
1516 252 gi|44 5052 5172 
1518 267 gi|44 5061 5218 
1520 1716 gi|44 7235 8645 
693 3484 gi|44 7267 8709 
1522 1345 gi|44 7282 8645 
1524 1179 gi|44 8794 10063 
685 336 gi|44 9107 10086 
1526 844 gi|44 10214 11629 
1528 3442 gi|44 10240 11595 
1065 275 gi|44 10380 10482 
383 252 gi|44 10560 11665 
163 2454 gi|44 11824 12852 
199 3214 gi|44 11830 12828 
965 493 gi|44 12726 12825 
1530 893 gi|44 16974 18280 
1271 1188 gi|44 17185 18292 
1532 383 gi|44 18140 18326 
1037 448 gi|44 18538 19612 
1534 2905 gi|44 25005 26381 
1536 623 gi|44 25069 26310 
1473 268 gi|44 28924 29200 
295 288 gi|44 30570 30647 
1538 1631 gi|44 30855 31895 
1540 670 gi|44 30855 31843 
753 615 gi|44 30858 31747 
1211 415 gi|44 30861 31673 
1542 448 gi|44 30935 31806 
283 981 gi|44 30935 31804 
1544 680 gi|44 30943 31757 
1546 368 gi|44 30986 31745 
827 250 gi|44 34045 34216 
1223 254 gi|45 2512 2600 
1484 271 gi|45 3341 3446 
1486 253 gi|45 3350 3565 
1199 263 gi|45 6570 6780 
841 256 gi|45 6625 6943 
1091 256 gi|45 7497 7646 
1488 2143 gi|45 9991 12593 
1490 260 gi|45 13112 13278 
889 354 gi|45 20601 21715 
1593 259 gi|45 27324 27402 
1492 294 gi|45 30059 30227 
1652 412 gi|46 2292 6039 
1685 516 gi|46 4463 5882 
1654 1189 gi|46 4464 5931 
1629 3016 gi|46 10199 11437 
705 291 gi|46 11494 11701 
781 916 gi|46 11870 13207 
1656 286 gi|46 16027 16334 
713 265 gi|46 18043 18154 
1658 252 gi|46 18679 18750 
1519 267 gi|46 26102 26243 
1193 473 gi|46 30367 31055 
1195 538 gi|46 30590 30977 
1660 10910 gi|46 38520 39755 
1378 315 gi|47 9 367 
1376 392 gi|47 9 273 
1380 1038 gi|47 2669 3165 
561 304 gi|47 2737 3101 
963 536 gi|47 3115 3947 
1382 324 gi|47 3251 3919 
883 606 gi|47 3266 4022 
1384 315 gi|47 3273 3929 
1517 252 gi|47 3401 3533 
1386 258 gi|47 9317 9455 
1388 282 gi|47 9964 10006 
1390 288 gi|47 9972 10023 
1392 262 gi|47 9973 10006 
1394 3251 gi|47 10057 13985 
1396 277 gi|47 11057 13989 
1398 575 gi|47 12559 13972 
895 593 gi|47 14229 14868 
1197 253 gi|47 19345 19464 
833 266 gi|47 20079 20696 
1189 279 gi|47 20298 20703 
793 866 gi|47 31926 32691 
1165 892 gi|47 32936 35012 
1148 251 gi|48 90 168 
1425 269 gi|48 3661 3853 
1150 345 gi|48 3926 4087 
745 1228 gi|48 4305 5328 
1449 519 gi|48 4307 5257 
1152 405 gi|48 4307 5234 
1207 1221 gi|48 4318 5236 
1154 855 gi|48 4319 5326 
289 255 gi|48 4406 5224 
1545 680 gi|48 4416 5227 
1156 340 gi|48 4487 5345 
1158 770 gi|48 4838 5250 
1160 790 gi|48 6669 6928 
1079 307 gi|48 13970 14774 
1455 532 gi|48 14260 14706 
43 290 gi|48 14283 14798 
393 273 gi|48 20363 20443 
395 264 gi|48 20363 20418 
1661 10910 gi|48 21199 22434 
1162 1375 gi|48 26897 27210 
1659 252 gi|48 28463 28528 
1063 259 gi|49 1211 1341 
1261 313 gi|49 2688 3316 
551 277 gi|49 2759 3013 
653 3191 gi|49 8794 14797 
515 817 gi|49 9042 13171 
1494 577 gi|49 10007 14327 
1496 292 gi|49 12564 12648 
917 357 gi|49 13230 14618 
453 547 gi|49 15392 16216 
1451 335 gi|49 15821 16220 
1498 336 gi|49 16019 16217 
1500 306 gi|49 16023 16201 
1631 324 gi|49 17012 17291 
1039 263 gi|49 17456 17616 
279 573 gi|49 22886 23911 
1502 344 gi|49 22886 23812 
1504 766 gi|49 22889 23815 
747 1165 gi|49 22896 23932 
1155 855 gi|49 22907 23932 
1506 565 gi|49 22909 23871 
1203 803 gi|49 22943 23881 
1508 690 gi|49 22970 23815 
1543 448 gi|49 22972 23889 
595 444 gi|49 27219 28119 
239 661 gi|49 27231 28192 
1510 286 gi|49 29520 30719 
549 280 gi|49 32521 33112 
271 255 gi|49 32831 33172 
525 277 gi|49 37341 37819 
1512 252 gi|49 38138 38320 
1514 426 gi|49 38743 39983 
519 302 gi|49 38825 39723 
1589 252 gi|49 39258 39319 
460 272 gi|5 1652 1753 
462 271 gi|5 1672 1847 
464 306 gi|5 2609 2884 
466 295 gi|5 2710 2869 
468 254 gi|5 6196 6239 
470 279 gi|5 7881 8590 
472 273 gi|5 9902 10190 
474 467 gi|5 19255 20028 
476 259 gi|5 19272 19426 
478 344 gi|5 19273 19413 
1023 7489 gi|5 23091 24624 
480 384 gi|5 26347 27123 
482 295 gi|5 26425 26626 
484 511 gi|5 33894 34243 
486 272 gi|5 36560 36817 
488 417 gi|5 39117 39851 
490 257 gi|5 39387 39548 
1163 1375 gi|50 4204 4517 
1354 316 gi|50 7990 8255 
1389 282 gi|50 8665 8707 
1391 288 gi|50 8771 8827 
1356 258 gi|50 9586 9636 
1358 308 gi|50 13329 13500 
1513 252 gi|50 13602 13787 
1657 286 gi|50 13884 14225 
1383 324 gi|50 15054 15731 
1360 400 gi|50 15059 15731 
541 340 gi|50 15059 15434 
1362 250 gi|50 15063 15731 
885 333 gi|50 15066 16039 
17 284 gi|50 15066 15465 
1225 289 gi|50 15066 15403 
567 592 gi|50 15173 15979 
1161 790 gi|50 17779 18026 
867 265 gi|50 20062 20117 
137 260 gi|50 23611 23864 
935 250 gi|50 27973 28036 
445 1528 gi|50 31112 32206 
875 410 gi|50 37677 38460 
905 258 gi|50 37694 38115 
1364 342 gi|50 37848 38015 
1366 7783 gi|51 2 3709 
1368 260 gi|51 14772 14893 
1370 254 gi|51 22025 22367 
559 250 gi|51 22034 22098 
115 262 gi|51 22054 22156 
1077 265 gi|51 22063 22363 
1279 265 gi|51 25336 25376 
317 297 gi|51 25338 25370 
1525 1179 gi|51 29637 30955 
687 1364 gi|51 29996 32562 
1372 928 gi|51 31015 32674 
1521 1716 gi|51 31204 32624 
1259 254 gi|51 35867 36027 
1374 444 gi|51 36566 36882 
259 282 gi|51 36595 36706 
1269 300 gi|52 11 167 
1318 460 gi|52 11 164 
1533 383 gi|52 12 197 
1320 617 gi|52 17 165 
1213 393 gi|52 479 822 
1322 877 gi|52 2595 3496 
1324 406 gi|52 2927 3545 
1499 336 gi|52 3304 3501 
741 361 gi|52 8972 9186 
1273 1382 gi|52 10716 11723 
1326 290 gi|52 15189 15272 
921 260 gi|52 15232 15366 
213 1201 gi|52 17291 18078 
1411 259 gi|52 20629 20818 
1328 259 gi|52 24617 24934 
37 279 gi|52 29650 29692 
1330 277 gi|52 30043 30242 
1332 262 gi|52 30378 30472 
1381 1038 gi|52 32242 32745 
1334 279 gi|52 34216 34300 
1336 425 gi|52 36043 36349 
409 264 gi|53 653 820 
1548 251 gi|53 721 862 
907 609 gi|53 3436 3804 
615 264 gi|53 4453 4530 
499 318 gi|53 4464 4497 
391 327 gi|53 6409 6498 
93 310 gi|53 9347 9530 
1371 254 gi|53 9375 9690 
65 542 gi|53 9401 9699 
1445 268 gi|53 9403 9531 
1127 1593 gi|53 14270 15246 
901 273 gi|53 15995 16118 
1237 296 gi|53 19980 20390 
1705 447 gi|53 23117 23702 
1550 566 gi|53 23155 23710 
1217 335 gi|53 23193 23705 
511 286 gi|53 23194 23990 
1552 561 gi|53 23238 23811 
1554 1667 gi|53 30288 31184 
1556 887 gi|53 30290 31175 
141 259 gi|53 30311 31172 
1839 494 gi|53 30404 31162 
345 369 gi|53 30606 31154 
357 287 gi|53 30897 31177 
1558 276 gi|53 30944 31169 
1317 649 gi|53 31319 31835 
817 401 gi|53 33005 33340 
1229 297 gi|53 33929 34226 
1549 251 gi|54 20 161 
1471 297 gi|54 26 120 
1474 406 gi|54 470 2050 
1476 2754 gi|54 2193 3555 
507 698 gi|54 8456 9369 
1478 629 gi|54 8458 9348 
667 815 gi|54 8500 9373 
1059 389 gi|54 8892 9321 
761 254 gi|54 8997 9328 
1215 255 gi|54 9084 9388 
671 2069 gi|54 11121 12968 
1167 291 gi|54 11661 11910 
1493 294 gi|54 16028 16202 
1121 274 gi|54 20580 20729 
117 289 gi|54 20587 20684 
1482 1464 gi|54 21679 23171 
1480 4081 gi|54 21679 23108 
587 384 gi|54 31641 31994 
585 403 gi|54 32372 32766 
1357 258 gi|54 34717 34763 
83 260 gi|54 35639 35934 
913 262 gi|54 38592 38740 
1344 387 gi|55 1909 2061 
1346 811 gi|55 7320 8420 
951 363 gi|55 7363 8315 
361 490 gi|55 7407 8145 
555 324 gi|55 7847 8167 
1348 406 gi|55 10940 12276 
939 264 gi|55 14617 14698 
801 280 gi|55 14638 14732 
1327 290 gi|55 14645 14731 
1350 257 gi|55 26549 26699 
1465 266 gi|55 27918 28771 
823 286 gi|55 27973 28839 
193 255 gi|55 28253 28771 
1125 260 gi|55 31761 31857 
99 319 gi|55 31970 32149 
1352 276 gi|55 32406 32515 
1251 260 gi|55 35213 35296 
67 250 gi|55 35236 35292 
253 263 gi|55 35615 35724 
495 886 gi|55 37478 38061 
75 261 gi|55 38773 38931 
1431 262 gi|56 4327 4560 
771 253 gi|56 7060 7277 
1373 928 gi|56 9929 11593 
689 1300 gi|56 10016 11617 
1523 1345 gi|56 10054 11423 
1111 254 gi|56 10054 11403 
389 287 gi|56 10146 10791 
1369 260 gi|56 17015 17134 
1487 253 gi|56 17197 17416 
1748 749 gi|56 22114 22447 
1695 488 gi|56 25144 25398 
1750 366 gi|56 25169 25379 
1559 276 gi|56 25171 25393 
1235 297 gi|56 26529 26665 
1752 575 gi|56 26952 28222 
1267 804 gi|56 27074 28234 
1319 460 gi|56 28072 28225 
1754 261 gi|56 29157 29275 
1756 255 gi|56 29679 29757 
321 272 gi|56 30218 30830 
1758 250 gi|56 30307 30834 
1049 288 gi|56 32679 32959 
1760 314 gi|56 34140 37183 
1537 623 gi|56 34196 35410 
1345 387 gi|56 35854 36005 
483 295 gi|57 2516 2708 
1571 960 gi|57 7520 8904 
1105 547 gi|57 7585 8900 
1315 998 gi|57 7665 8834 
81 931 gi|57 7692 8847 
791 267 gi|57 11077 11572 
1511 286 gi|57 11826 13000 
1027 1650 gi|57 13151 15456 
711 275 gi|57 13571 13720 
1712 395 gi|57 23080 24199 
1683 1244 gi|57 24152 25898 
1399 575 gi|57 24373 25762 
1714 277 gi|57 24410 25776 
1716 2279 gi|57 27932 29481 
179 268 gi|58 18 122 
113 303 gi|58 40 201 
1699 257 gi|58 15009 15116 
1483 1464 gi|58 17960 19430 
1870 1790 gi|58 18032 19437 
1221 257 gi|58 28528 28636 
1621 412 gi|58 31060 34125 
1337 425 gi|58 31676 31979 
1283 289 gi|58 35738 36512 
1872 457 gi|58 36887 37708 
1697 293 gi|58 36947 37612 
1407 250 gi|58 36948 37723 
1841 262 gi|58 36962 37702 
1874 256 gi|58 37912 38041 
945 254 gi|58 38991 39031 
367 919 gi|58 39259 39948 
1600 12747 gi|59 1999 3393 
1869 12738 gi|59 1999 3376 
451 12738 gi|59 1999 3376 
1602 250 gi|59 3584 3669 
1604 257 gi|59 3588 3648 
1851 261 gi|59 3591 3630 
1606 284 gi|59 3595 3630 
1393 262 gi|59 3597 3630 
1573 250 gi|59 7801 7865 
1443 386 gi|59 8377 9568 
1069 340 gi|59 8380 8684 
1469 258 gi|59 8388 8780 
377 288 gi|59 8499 8715 
91 293 gi|59 8523 8729 
1585 320 gi|59 8545 8709 
1608 4140 gi|59 9200 11420 
1610 309 gi|59 12158 12351 
371 304 gi|59 13274 13395 
1265 932 gi|59 19324 20450 
1321 617 gi|59 19364 19509 
1753 575 gi|59 19365 20673 
1531 893 gi|59 19374 20676 
1612 275 gi|59 20126 20220 
1403 297 gi|59 20714 21259 
721 487 gi|59 20730 21282 
305 298 gi|59 28576 28778 
437 658 gi|59 30794 33005 
897 1336 gi|59 31571 33597 
1241 1127 gi|59 31608 32918 
5 815 gi|59 31979 33562 
1239 409 gi|59 33102 33538 
1351 257 gi|59 33430 33589 
665 818 gi|59 38017 39345 
927 802 gi|59 38215 39295 
254 743 gi|6 4413 5546 
256 303 gi|6 10648 10851 
258 282 gi|6 11278 11386 
260 297 gi|6 12110 12448 
262 341 gi|6 16930 17014 
264 1479 gi|6 17395 18239 
359 429 gi|6 27907 28439 
266 304 gi|6 28018 28327 
268 312 gi|6 28071 28466 
270 255 gi|6 28904 29299 
272 316 gi|6 28935 29458 
274 276 gi|6 28974 29365 
276 675 gi|6 30005 31921 
278 573 gi|6 30929 31926 
280 254 gi|6 30932 31751 
282 981 gi|6 30956 31844 
284 1560 gi|6 30969 32200 
286 1893 gi|6 30996 32192 
288 255 gi|6 31004 31845 
290 729 gi|6 31019 32100 
292 432 gi|6 31039 32200 
294 288 gi|6 32129 32200 
413 250 gi|60 9918 10010 
807 276 gi|60 17429 17684 
1762 5255 gi|60 24642 30790 
1377 392 gi|60 30426 30690 
1764 1398 gi|60 31066 32881 
1295 838 gi|60 31072 32880 
1766 747 gi|60 31122 33038 
1768 1532 gi|60 31164 32820 
1770 1143 gi|60 31184 32928 
1772 255 gi|60 32599 32704 
1774 1526 gi|60 35265 36905 
1776 1195 gi|60 35289 36875 
1301 982 gi|60 35380 36875 
1778 904 gi|60 35386 36793 
1780 1769 gi|60 35411 36910 
1083 281 gi|60 37404 37493 
629 320 gi|61 2959 3280 
1227 295 gi|61 2962 3314 
161 274 gi|61 3034 3195 
1594 9241 gi|61 10684 12687 
1596 5407 gi|61 10688 13674 
1297 8221 gi|61 10732 12765 
1765 1398 gi|61 10739 12578 
1598 827 gi|61 10840 12664 
1775 1526 gi|61 11089 12697 
363 255 gi|61 11310 11405 
325 270 gi|61 15835 15935 
245 256 gi|61 18086 18158 
351 312 gi|61 39094 39259 
407 275 gi|61 39119 39295 
1099 277 gi|62 3216 3798 
1708 305 gi|62 3217 3793 
919 696 gi|62 3230 4177 
733 1595 gi|62 3231 4140 
147 582 gi|62 3257 4114 
1710 318 gi|62 3265 4093 
1333 262 gi|62 6064 6155 
1653 412 gi|62 7164 10991 
1397 277 gi|62 7321 10232 
1689 691 gi|62 7345 8734 
1715 277 gi|62 7375 8736 
1043 294 gi|62 11220 11716 
1701 402 gi|62 12014 12563 
811 263 gi|62 15710 15839 
443 454 gi|62 27283 27968 
763 300 gi|62 29449 32307 
1341 2071 gi|62 34686 36031 
1773 255 gi|62 38810 38906 
1349 406 gi|63 33 1390 
809 555 gi|63 190 869 
1609 4140 gi|63 3105 5395 
1611 309 gi|63 4899 5095 
785 260 gi|63 12559 12689 
1763 5255 gi|63 17331 23207 
1379 315 gi|63 22858 23201 
1599 827 gi|63 24214 25990 
1814 1239 gi|63 24294 25980 
1781 1769 gi|63 24301 25731 
1816 281 gi|63 24312 25620 
1291 286 gi|63 24387 26668 
1769 1532 gi|63 24395 25958 
857 263 gi|63 28704 28795 
1489 2143 gi|63 29967 32684 
605 251 gi|63 38220 38400 
1343 264 gi|63 39780 39939 
855 670 gi|64 4985 5181 
1614 286 gi|64 8532 8850 
1875 256 gi|64 17500 17629 
893 334 gi|64 19604 19876 
369 300 gi|64 23129 23625 
503 258 gi|64 29411 29542 
277 675 gi|64 31408 33289 
743 332 gi|64 32214 33264 
1539 1631 gi|64 32263 33289 
1616 825 gi|64 32316 33289 
1618 584 gi|64 32346 33289 
1507 565 gi|64 32354 33272 
1159 770 gi|64 32367 32782 
1323 877 gi|65 1784 2691 
1501 306 gi|65 1795 1973 
349 287 gi|65 1814 2011 
739 291 gi|65 1825 2032 
251 251 gi|65 11828 12122 
1634 264 gi|65 14040 14174 
1481 4081 gi|65 15115 16535 
1871 1790 gi|65 15122 16542 
1233 876 gi|65 35604 38176 
215 447 gi|65 36188 37028 
1133 880 gi|65 36813 38217 
1636 366 gi|65 39309 39499 
1638 657 gi|65 39422 39984 
157 1162 gi|65 39501 39992 
1831 282 gi|66 1 1525 
1825 263 gi|66 1 1310 
715 251 gi|66 1280 1379 
1583 303 gi|66 11185 11684 
195 260 gi|66 11305 11761 
1401 878 gi|66 13865 14561 
385 449 gi|66 14842 15577 
647 749 gi|66 14856 15540 
309 251 gi|66 20962 21065 
861 717 gi|66 21385 22023 
749 1509 gi|66 22987 23996 
1153 405 gi|66 23046 23996 
1447 474 gi|66 23078 24328 
1505 766 gi|66 23079 24002 
1782 1412 gi|66 23244 25297 
759 276 gi|66 24299 24348 
1847 309 gi|66 25111 25469 
1784 458 gi|66 25231 25493 
1786 416 gi|66 25300 25547 
1788 519 gi|66 25301 25541 
1790 299 gi|66 25303 25496 
457 272 gi|66 25324 25374 
1605 257 gi|66 25329 25403 
1792 466 gi|66 25334 25489 
1794 291 gi|66 25334 25385 
1796 780 gi|66 25339 25568 
1798 473 gi|66 25340 25449 
1627 260 gi|66 25341 25382 
1800 323 gi|66 25342 25422 
843 256 gi|66 25368 25425 
1577 250 gi|66 25387 25425 
1802 347 gi|66 25396 25609 
1804 275 gi|66 25430 25562 
1855 268 gi|66 25435 25540 
1603 250 gi|66 25446 25525 
1806 464 gi|66 25449 25577 
1853 488 gi|66 25453 25581 
1623 283 gi|66 25456 25501 
1810 674 gi|66 25457 25542 
1808 285 gi|66 25457 25540 
1812 341 gi|66 25457 25539 
1355 316 gi|66 26819 27084 
1829 583 gi|66 27701 29790 
1375 444 gi|66 27843 28161 
675 271 gi|66 30972 31213 
1635 264 gi|66 33377 33529 
985 255 gi|67 127 164 
975 802 gi|67 129 362 
1417 1815 gi|67 129 355 
1005 250 gi|67 129 226 
1015 1206 gi|67 168 356 
983 1269 gi|67 177 359 
1007 264 gi|67 318 353 
997 283 gi|67 318 353 
1419 283 gi|67 319 353 
1011 288 gi|67 805 869 
1421 355 gi|67 805 864 
987 277 gi|67 805 858 
973 250 gi|67 809 884 
1413 258 gi|67 824 861 
977 562 gi|67 1398 1610 
1423 254 gi|67 1399 1445 
1003 320 gi|67 1404 1505 
1415 1456 gi|67 1405 1617 
995 289 gi|67 1405 1505 
1019 283 gi|67 1409 1443 
991 293 gi|67 1409 1443 
1013 827 gi|67 1447 1612 
981 843 gi|67 1461 1654 
1009 257 gi|67 1572 1643 
999 274 gi|67 1572 1607 
971 9818 gi|67 2810 5724 
1025 253 gi|67 4297 4417 
969 9236 gi|67 7243 8385 
967 27122 gi|67 17087 20569 
529 250 gi|67 20867 20922 
1335 279 gi|67 21002 21083 
1395 3251 gi|67 22792 26835 
1687 316 gi|67 25343 26822 
1655 1189 gi|67 25345 26885 
1761 314 gi|67 28132 31149 
1738 345 gi|67 29117 30018 
1535 2905 gi|67 29785 31154 
1783 1412 gi|67 30792 32817 
1149 251 gi|67 35261 35336 
1740 604 gi|67 36906 39819 
537 344 gi|67 37734 39481 
881 270 gi|67 37742 39677 
603 302 gi|67 37870 38046 
1429 308 gi|67 37895 38055 
1807 464 gi|67 39755 39884 
1865 271 gi|67 39756 39847 
1742 252 gi|67 39761 39847 
1809 285 gi|67 39761 39847 
1799 473 gi|67 39762 39867 
1744 331 gi|67 39764 39847 
1746 313 gi|67 39786 39848 
851 282 gi|67 39790 39847 
1767 747 gi|68 1990 3876 
1560 646 gi|68 2010 3961 
1597 5407 gi|68 2042 4995 
1293 320 gi|68 2044 3944 
1779 904 gi|68 2541 3944 
1817 281 gi|68 2558 3917 
419 279 gi|68 6759 6876 
1089 252 gi|68 10785 10878 
1095 346 gi|68 12307 13049 
545 274 gi|68 12964 13112 
497 270 gi|68 13047 13095 
1562 294 gi|68 13059 13128 
1119 3864 gi|68 13141 14377 
1564 254 gi|68 19568 19654 
641 252 gi|68 21593 21727 
1347 811 gi|68 33236 34338 
269 312 gi|68 33527 33925 
1717 2279 gi|68 35901 37433 
1123 267 gi|68 36841 36880 
1491 260 gi|68 38231 38401 
929 262 gi|69 1244 1425 
1662 6824 gi|69 2845 7081 
1664 5160 gi|69 3799 8274 
657 521 gi|69 4213 7020 
1515 426 gi|69 4455 5659 
1666 367 gi|69 7141 7588 
535 556 gi|69 7166 9004 
1668 1749 gi|69 7172 9259 
879 2231 gi|69 7188 9197 
635 342 gi|69 7267 7483 
835 260 gi|69 16564 16892 
311 268 gi|69 18023 18086 
863 254 gi|69 23993 24120 
1670 250 gi|69 25717 25957 
1365 342 gi|69 25803 25976 
1427 801 gi|69 27380 29277 
1331 277 gi|69 30957 31158 
1353 276 gi|69 34295 34398 
319 393 gi|69 38205 39258 
1437 394 gi|69 38219 38965 
1672 295 gi|69 38234 38890 
275 276 gi|69 38237 38613 
51 262 gi|69 38968 39010 
0 256 gi|7 345 534 
2 261 gi|7 1983 2508 
4 815 gi|7 13355 14940 
6 255 gi|7 13422 13805 
8 495 gi|7 13441 15593 
10 337 gi|7 14130 15727 
12 284 gi|7 14224 14767 
14 667 gi|7 14286 15725 
16 284 gi|7 15971 16368 
18 385 gi|7 16098 16579 
20 337 gi|7 16100 16353 
22 803 gi|7 20734 21582 
24 2002 gi|7 26303 27193 
1575 807 gi|70 4 663 
1045 528 gi|70 84 776 
1673 295 gi|70 1748 2371 
31 269 gi|70 1752 2498 
1759 250 gi|70 1755 2288 
1277 282 gi|70 5890 6759 
1615 286 gi|70 6747 7098 
1569 272 gi|70 21360 21524 
1633 263 gi|70 25175 25243 
795 399 gi|70 25826 26185 
1718 1236 gi|70 29791 30766 
1691 639 gi|70 29833 30710 
1709 305 gi|70 29852 30424 
1557 887 gi|70 29858 30753 
315 358 gi|70 29865 30647 
1720 409 gi|70 32709 32879 
1722 259 gi|70 32709 32767 
1795 291 gi|70 32726 32773 
455 274 gi|70 32729 32774 
1724 338 gi|70 32730 32849 
1793 466 gi|70 32734 32885 
1607 284 gi|70 32734 32769 
1859 286 gi|70 32734 32768 
1726 390 gi|70 32752 32991 
1791 299 gi|70 32771 32968 
1787 416 gi|70 32806 33029 
845 328 gi|70 32816 32866 
1728 290 gi|70 32873 32961 
1730 259 gi|70 32927 32960 
847 310 gi|70 32928 32978 
1749 749 gi|70 33036 33368 
1541 670 gi|70 34938 35957 
1617 825 gi|70 34963 35957 
1732 1190 gi|70 34979 36253 
287 1893 gi|70 35018 36234 
1503 344 gi|70 35040 35962 
1209 570 gi|70 35073 36282 
1485 271 gi|70 37106 37204 
1143 533 gi|71 8002 8513 
1051 660 gi|71 8032 8567 
1707 502 gi|71 8034 8594 
1219 303 gi|71 8047 8570 
1553 561 gi|71 8052 8613 
1734 385 gi|71 8052 8505 
1477 2754 gi|71 12380 13742 
1475 406 gi|71 13986 15542 
1819 11484 gi|71 15914 17250 
1463 838 gi|71 17434 18465 
1736 1048 gi|71 17511 18415 
173 1111 gi|71 17589 18455 
1067 490 gi|71 17760 18470 
1309 319 gi|71 17773 19293 
837 291 gi|71 18062 18445 
101 332 gi|71 18261 18414 
1613 275 gi|71 18636 18738 
563 845 gi|71 22177 24191 
1243 302 gi|71 22274 22579 
877 513 gi|71 23534 24308 
961 636 gi|71 23570 24319 
1565 254 gi|71 23759 23851 
623 328 gi|71 23946 24184 
89 514 gi|71 27748 28219 
869 609 gi|71 34512 35280 
1667 367 gi|71 34537 34994 
539 368 gi|71 34585 35243 
1385 315 gi|71 34600 35253 
19 385 gi|71 34715 35183 
571 482 gi|71 34725 35139 
659 301 gi|72 251 373 
873 1921 gi|72 3808 5832 
1669 1749 gi|72 3810 5915 
1361 400 gi|72 3820 4471 
621 281 gi|72 3875 4146 
1640 280 gi|72 3952 5816 
661 309 gi|72 6326 8300 
1665 5160 gi|72 6600 11086 
1495 577 gi|72 6646 10888 
517 776 gi|72 10849 14691 
1663 6824 gi|72 10887 15208 
909 261 gi|72 18835 19413 
155 1305 gi|72 20463 21527 
1639 657 gi|72 21039 21601 
335 417 gi|72 21926 22805 
1719 1236 gi|72 21928 22886 
1555 1667 gi|72 21937 22835 
1693 512 gi|72 21983 22844 
1751 366 gi|72 22596 22806 
1625 263 gi|72 23963 24028 
1642 255 gi|72 23970 24127 
1646 283 gi|72 23976 24068 
1644 319 gi|72 23976 24064 
1811 674 gi|72 23984 24069 
1743 252 gi|72 23984 24067 
1857 300 gi|72 23984 24067 
1863 416 gi|72 23984 24067 
1648 350 gi|72 23984 24065 
1745 331 gi|72 23984 24064 
1650 251 gi|72 24200 24460 
931 279 gi|72 34275 34402 
1325 406 gi|72 37973 38587 
1033 351 gi|72 37998 38889 
1837 344 gi|72 38010 38774 
1579 280 gi|72 38018 38873 
1873 457 gi|72 38029 38844 
1097 477 gi|72 38034 38850 
1435 427 gi|72 38035 38871 
1711 318 gi|72 38046 38859 
737 346 gi|72 38059 38641 
1785 458 gi|73 1233 1516 
1789 519 gi|73 1249 1474 
1645 319 gi|73 1249 1339 
1797 780 gi|73 1252 1463 
1676 258 gi|73 1254 1339 
1727 390 gi|73 1255 1499 
1721 409 gi|73 1255 1426 
1801 323 gi|73 1255 1339 
1723 259 gi|73 1255 1325 
1803 347 gi|73 1278 1505 
1849 433 gi|73 1283 1475 
1647 283 gi|73 1352 1447 
1678 250 gi|73 1355 1441 
1649 350 gi|73 1356 1441 
1741 604 gi|73 3243 6181 
871 722 gi|73 4056 6052 
1363 250 gi|73 4077 4712 
1671 250 gi|73 4142 4379 
1641 280 gi|73 4205 6051 
725 252 gi|73 8405 8494 
627 276 gi|73 10024 10335 
543 503 gi|73 10028 10331 
677 257 gi|73 11801 12139 
1725 338 gi|73 12245 12367 
1729 290 gi|73 12268 12367 
1747 313 gi|73 12333 12390 
849 288 gi|73 12334 12395 
765 252 gi|73 14347 14474 
1731 259 gi|73 15516 15549 
447 12575 gi|73 22272 24186 
1601 12747 gi|73 22521 23916 
1867 12738 gi|73 22521 23898 
645 329 gi|73 30116 31454 
1527 844 gi|73 30124 31573 
703 598 gi|73 30190 31455 
1113 450 gi|73 30360 31516 
1680 1253 gi|73 30388 31446 
1181 2481 gi|74 2073 5015 
1183 1389 gi|74 3634 4825 
1117 720 gi|74 4639 5572 
1187 600 gi|74 4660 5435 
1055 251 gi|74 5688 6671 
1551 566 gi|74 6096 6660 
219 387 gi|74 6126 6680 
1674 298 gi|74 6170 6553 
1735 385 gi|74 6191 6647 
1147 324 gi|74 6261 6662 
1157 340 gi|74 7251 8160 
1205 767 gi|74 7314 8648 
1619 584 gi|74 7319 8372 
1733 1190 gi|74 7324 8678 
285 1560 gi|74 7331 8668 
1509 690 gi|74 7374 8282 
757 456 gi|74 7374 8243 
1547 368 gi|74 7374 8145 
1151 345 gi|74 8568 8734 
1177 303 gi|74 11260 12822 
1457 455 gi|74 11954 12797 
1387 258 gi|74 12194 12325 
777 1411 gi|74 13038 14246 
779 740 gi|74 15671 16863 
1529 3442 gi|74 16956 18305 
699 1053 gi|74 16984 18315 
1115 1465 gi|74 17002 17968 
1681 1253 gi|74 17050 18093 
649 623 gi|74 17061 18306 
387 379 gi|74 17635 17955 
123 515 gi|74 18436 19397 
1175 2919 gi|74 18461 19561 
1459 267 gi|74 18464 18987 
1173 2926 gi|74 19887 21057 
129 449 gi|74 20035 20893 
821 284 gi|74 21148 21646 
1441 486 gi|74 21173 21817 
1461 1685 gi|74 21209 23128 
97 1207 gi|74 21219 23113 
1737 1048 gi|74 21224 22110 
1307 435 gi|74 21228 21992 
1071 390 gi|74 21236 22050 
187 1247 gi|74 21236 21967 
1339 469 gi|74 21252 21812 
57 361 gi|74 21271 21795 
429 255 gi|74 21558 21659 
1201 259 gi|74 21572 21750 
207 459 gi|74 22547 24096 
121 360 gi|74 23301 24013 
1643 255 gi|74 24146 24302 
1805 275 gi|74 24188 24304 
1813 341 gi|74 24207 24287 
1679 250 gi|74 24208 24288 
1677 258 gi|74 24209 24288 
1329 259 gi|74 31592 31942 
1567 281 gi|74 35944 36054 
1739 345 gi|74 38176 39098 
1595 9241 gi|75 6628 8660 
1561 646 gi|75 6639 8580 
1771 1143 gi|75 6654 8442 
1299 7924 gi|75 6704 8854 
1815 1239 gi|75 6805 8541 
1777 1195 gi|75 7061 8652 
1563 294 gi|75 15435 15500 
799 251 gi|75 15447 15497 
489 417 gi|75 17446 18165 
1713 395 gi|75 20971 22091 
1405 1228 gi|75 22071 25065 
1591 2601 gi|75 30739 32367 
1757 255 gi|75 32000 32090 
501 422 gi|75 33164 35758 
1703 667 gi|75 33399 34401 
1675 298 gi|75 33579 33959 
1479 629 gi|75 33580 34467 
221 1861 gi|75 33593 34927 
1061 481 gi|75 33607 33900 
1497 292 gi|75 34095 34182 
891 348 gi|75 34127 34445 
937 265 gi|75 35969 36052 
1359 308 gi|75 36310 36457 
61 267 gi|75 36866 37336 
69 253 gi|75 37886 37994 
1637 366 gi|76 6 192 
815 1969 gi|76 15184 15970 
911 272 gi|76 19381 19624 
39 266 gi|76 19959 20104 
41 252 gi|76 20067 20114 
1367 7783 gi|76 27522 31274 
1755 261 gi|76 28430 28549 
1651 251 gi|76 35800 36057 
729 5088 gi|76 36174 39854 
521 336 gi|76 37823 38243 
26 1011 gi|8 3577 4813 
28 265 gi|8 5024 5177 
32 256 gi|8 5395 6109 
30 269 gi|8 5395 6105 
34 417 gi|8 5447 6115 
273 316 gi|8 5649 6134 
36 279 gi|8 9631 9672 
38 266 gi|8 16161 16314 
40 252 gi|8 16161 16204 
42 290 gi|8 19878 20389 
44 312 gi|8 20240 20417 
48 255 gi|8 23712 23759 
46 273 gi|8 23712 23757 
50 262 gi|8 23715 23756 
52 514 gi|8 25032 25672 
54 298 gi|8 25118 25675 
56 361 gi|8 25139 25672 
58 358 gi|8 25180 25770 
60 267 gi|8 25261 25717 
62 263 gi|8 25270 25785 
64 542 gi|8 25377 25681 
373 256 gi|8 25380 25765 
1255 378 gi|8 25471 25676 
66 250 gi|8 25628 25681 
68 253 gi|8 29198 29300 
70 265 gi|8 32694 32764 
72 287 gi|8 33235 33328 
74 261 gi|8 34948 35113 
76 1905 gi|8 37712 39137 
78 757 gi|8 37830 39128 
80 931 gi|8 37930 39103 
82 260 gi|8 37967 38238 
84 815 gi|8 38034 39126 
86 1644 gi|8 38074 39132 
88 514 gi|8 39511 39994 
1124 260 gi|9 1216 1306 
1126 1593 gi|9 1981 2949 
1128 1053 gi|9 12765 14248 
1130 298 gi|9 16094 18070 
1132 880 gi|9 20282 21707 
1134 1845 gi|9 20330 21794 
1136 504 gi|9 27794 29711 
1138 259 gi|9 36836 37139 
1140 250 gi|9 36955 37136 
1142 533 gi|9 37163 37676 
1144 333 gi|9 37211 37673 
1146 324 gi|9 37285 37693 
